0 12.9076013143756
1 13.354936043259508
2 14.964826204418447
3 13.512731519061566
4 14.215998000501765
5 14.028299776467517
6 16.366037483266602
7 15.691696403470084
8 14.52677761865288
9 15.903218872295838
10 14.043028962413766
11 15.106262547308969
12 14.882992506716953
13 14.597870991559638
14 13.230768155149486
15 13.36385954573788
16 13.378204618558525
17 11.947551128145479
18 11.19041501139832
19 11.095650179486562
20 12.680548775713318
21 11.776456809586266
22 11.448907310885732
23 11.584288682277842
24 11.630279486864577
25 10.191359854129118
26 9.664596530352835
27 8.55365570093345
28 11.88012398733039
29 11.573408376947047
30 11.839952619787061
31 12.111361390399928
32 12.294983975359328
33 14.603463678256379
34 13.645006397074805
35 15.661214282363767
36 14.175281000484265
37 13.81935444746274
38 13.026871895300975
39 16.426939228585432
40 18.039010775118214
41 16.061001736457413
42 15.156610194960203
43 15.200870851500843
44 15.61508101339477
45 15.477379028924535
46 14.034220092722014
47 14.953872299735416
48 11.32913026228436
49 13.65690193055771
50 13.416018439521293
51 16.758867564167574
52 16.281391989834233
53 13.604532568435843
54 15.490959501619638
55 16.020637606121436
56 15.2826525286681
57 15.592544785492787
58 15.789366448008423
59 15.279463014154784
60 15.243827187957626
61 13.370264915856827
62 19.394380157140578
63 18.57300741995093
64 17.102549358000704
65 20.168822796068543
66 20.180511945090746
67 20.680631981492212
68 21.667577158119155
69 20.345368381698933
70 18.22900154546105
71 16.06884656091369
72 15.99691499492849
73 16.56853300473929
74 16.903844974507077
75 17.079560402067976
76 14.566147756739749
77 14.292767613893432
78 15.259898579491585
79 17.475956350265395
80 15.403808683946874
81 13.329598912122812
82 14.769620709067443
83 17.31601402023504
84 21.430525116097133
85 21.579841824048373
86 21.015720978045536
87 19.106422469025944
88 27.502055596997305
89 27.442503914170803
90 28.714850211557266
91 28.085929703673703
92 29.404895169614342
93 26.660223974394615
94 19.64265646391659
95 19.598032856495685
96 20.76086854839739
97 22.237797639149292
98 21.381308593286025
99 24.837021288946488
100 29.521235753068403
101 28.00170289269434
102 28.668239374857617
103 25.17900787628425
104 27.74765699860545
105 29.375613597420394
106 27.893651448889702
107 30.459984178488725
108 29.318394011474506
109 28.69643322301707
110 30.48196270085763
111 32.11044910197332
112 29.729740006866184
113 29.760716504670228
114 32.80757525404322
115 29.10893060632165
116 26.59337258500734
117 29.867055264809725
118 30.848121120315476
119 32.83834948691395
120 28.753624595171196
121 32.78442154486911
122 30.82721135657307
123 28.657633932270837
124 28.59669287257799
125 29.776791194364204
126 33.678403496590896
127 33.0054509734618
128 34.16065961160672
129 32.92303934118604
130 32.783551715575506
131 32.65889230224501
132 31.434127340446917
133 29.871372189191554
134 31.376402663012062
135 34.08894233759248
136 30.038914293124872
137 30.52327029744628
138 29.072102165854314
139 28.97105560686798
140 29.075363401441354
141 28.349220835963877
142 30.169687961107986
143 32.39567037619168
144 29.93183741442075
145 30.071279003306632
146 30.21114826833404
147 28.19779325910397
148 29.195901952509114
149 34.69117564869448
150 31.216312488335728
151 31.11470499844052
152 30.837961845468868
153 30.756934875400457
154 31.521837870425067
155 29.73461492058502
156 31.43730791973513
157 26.451034079854786
158 30.342608870845456
159 29.25672944395357
160 32.25719090965906
161 29.086292958897047
162 30.94234206053373
163 30.092890574396545
164 29.260452917601636
165 29.139726972502775
166 31.066197857491726
167 29.120316656016602
168 28.830445663942697
169 26.85005827457076
170 25.784374449689203
171 23.510081266840256
172 24.889046284927254
173 24.689421613656883
174 25.5023641218405
175 24.454654253665232
176 26.239238711511977
177 22.793687531542172
178 25.833123312475735
179 26.009735711529984
180 24.02821806889998
181 24.72667896893377
182 24.098937201721863
183 23.56700984092507
184 23.526648175387777
185 21.24372585599544
186 21.8440124518366
187 20.576211528967132
188 23.79418235831897
189 24.72383585743232
190 24.507480986830085
191 21.48589930050669
192 21.599953021788902
193 23.79620747775481
194 22.845059007060566
195 22.3789161108763
196 22.626221456185608
197 23.519506837620142
198 24.284457285145788
199 25.935248057931123
200 23.319001224655022
201 24.444750521172935
202 25.221752626668856
203 23.729177256410534
204 25.151633171434376
205 27.539833211572027
206 26.96744417041098
207 26.16962655225638
208 25.03698917181487
209 25.89869632338427
210 23.62558911524534
211 26.386489699200965
212 24.73927037225751
213 23.82099564337228
214 24.72506391542516
215 24.82933266238747
216 26.651262406840566
217 28.91896752579596
218 24.641979197824174
219 25.770323923684604
220 26.063092475120666
221 26.956830910198104
222 27.078732199495718
223 26.478400437473113
224 25.97051718382764
225 26.457232143300356
226 23.269267537452773
227 23.07530224741614
228 24.381078024154245
229 26.721828481498708
230 26.829028536449695
231 27.011417648446717
232 28.496678753936312
233 27.849801107190913
234 28.81767317999423
235 28.795326474962646
236 26.889655118689667
237 29.269844574348625
238 28.127726303530093
239 26.578996339644167
240 26.30827474517457
241 24.842516259568985
242 25.024731975039906
243 26.743588530067846
244 27.920467275830003
245 27.896456171445983
246 24.39003885356794
247 22.551571668085646
248 22.713842056231147
249 25.136122032222566
250 26.368467429285445
251 26.13633876601378
252 25.998602101243556
253 23.90301738147817
254 24.548570590380987
255 23.009431795641344
256 23.387805533779893
257 21.907689614462317
258 24.356266751734477
259 27.432185341645607
260 28.256508139593205
261 28.73395244988529
262 26.57606240830646
263 26.704749037354446
264 26.871432637979318
265 25.761769409255677
266 24.780875954639594
267 27.071222388560464
268 23.83431445637817
269 25.497048377012675
270 25.25616218758102
271 26.174486988487477
272 27.031273395754265
273 25.590692566618436
274 24.097269852850445
275 24.742209673324272
276 24.56678135048943
277 25.91664056754673
278 26.51255132658456
279 27.274002836667265
280 26.098239737768143
281 26.429372379469914
282 28.09061331010469
283 25.134179346185878
284 25.572918287737743
285 23.999946665209116
286 24.68792648724334
287 22.98379387313602
288 22.009725330405807
289 22.318468042575113
290 22.917403604665914
291 22.54037555787677
292 24.311509907992185
293 26.521423277835062
294 25.390529890747295
295 23.402829090227485
296 23.006893723744277
297 24.684476840176963
298 24.697248167639795
299 25.31790172308397
300 28.748446534335752
301 22.84794585405474
302 23.947650467980097
303 28.49431941113574
304 28.849906757749416
305 30.410902353108778
306 27.63671752862552
307 25.92049143411958
308 28.092254570748093
309 27.53239225103068
310 27.27344147420506
311 27.62490001120343
312 25.083192921974288
313 25.704493979048973
314 24.848738280437036
315 22.925168044435
316 23.223315384030375
317 26.35195937530239
318 25.943638045909452
319 27.993854136238518
320 26.745492242911197
321 26.529899338403276
322 25.710315435346896
323 26.08989802519821
324 23.564456071085555
325 22.31583695627709
326 22.67529234539501
327 26.66464937340021
328 26.08972037340257
329 25.805772774503865
330 26.498208611496857
331 27.040004946478536
332 24.2217098984309
333 24.197328855045168
334 24.230666756444236
335 24.3372354952729
336 29.30336948117588
337 29.46150287703781
338 25.78769124037452
339 30.308335378454082
340 27.58289525683203
341 25.003722846372035
342 29.272337350454926
343 27.690700537565743
344 28.41975473708364
345 26.41954570125497
346 27.830176618421234
347 27.655697921796538
348 28.385351602943967
349 26.060233826057168
350 27.0949443308069
351 28.11046913254332
352 27.831553188236057
353 28.38583839326309
354 27.411902695042297
355 27.901663862722646
356 29.80614560507208
357 28.75648666033034
358 29.875076607911673
359 28.910446879413744
360 26.499912392919715
361 28.03066762860222
362 25.65622246795892
363 26.91079486784152
364 28.639504384579244
365 27.2681751724336
366 26.812025230074514
367 29.633342699023526
368 29.131772573890643
369 28.048580383079404
370 25.04444393612144
371 27.42243218433279
372 25.757575040079953
373 26.283781518604982
374 29.122962040243117
375 28.02222738074441
376 27.864454395331315
377 28.469615903032924
378 26.701283101060188
379 24.651607814430722
380 26.70211724946894
381 26.24925361134339
382 26.7335739639872
383 24.5762604228438
384 24.15391952663824
385 23.908399182468777
386 24.585281599210454
387 24.73872401703997
388 22.276647559124044
389 24.08930617898174
390 23.218454277306844
391 23.57979119235987
392 23.33229707747552
393 23.859695084195174
394 23.847509677525142
395 23.0116558590153
396 23.52875545549261
397 24.23367966855925
398 23.29778236156541
399 26.01391090896374
400 26.05385956195914
401 27.596768810974215
402 27.547447838418517
403 26.611851679874317
404 25.3519963364125
405 26.67042083720075
406 26.523470137531273
407 27.522836640719508
408 26.462580832324274
409 26.31845683497089
410 26.409820954852023
411 26.83655546211418
412 26.173455944427875
413 26.531395478912604
414 27.20817440084322
415 25.45914406693726
416 25.348150734358637
417 26.50750638328343
418 27.61308639606273
419 24.91223020069479
420 28.638915878386648
421 28.05283902404261
422 29.00669411826731
423 27.531705975708302
424 27.534851327191557
425 28.858583019031585
426 29.36679308149206
427 24.685221208222234
428 27.912995497163486
429 25.76860816100687
430 25.97506459754586
431 28.361900246746735
432 26.292636655377066
433 26.419202588224618
434 26.234534084750255
435 23.923312643504687
436 23.959893644191933
437 25.84631122534833
438 25.238377018993912
439 24.671691007251617
440 25.701717057009432
441 29.643954227047775
442 29.103922916688088
443 27.092709117165988
444 25.57841625611355
445 27.615793051264056
446 26.95090733953227
447 25.737609028165302
448 27.214060942436177
449 25.130855562014077
450 24.502200834874536
451 22.92754689182567
452 26.180966844655366
453 25.876830942698867
454 27.71935032228286
455 26.850392260817802
456 27.599397797442982
457 26.08915290682705
458 29.24877822466949
459 27.43965049358362
460 25.825548707171148
461 27.962812021921298
462 27.131660295759577
463 27.662255118418564
464 26.36287963537375
465 27.907214424983728
466 28.19363747265338
467 25.628881034158173
468 25.929441419949946
469 23.77093459331382
470 27.759287264462024
471 27.08418468693849
472 25.416617926836835
473 26.069567023068792
474 26.580392916629975
475 23.96962458235965
476 26.78698558440086
477 27.11584858201833
478 28.091782707024556
479 27.975989751037492
480 28.005498202126184
481 28.670393262659985
482 29.02127106804533
483 28.76206910889739
484 30.24886832942631
485 26.951411186758293
486 27.35217969757358
487 27.234526723848216
488 26.493868452664046
489 25.363961346173966
490 24.780890465174775
491 26.432049239240524
492 24.843870092048583
493 30.147580350032428
494 28.62793558212309
495 35.90371321009445
496 31.65336358265985
497 29.428022063006026
498 28.086909753148074
499 30.62834192291226
500 28.327342113049255
501 29.33744168544075
502 27.99627227841562
503 29.955662722222645
504 28.84687861226552
505 26.510017018625277
506 27.092300386550004
507 30.446731544546953
508 26.374634847522323
509 28.769664196405532
510 27.293802625203988
511 29.213156787732878
512 28.257147763001452
513 28.69035585423326
514 32.073560129680985
515 27.961593147109554
516 27.23447547446541
517 29.5596655148008
518 29.516519036965196
519 27.484003653882517
520 30.86862221614667
521 29.251478819401875
522 28.01060390511051
523 26.961336886654014
524 26.966616199140827
525 29.225080752689582
526 26.420217677217096
527 28.447024364338237
528 24.745792596091576
529 25.451411126259437
530 28.3278156902345
531 26.777149664421156
532 26.79809305543974
533 24.168625450195957
534 26.424223282460765
535 26.948182687904932
536 27.714804111115797
537 26.216435996529
538 25.561670411010788
539 27.49457511436925
540 26.40758816803878
541 27.496038508729185
542 24.808880519182598
543 25.543698908596276
544 28.270737262535985
545 27.946652493103166
546 27.95675639062319
547 24.36663764126296
548 24.18892384497912
549 26.30092145723002
550 24.22395884041288
551 27.860800226391074
552 27.60814328673399
553 26.639871456034946
554 26.543476256941226
555 27.137376284270573
556 25.031539560865134
557 25.19367525484158
558 28.018932647344062
559 26.653864047266747
560 27.331153186655744
561 26.318230449575342
562 28.51705040323939
563 28.828741262700465
564 31.395051473460523
565 25.323490461160016
566 30.088697545987063
567 28.388665287605495
568 27.692039577210895
569 26.931221617809772
570 28.776273649307907
571 25.78696678873692
572 25.57416666712659
573 25.591735137015803
574 27.95064030698705
575 29.237903597840813
576 29.199762681279264
577 26.679259955764763
578 26.407526894454396
579 30.20443063547762
580 30.710440113538063
581 29.076984174363254
582 29.12524467005516
583 31.650913389270276
584 30.25814614960155
585 29.04094192488304
586 29.7378867527724
587 30.266819737824335
588 32.148968098649846
589 29.197002267495694
590 32.23060121196751
591 33.86225098400489
592 30.555694887542767
593 32.307024069183704
594 31.251569659080452
595 27.852481108398397
596 28.25497623623152
597 31.475154533233113
598 31.336712555743652
599 30.51496100966691
600 31.016475226774897
601 29.21434703711905
602 28.747901519666566
603 27.9415511420001
604 29.16291675784809
605 27.939876023088566
606 28.334479948842336
607 28.895377855607965
608 29.278391024338926
609 30.05670234368526
610 29.544028775161344
611 28.351151637674054
612 29.875217496076427
613 29.179176925511204
614 28.297876138248213
615 28.985179964795186
616 30.23233732936344
617 30.316679259991336
618 29.77053890173832
619 29.647577641362332
620 30.5118072150463
621 29.923830237886786
622 29.038131724226247
623 29.568704181157383
624 29.5183643022991
625 30.011578469372424
626 29.507352363692505
627 28.480463331902005
628 28.40355036519622
629 29.523711547109663
630 28.513186089175903
631 28.47928975545776
632 28.783393138749727
633 25.53966689080372
634 23.176641244238954
635 25.952168192701016
636 27.414872928157884
637 27.74125726043641
638 26.836063086469157
639 26.974949756301317
640 26.4040187093273
641 28.72498724220195
642 28.462706184400496
643 27.821847014714965
644 27.635057023587667
645 28.58695276161918
646 28.962600464789098
647 28.054722647802645
648 28.460506437771784
649 28.31003791919769
650 28.700916219970924
651 29.069607678469517
652 29.47727264681899
653 28.592025720971876
654 29.403999195188945
655 29.069910400013068
656 29.684195468554517
657 29.015831894015843
658 27.44678722459681
659 27.679577442459223
660 27.746313487555614
661 27.40459195179078
662 29.020164093207743
663 29.700415908885848
664 30.85340395018081
665 28.825990691187865
666 29.778187531744898
667 28.326991412541112
668 27.83083714478006
669 29.834395182089793
670 29.330553418700575
671 27.839741562700652
672 28.469810853040165
673 29.11629749225201
674 28.59973530106348
675 28.518569752390853
676 27.001340197802033
677 26.85332431139278
678 25.929617894044988
679 23.702470368434597
680 25.22996409797399
681 22.024990816262335
682 23.997639946425085
683 20.578958373345266
684 22.986855416279106
685 21.481736258959753
686 21.505505169712094
687 21.76806770383149
688 18.33395684788554
689 19.304835081996693
690 19.732159459793035
691 23.85916539135714
692 21.48282377402838
693 19.970511289686172
694 20.10002254836912
695 19.571549310660053
696 19.655367983072868
697 18.3793000019175
698 17.94862115497427
699 19.33674842704189
700 22.03467116981783
701 19.320001854847145
702 18.641902521736398
703 19.53912615264929
704 19.492864901140063
705 18.488818136912926
706 18.962107838674665
707 19.49214928821204
708 18.89349375103858
709 19.02107428749829
710 18.347045046132283
711 18.63426754716424
712 18.320701288359075
713 17.558542741059398
714 18.499817096849412
715 19.015735235912935
716 18.741081114373795
717 18.596511125384193
718 20.152540849711098
719 20.19156313964726
720 20.08160308018496
721 23.578454419285855
722 20.087180507546204
723 22.761545818907422
724 21.14379602144568
725 22.96531392700261
726 21.307738354581677
727 20.085861396019222
728 20.04764273375484
729 19.013617025077004
730 20.49127946823587
731 20.16721288152543
732 17.505550935347664
733 17.621060382344698
734 17.16358443366581
735 16.835349847145654
736 19.349068381498373
737 16.71355873542664
738 17.76131270848321
739 17.242977978425014
740 17.999243007983225
741 16.761105952005103
742 17.36646730769851
743 17.423331116513086
744 17.11836922599628
745 18.301963847879087
746 19.98997630664047
747 19.055898747913105
748 21.690527209104953
749 19.78131562636736
750 19.81511589746075
751 19.26962703900962
752 20.593682276276205
753 19.227739468042472
754 20.111843912321955
755 19.462826301461842
756 19.104682398558086
757 19.37634598048985
758 19.676709632707293
759 20.52198245954226
760 18.74468050217277
761 19.499254596670433
762 18.8840026518766
763 18.805690667572446
764 19.46674691763564
765 17.95207955198605
766 18.98469128984935
767 18.313715537327838
768 18.771571532270602
769 18.169995285832872
770 17.906948875678847
771 18.451584200369595
772 18.154954383144695
773 18.910434115973842
774 18.929125393196614
775 17.97964735845792
776 18.849326242533223
777 18.284693977511303
778 18.148268695241992
779 18.447122052271954
780 18.418554717699386
781 19.33679881250545
782 18.693250975169796
783 18.573128356608972
784 18.530503894999452
785 19.15382843895573
786 18.3428611104093
787 18.630378729604594
788 19.36857127665537
789 18.39660345436637
790 18.167515256593674
791 17.826407142109154
792 19.224130333178508
793 18.10034632939691
794 17.98331598486302
795 19.25583385293603
796 18.882994574845057
797 19.000967522459643
798 18.497536094076615
799 21.977690779284426
800 20.52528146968806
801 19.048547429657578
802 21.262261675653523
803 19.13068772258448
804 18.874785104317628
805 18.8886518915194
806 20.236706077170414
807 18.276014718281246
808 18.615212896234166
809 18.291957282119704
810 17.897791425825755
811 17.661099477949794
812 19.196228401287865
813 18.638207302357927
814 18.18057239592251
815 18.601511119587027
816 18.456743214939838
817 18.37069911831667
818 19.08889188878395
819 19.35464786383058
820 19.960541002814008
821 19.91297030957877
822 18.460028513414066
823 21.09327945347439
824 18.558416956975062
825 18.463375867394237
826 18.71714328374028
827 18.988966600798108
828 18.19326634557058
829 18.64070073668354
830 18.724661976240814
831 18.462417146167112
832 18.337582635662706
833 18.77585720995342
834 19.477587136419082
835 17.304754547251587
836 19.30564434996859
837 21.74036576653718
838 18.98435081495434
839 19.69849992226667
840 18.62824842524922
841 19.02972377299179
842 20.63780124603067
843 20.186489334151688
844 20.040949528550218
845 17.93674773727015
846 17.412025655222788
847 17.430907334106276
848 17.1356545862945
849 18.536823399483996
850 16.57661318439739
851 18.905715120004423
852 17.886996016121987
853 17.699921389863118
854 17.11550092088429
855 17.54701883517567
856 17.069547068006163
857 17.73441547021139
858 16.43536497366649
859 16.542298286437187
860 16.953007743129692
861 17.23249817960085
862 17.71752334025439
863 17.255358611135144
864 17.49615798801367
865 17.295758445979388
866 17.686664409342626
867 17.15377452400532
868 18.242605540453926
869 18.77653323260663
870 18.33656787893997
871 18.4234625672221
872 19.53773424812997
873 18.740692546235074
874 18.444736917689323
875 19.467274522713396
876 19.195138269020738
877 17.953230114282587
878 19.144082863179882
879 18.097546372690793
880 16.644510305850318
881 17.30411075783544
882 16.789398952094754
883 17.272078296705914
884 16.92339660722191
885 16.548086666458108
886 17.926614896537604
887 17.243925266301133
888 17.4375112508373
889 16.716880062918513
890 17.679408435452103
891 17.857072119595138
892 18.005341094258338
893 18.65548944316311
894 17.54948809083752
895 17.994061636107183
896 18.336077849391366
897 18.701153848971902
898 18.132523269952845
899 18.651134281009476
900 18.258016666489116
901 19.119019782892668
902 18.579117787854567
903 18.326184158740247
904 17.894018447228923
905 18.668389590820702
906 17.993685117167374
907 17.95603570329872
908 18.699309910893746
909 18.78577435746616
910 18.393554434145898
911 18.319976589128263
912 18.28583371046877
913 17.833651205705774
914 16.93595492993143
915 18.981225471840336
916 18.172632339305586
917 17.932483765232277
918 17.77904557966411
919 18.693180676314558
920 18.626291704561556
921 18.69753517745232
922 18.43475241946319
923 18.107804850540745
924 18.25543710625645
925 18.63146600354983
926 17.991223060962344
927 17.545572171745107
928 18.507300001042154
929 18.36754954045155
930 17.430349265739384
931 19.238586211274193
932 18.14053013299055
933 19.066018831655114
934 17.738138482351616
935 20.412047302969622
936 18.295947720354793
937 17.975930507667343
938 20.93083602816566
939 17.99850928020311
940 18.350350352613464
941 18.00497540778365
942 19.269904225204407
943 21.985406109930846
944 23.851245127661162
945 26.18244139254854
946 30.33528189425671
947 29.374951982260715
948 26.708499189545737
949 29.19954139033879
950 30.088196817842785
951 25.679877281738587
952 25.894854208837373
953 27.55914226207382
954 28.82142848781771
955 27.343118312347247
956 25.426109541280088
957 31.62050560978652
958 31.555451870672183
959 27.44860817648382
960 32.68128546949505
961 30.907281680167635
962 30.276496267890007
963 30.548860087541865
964 27.152132775148104
965 25.75378191607359
966 28.014684351523012
967 25.173275367121477
968 28.420018290868747
969 26.901846593525665
970 27.9409635720639
971 28.316297071718385
972 28.981037380052
973 27.681992533001498
974 27.03722472194205
975 29.761336074421294
976 26.63065203463034
977 31.50031453651614
978 31.01024785351166
979 30.042441107296014
980 32.055219931322156
981 32.003623990411384
982 25.74936550429794
983 26.461341493512954
984 27.04502533385752
985 25.787542140072247
986 26.064250711460282
987 26.321472088939284
988 26.073663625831486
989 27.595382630160938
990 29.416706248554974
991 31.886296386253978
992 31.093301527929977
993 30.015273130243877
994 32.03033575771004
995 32.14345028823108
996 31.240249452978908
997 28.788345283745386
998 29.246059813833888
999 25.753449286316645
1000 27.45675236943898
1001 25.336816653642018
1002 23.402739300167738
1003 27.1750679048886
1004 27.049850591088955
1005 29.992026385764213
1006 25.88373227670858
1007 24.86395070200301
1008 26.952467133437185
1009 22.673853863551184
1010 24.412303452665068
1011 22.447301444380287
1012 23.237662685240526
1013 23.32623336516832
1014 25.28792780970208
1015 25.065003585201513
1016 25.94746713116414
1017 25.594558464381866
1018 26.32270116482555
1019 26.706044505097605
1020 24.821115202855502
1021 23.38581355509262
1022 23.75650492782542
1023 24.60236900322086
1024 24.737363701990525
1025 24.218495029241385
1026 26.10761143015553
1027 24.510843257842897
1028 24.449174929939673
1029 24.473243496543233
1030 24.82630932586811
1031 24.049593500250555
1032 25.43102331944129
1033 25.157273399413764
1034 25.71518044833131
1035 24.934881180496163
1036 24.71312822255821
1037 25.562561253934508
1038 25.50290101054988
1039 25.143153933820372
1040 24.891889117303677
1041 24.59652105379694
1042 24.38178470865229
1043 24.624786338581927
1044 24.759288302852617
1045 25.18960609048086
1046 24.74873428850264
1047 24.30279553938313
1048 25.18134898829321
1049 24.540920145009125
1050 25.146448970246627
1051 24.26264670913421
1052 24.308757490514974
1053 25.342046056022255
1054 25.443492512663646
1055 25.972289861068003
1056 25.7363156536213
1057 23.49014014521597
1058 23.412630776220514
1059 24.976042637604365
1060 26.178824507569747
1061 25.91402973796025
1062 27.706258020807258
1063 25.926456536893436
1064 25.120910500793627
1065 24.65355108299889
1066 23.11358121998484
1067 23.462668367262218
1068 23.178384118443603
1069 23.748183076517314
1070 24.75293509844916
1071 24.890986895413867
1072 26.889954834005426
1073 24.64767658417211
1074 26.999777815098255
1075 24.75467161423712
1076 29.985087486012908
1077 26.29578789618625
1078 25.240058354708083
1079 25.70151832047458
1080 22.658594604928968
1081 22.474643251909182
1082 22.188493375775213
1083 22.209969688664962
1084 22.962349316298912
1085 22.530827727193415
1086 22.65523764031725
1087 23.575906123188723
1088 21.013016378391335
1089 21.58086361433018
1090 22.721273422733688
1091 22.476531322790727
1092 23.81729720801697
1093 23.684965911078553
1094 24.486860619305904
1095 23.557743889994494
1096 23.665616055209366
1097 22.733291989092834
1098 25.155485998712102
1099 23.405579894783614
1100 23.2985310371537
1101 22.995171155118125
1102 24.374168390669364
1103 24.361036330578592
1104 24.26011850388139
1105 24.900320594330477
1106 23.91347927721592
1107 23.28405199032452
1108 23.666416831024076
1109 23.701142201736992
1110 24.628607437032933
1111 23.58656012458446
1112 24.69110650755793
1113 24.340091047195795
1114 22.19421836816547
1115 24.60685238700237
1116 24.252221138064016
1117 25.29369399806568
1118 25.909985838461868
1119 26.234070743091625
1120 25.02738830229342
1121 26.08801744067155
1122 26.20161516525399
1123 27.09205279811463
1124 27.95337249635615
1125 25.79462383338635
1126 23.697765059938288
1127 24.93899149678095
1128 24.85634546935548
1129 21.902684774166826
1130 22.243739767821825
1131 24.275826144561137
1132 23.725981663662672
1133 22.89103763432308
1134 25.277140987567915
1135 24.971941786082038
1136 26.138686999168147
1137 23.71035897381896
1138 25.04842540766641
1139 25.470994127349798
1140 24.215731279933177
1141 25.31207229422408
1142 24.501805211971103
1143 24.737953639128552
1144 23.804358872662153
1145 25.538949605772252
1146 26.349543320494853
1147 28.578856765851377
1148 22.794349726908806
1149 23.1030732611211
1150 25.487671795567078
1151 24.094456793778722
1152 25.646815661040602
1153 23.39470344965351
1154 24.8493814688347
1155 25.60681181923753
1156 28.632116245242607
1157 26.66826161794266
1158 22.997385220394552
1159 23.022882750196743
1160 23.968917925992805
1161 28.954240421638946
1162 28.51083330384335
1163 30.578394856569915
1164 30.055015808488825
1165 31.7631814384637
1166 30.99458197625124
1167 29.46406338482049
1168 30.271134306760167
1169 29.747644172458102
1170 30.03934748291204
1171 30.29649325424479
1172 29.566651302171852
1173 28.668518010752816
1174 31.21498460205168
1175 30.075154953581738
1176 26.430433749899397
1177 25.222742687523436
1178 25.92887921210502
1179 26.348181675263994
1180 27.2536434825174
1181 27.851093493532492
1182 27.45001712213601
1183 27.56123978428544
1184 26.255224929213973
1185 26.871075773357557
1186 27.320715162948943
1187 28.142840851978544
1188 25.607413172863023
1189 23.139977624308415
1190 23.116553175456357
1191 26.489820691417524
1192 24.889131638269756
1193 25.10596691401614
1194 27.018509785099383
1195 23.648120608107302
1196 25.13212633931631
1197 24.41434966463462
1198 23.598712621275943
1199 21.914075987937956
1200 20.705930236770527
1201 21.775238853685956
1202 19.847034781151255
1203 20.176120794606977
1204 19.82060564918912
1205 19.68748744366754
1206 22.300699881852207
1207 17.8860220451748
1208 25.369551345636783
1209 23.53471358332857
1210 26.202071367988754
1211 25.727044603574964
1212 26.562360117421896
1213 26.638610413063613
1214 28.02172293281256
1215 28.01983496948796
1216 27.856209194998268
1217 28.830697730119308
1218 29.858592229588183
1219 26.30974262198368
1220 27.04617374401478
1221 26.493865278313496
1222 22.285221041258062
1223 25.343050687177236
1224 22.77786843877968
1225 22.718073663120716
1226 25.487750482193828
1227 22.657857642858723
1228 24.919701889229277
1229 21.4815354903322
1230 24.785254558980483
1231 24.120951824366063
1232 25.12962612469677
1233 27.311937792375208
1234 27.208727405210116
1235 26.07132295274888
1236 26.32927531707271
1237 23.956474201613332
1238 26.15575936439688
1239 26.118449500621857
1240 27.533505596121977
1241 25.37828508792007
1242 28.218738466141172
1243 23.94331086676295
1244 24.884166887110407
1245 28.61451289125384
1246 24.773163709881324
1247 28.663686534087972
1248 25.87909803238814
1249 23.139745102259283
1250 25.108601951778432
1251 24.61313572548185
1252 25.386340161972566
1253 25.70396099938266
1254 26.09404681355651
1255 26.122019523357746
1256 28.19707410205056
1257 28.54182789174665
1258 25.92338685172959
1259 26.70245786589112
1260 26.621389151489595
1261 26.19642128101052
1262 27.616531395961477
1263 24.814085821106517
1264 27.832919887569222
1265 26.183329719940115
1266 28.621425641257552
1267 25.92747700530217
1268 27.007544575056254
1269 26.715280741902838
1270 27.148668035796046
1271 22.102339131960605
1272 24.62205984014436
1273 26.414899429854312
1274 27.598305988448438
1275 27.859987625082404
1276 28.17446635630813
1277 28.718047681933527
1278 28.259619198701902
1279 28.133511632523167
1280 23.19522446408656
1281 22.807089111453156
1282 23.103967029082398
1283 27.045791738300192
1284 25.676006100904356
1285 25.745680480261264
1286 22.97867235577744
1287 23.714671168737055
1288 24.063550160863976
1289 22.604489042305275
1290 27.25246438801855
1291 26.571267269989605
1292 25.40982148844339
1293 26.278670754990095
1294 24.71478192167301
1295 24.85893104368713
1296 25.540698202525327
1297 24.984943831304115
1298 23.902902973432113
1299 23.519599132251493
1300 22.129587086922434
1301 22.591501477887455
1302 22.48191058580805
1303 24.16734767462682
1304 21.253115548414264
1305 24.89699182312664
1306 27.944292279468392
1307 27.310980042592906
1308 26.578868982657365
1309 26.0182929775381
1310 24.632686326442446
1311 26.689355078155472
1312 26.30668846063083
1313 28.262469548853424
1314 27.106239823876518
1315 26.883050267682155
1316 26.26534013899502
1317 25.458000457137356
1318 24.984305756439127
1319 28.114723991824043
1320 29.33517960008275
1321 27.522495606256417
1322 26.696115843144515
1323 23.443817273477226
1324 22.24179819587596
1325 24.946922898105502
1326 21.75461408945026
1327 26.288090514051046
1328 24.995252436779698
1329 28.68166348071988
1330 28.174395167286583
1331 25.8408152803814
1332 23.801051341090375
1333 24.270988624593908
1334 23.713933041727962
1335 22.879986830621487
1336 22.891174099706674
1337 20.67529999588127
1338 22.588309262548716
1339 23.020697464056806
1340 21.472148716377678
1341 24.688248080397134
1342 23.7541582844088
1343 23.377007062848485
1344 22.779360103790527
1345 20.97357035042603
1346 21.846853704302408
1347 21.023354571283303
1348 21.814546779573437
1349 21.1935430178611
1350 19.191933748878483
1351 18.7970534078572
1352 18.872963655211485
1353 16.610046323565772
1354 21.339100831202376
1355 19.931151386932815
1356 20.694936187711303
1357 20.693065755987742
1358 18.313810729695568
1359 16.78037193520348
1360 17.794542902583466
1361 17.635474158610954
1362 16.499468826716285
1363 17.444749482408128
1364 18.057204986482216
1365 17.26843162452779
1366 16.656728108485247
1367 17.27839505873727
1368 16.586960615736725
1369 17.045085709507106
1370 16.69134572582744
1371 17.866130449367887
1372 17.30304613398569
1373 17.251052913883896
1374 17.755596930933432
1375 15.876003040916784
1376 16.843637055018686
1377 16.82945330345446
1378 16.387195996005214
1379 16.022079912428076
1380 16.68552242253975
1381 17.08303829097671
1382 17.08123284611182
1383 17.176046996225395
1384 16.09045620887396
1385 15.855332439377886
1386 16.517272851860334
1387 16.231626051408966
1388 14.902713088579299
1389 17.221776652460022
1390 16.61789748196596
1391 16.03063936544353
1392 16.90322201962297
1393 15.895179420491193
1394 17.722608391538756
1395 17.10663624211003
1396 16.411276032085503
1397 16.037821051916435
1398 17.596118033883034
1399 15.789798246270749
1400 17.302310303433796
1401 16.759225320208248
1402 16.867659498450024
1403 17.144919830296743
1404 15.801791730616875
1405 16.691902770666115
1406 16.25980761894477
1407 16.842377607385288
1408 16.958576107165943
1409 16.89917641797741
1410 14.565645509199724
1411 15.235477998141471
1412 16.02040597647737
1413 14.895325693963922
1414 15.156698235900533
1415 14.815199809724934
1416 15.49254955939637
1417 16.72670266672516
1418 16.305734079158412
1419 16.35214552071818
1420 17.33651681066681
1421 16.762089499585404
1422 19.097527006489393
1423 19.04074014286698
1424 17.59522278390406
1425 15.673218821859475
1426 17.35710756291693
1427 15.472205878704406
1428 16.433490985449037
1429 16.148720258599973
1430 17.425941592212247
1431 16.403207533181426
1432 19.065312597577503
1433 17.81194115785075
1434 18.02584836538908
1435 17.192681425911996
1436 16.845697820531832
1437 17.240682914319635
1438 18.628486836558377
1439 18.35229001419142
1440 19.172942435069846
1441 19.60117326045985
1442 20.09326090785619
1443 19.514096926920857
1444 19.896211174154097
1445 19.498566199340956
1446 24.66726485764946
1447 22.595381417522212
1448 22.234442710645297
1449 22.30179619125252
1450 24.11488478402268
1451 22.576624201601966
1452 23.795317528478215
1453 22.718811093579575
1454 22.7701924880682
1455 23.062103200347494
1456 23.153313074423746
1457 23.74282764703799
1458 24.450497079422913
1459 24.26900865753148
1460 22.783669171012857
1461 22.371633189323756
1462 23.7667774031647
1463 23.936559095442007
1464 23.131477168881265
1465 23.825345417697893
1466 23.286628167740545
1467 24.110946599045146
1468 23.45341406912864
1469 23.536752697671552
1470 23.580291829711935
1471 23.595554081639065
1472 23.502893161368256
1473 22.857270550585557
1474 21.974470625739322
1475 23.865402065865677
1476 24.581741226242695
1477 25.68696980648686
1478 23.556829783112438
1479 23.151109083040456
1480 22.14967227243982
1481 22.0737514354829
1482 22.122771612945748
1483 22.894418367090925
1484 22.687392790831957
1485 22.686568944104383
1486 21.792276928952596
1487 24.53285105322783
1488 24.008565475345645
1489 23.77010162860736
1490 22.53823524781109
1491 23.735363316228966
1492 23.684825045523837
1493 24.402538127039687
1494 23.580600194877707
1495 24.309377553538553
1496 21.21602396880905
1497 23.8833716221405
1498 23.397742678203798
1499 24.16919202795634
1500 23.65575581711997
1501 23.366608151452468
1502 23.38348506807192
1503 23.77101135215162
1504 24.12557564057415
1505 24.524213645820847
1506 23.99029435484456
1507 24.368093955525172
1508 24.250157600377833
1509 23.227616468150423
1510 23.58215610507699
1511 24.545991015923594
1512 22.83721042024131
1513 24.305435466652987
1514 23.621267528770097
1515 23.930910850489003
1516 24.252479263034804
1517 23.45951186353724
1518 23.694188009793997
1519 24.14508843850025
1520 24.057139595631895
1521 24.171773922412665
1522 24.738227722273233
1523 24.60129274809986
1524 23.860861567918235
1525 24.590286241089487
1526 23.662133109014324
1527 24.344638577055562
1528 24.07229206331735
1529 23.789349225048465
1530 23.477189137844125
1531 25.352469373437287
1532 26.907896140884624
1533 25.525946444114233
1534 24.97028838373294
1535 25.67952126886297
1536 25.69766966194005
1537 25.58462067230555
1538 24.969868217633095
1539 24.29758398244315
1540 23.65133031010359
1541 24.185143152811584
1542 22.90408945161714
1543 24.878707421736127
1544 25.35886310268324
1545 24.06465923980807
1546 24.673165592801222
1547 24.275931622220188
1548 24.116116511101403
1549 24.23230038036809
1550 23.753746990983394
1551 24.23876210983337
1552 23.202588067121816
1553 24.40192071755126
1554 23.902729400010244
1555 23.187902563337676
1556 23.91982058426546
1557 22.846614940651577
1558 25.310748087922942
1559 25.307452115335405
1560 27.30227187460879
1561 26.69563579765896
1562 24.145776521592097
1563 24.154284221698703
1564 22.864950397911386
1565 23.556608794491588
1566 24.68015204721197
1567 25.96953332894319
1568 26.712274348928446
1569 24.397207370052794
1570 26.228305706905843
1571 23.352762299919025
1572 24.792025558241512
1573 24.132387714614495
1574 25.53063982863986
1575 26.405502596863784
1576 27.124631572450337
1577 26.165495411023898
1578 25.342912911506758
1579 25.326303807254092
1580 26.489532721437424
1581 25.94567492093154
1582 26.84937340667271
1583 24.26284121125576
1584 26.09756525300628
1585 24.351925156641258
1586 22.046611981462007
1587 22.939422618285455
1588 21.260219274159823
1589 24.922290615564982
1590 26.43293470569447
1591 25.118107505776003
1592 24.529329935661853
1593 22.99111947448865
1594 24.168860519730934
1595 24.323245430524096
1596 24.85085427195108
1597 23.140123343401708
1598 22.5038880563291
1599 23.501864113697447
1600 23.559091754893455
1601 23.566416976469768
1602 22.88913556231869
1603 24.799378057520205
1604 23.261195494638347
1605 23.559853211865153
1606 23.29277588016665
1607 25.043603302799088
1608 25.562174551881455
1609 23.5108508547578
1610 22.05062679458448
1611 23.498579495973622
1612 22.069294995178794
1613 23.38311105384903
1614 22.506964572792054
1615 22.048508033790313
1616 21.22119300126456
1617 20.297909413440063
1618 24.46722893483116
1619 21.829101142273657
1620 25.46735085887547
1621 22.732187043921044
1622 21.35557355350209
1623 22.5249803754093
1624 21.328219801630226
1625 20.99655984360798
1626 21.333414460172484
1627 19.749454563908525
1628 20.64906586352178
1629 19.504494327821565
1630 21.62398238184034
1631 23.735684922734865
1632 19.675028607282282
1633 19.931222292807067
1634 20.250698467978125
1635 21.40952441152632
1636 20.986836502311835
1637 22.38810055302658
1638 21.83722005969635
1639 22.67978776509504
1640 19.69676967347148
1641 20.315098961611138
1642 18.52904466107038
1643 18.79871386820347
1644 21.752588245339723
1645 23.056366552532754
1646 21.438761561453997
1647 23.65263010509633
1648 22.10101321521002
1649 20.25167104136351
1650 22.97263262756296
1651 21.669679262728714
1652 23.230271483993796
1653 21.104937540193447
1654 21.233076488877675
1655 20.390214312461207
1656 21.019862627001928
1657 22.22470881616353
1658 20.48918980700203
1659 21.641744128447847
1660 20.424261534589583
1661 21.547151337777493
1662 19.00830103972861
1663 18.439152882070047
1664 18.566605735326306
1665 17.456919372337836
1666 19.99232206271087
1667 18.77025897961876
1668 16.345514209644374
1669 16.096979717184706
1670 15.651231213251144
1671 17.81003562034497
1672 17.05957751611754
1673 16.860845188768426
1674 16.483139803186305
1675 16.46117677836381
1676 16.570330606872123
1677 15.366295330969747
1678 13.00267482589223
1679 12.59176515950212
1680 13.537103274117438
1681 12.831256454618309
1682 12.663781610541804
1683 13.328411465611884
1684 13.171108913378198
1685 15.592661372406605
1686 13.96344509422877
1687 14.516653043307315
1688 13.84642500173214
1689 14.408681445947161
1690 12.866957798593528
1691 11.655389247400171
1692 13.331630596414373
1693 13.162191897776797
1694 13.657581649364149
1695 13.202319557605714
1696 13.246164162531631
1697 10.085729706671895
1698 10.199910508017538
1699 11.395558573304696
1700 10.290682401330473
1701 12.233491492832602
1702 12.401778498976237
1703 12.600383802206666
1704 11.10655467805558
1705 11.877279252548671
1706 12.02489249832822
1707 15.697975598629792
1708 19.600326939129726
1709 18.0514727048528
1710 16.434693357080295
1711 14.020771943129366
1712 15.34283383701341
1713 14.801235944425846
1714 16.172648404506162
1715 16.213887725630855
1716 15.889959404501159
1717 13.738705883703977
1718 16.939738399012725
1719 18.341302409067776
1720 12.374692636671774
1721 8.97695534537606
1722 11.375996243871198
1723 12.12674688800701
1724 12.989990468744336
1725 10.964848554071224
1726 12.0809229887555
1727 12.866300228986976
1728 8.730891624497767
1729 8.653448053185107
1730 8.256329281018214
1731 8.857892921130029
1732 8.804933899214364
1733 10.108276294505616
1734 8.927383392594564
1735 9.606775384658746
1736 10.097754781448621
1737 9.705133039313248
1738 7.8031812465883075
1739 8.386952350624107
1740 10.079875371790688
1741 9.554885489081773
1742 9.733027668846029
1743 8.074619793807845
1744 9.599479506464025
1745 8.33776420886403
1746 8.04367220219307
1747 8.925285241421753
1748 8.959331802313022
1749 9.174637999171107
1750 8.037544710942559
1751 8.332725126166595
1752 6.519582355471818
1753 6.016703615688923
1754 9.440138578308558
1755 9.236715163610267
1756 8.30351153628373
1757 9.674349959714148
1758 8.730055051317072
1759 8.520455998551311
1760 8.884903497975145
1761 10.672795149546426
1762 14.724966464548674
1763 14.188824229298183
1764 18.586134246692716
1765 17.04749088769036
1766 12.416364831796045
1767 10.548730071256184
1768 15.528134549753672
1769 10.490212751587444
1770 9.819913289441848
1771 8.188363143447647
1772 9.116866321756087
1773 4.071342251493707
1774 4.559889957655728
1775 4.8565025204281564
1776 5.217071257282008
1777 4.429708601434765
1778 4.399053035613861
1779 6.215164748264064
1780 7.128812303303864
1781 7.864899203059784
1782 10.904361738323189
1783 6.215106138825551
1784 5.786363495708732
1785 6.412472912837381
1786 6.553931368299388
1787 5.60460126704259
1788 4.84452624694246
1789 3.4751105673862823
1790 3.9758610218799038
1791 4.801796123686158
1792 4.9748415548324685
1793 5.412576710517004
1794 11.827134911203203
1795 8.399554724452674
1796 9.506033855659162
1797 8.468754666908168
1798 8.992129248186682
1799 9.797552914893927
1800 6.391062161407674
1801 4.179148973088315
1802 4.076715414600381
1803 4.309765808834884
1804 6.087777881197435
1805 8.967230187973653
1806 5.169801781486985
1807 5.82538081801718
1808 5.752995368842367
1809 3.9752724953976553
1810 3.4868774974112933
1811 4.0480832893487015
1812 4.41907532365749
1813 7.322490958853466
1814 7.4673018298076554
1815 3.907169508251356
1816 7.909599411353125
1817 8.858680905512232
1818 10.425080916391554
1819 18.563395279929505
1820 17.369398890024673
1821 15.42042188076166
1822 11.647008662671464
1823 10.04169891130574
1824 10.364701707027711
1825 9.208703797995497
1826 10.889627828503492
1827 7.229264653667548
1828 10.177524568815926
1829 12.965390121237581
1830 10.424393440173729
1831 10.450205638124212
1832 10.50482297242597
1833 11.412868032328968
1834 11.087056217396253
1835 10.735595921315412
1836 14.365034451580277
1837 18.257120556621626
1838 19.341542029387327
1839 15.127883766112753
1840 14.195454869376123
1841 14.445817249464689
1842 14.62332653431823
1843 16.86813424343049
1844 16.07646498806894
1845 17.216331829213715
1846 17.715593932669563
1847 13.633222854198484
1848 19.011348697308417
1849 15.612274144833293
1850 18.060598995360543
1851 20.680085357127798
1852 20.293842333139587
1853 15.938468021615305
1854 16.939965581648064
1855 15.0378853249978
1856 13.801129958318045
1857 13.982700163823283
1858 13.644042330675902
1859 17.73567017822176
1860 18.33643281998731
1861 16.90662589663475
1862 22.26469188673589
1863 15.730890166850932
1864 16.916233176429937
1865 17.527421033802295
1866 16.02246672806935
1867 13.097511492412213
1868 16.392107001078273
1869 15.458170881732446
1870 16.025095149768088
1871 16.96372078315544
1872 16.030628475107093
1873 18.18323683169222
1874 19.539941279748813
1875 18.437522762539434
1876 16.529224585868242
1877 16.15883107559291
1878 17.126001086366987
1879 18.958959483856077
1880 18.3342699307423
1881 16.787022733699512
1882 21.048839414278326
1883 19.76995185045224
1884 21.847676002531053
1885 21.537414718447938
1886 19.484885642519554
1887 20.819622182998057
1888 15.62860118605285
1889 18.640091643490162
1890 16.256031122755573
1891 16.7310831065687
1892 18.51774225825284
1893 19.393826528101634
1894 18.54690886109276
1895 20.799829006813415
1896 25.02713405194258
1897 21.17177040848857
1898 24.847219372708683
1899 24.826488722600388
1900 21.097784780903172
1901 20.06315736935538
1902 22.04011160718988
1903 19.97389031803579
1904 22.8216657167343
1905 20.002068014547792
1906 19.154152611963013
1907 17.009247179336334
1908 20.44440387366103
1909 17.36236193206105
1910 16.333707654902238
1911 17.385305673971178
1912 23.16112799495183
1913 22.88261329575622
1914 19.76349905388599
1915 21.501952682154908
1916 20.433853357247035
1917 23.98733055031409
1918 22.27326205389454
1919 21.261908728869212
1920 22.311648386539407
1921 22.28553331803189
1922 23.168153556564015
1923 25.562559327322
1924 18.734948539500426
1925 21.942846154154246
1926 21.99368446525414
1927 24.176495228042977
1928 22.734165420413177
1929 22.614445554378584
1930 19.671059745032423
1931 23.043181355250855
1932 25.343664169008342
1933 26.25225456440688
1934 27.094156657515143
1935 26.251094332791766
1936 24.104741388630625
1937 19.771365101646268
1938 20.84090728294761
1939 20.240963390801205
1940 17.61911196336851
1941 17.89356156167607
1942 18.86076446482939
1943 18.222892117030366
1944 20.583712051065095
1945 21.27955812566137
1946 21.249017394259674
1947 23.206092844871918
1948 25.220245169597906
1949 25.21032058367309
1950 25.687927224819877
1951 26.58097689875853
1952 26.257407866743407
1953 24.14604344599357
1954 23.37811744413983
1955 24.45736587334893
1956 22.947617217295093
1957 24.3437963752301
1958 24.840520356072474
1959 23.016092149381908
1960 24.944603616114982
1961 26.28498573646235
1962 23.11784506633811
1963 25.587017555850355
1964 24.415882829784742
1965 26.605356731153982
1966 25.453140184141226
1967 22.885564792040483
1968 20.193082576483704
1969 20.520829084340257
1970 20.288810054092828
1971 20.12264067252489
1972 25.776504591271376
1973 21.211663965702453
1974 21.59243285228822
1975 19.454843364318396
1976 22.86660358330237
1977 22.678580995699015
1978 24.15065067928698
1979 25.20162206667565
1980 22.546499511171103
1981 24.07994574696555
1982 23.045038524246145
1983 24.13493433873316
1984 22.119297635935162
1985 23.59922156646327
1986 23.811223906236723
1987 22.99497649823542
1988 23.30191741620547
1989 22.554108889418462
