0 33.32342882704774
1 31.347943102531314
2 32.41688558608058
3 36.01864327846721
4 33.02364016760077
5 32.72306377659757
6 34.24223125098206
7 33.108092272705385
8 28.469682313767162
9 25.955366170559824
10 27.149521059138277
11 27.49229479281192
12 32.484943732553276
13 33.82830916795829
14 31.813207705795122
15 32.65225533196242
16 33.903887856715166
17 31.970406793910875
18 30.629008931089178
19 30.527997332091616
20 24.865636806078847
21 24.926975120131022
22 25.230744485309422
23 27.020881045152375
24 27.830934572836007
25 27.873928061494915
26 27.913078999541494
27 22.766499715967353
28 22.48413993376225
29 21.13790567008451
30 21.822706829055843
31 17.666520192482547
32 18.052220960498676
33 17.016073218144445
34 19.304140114338857
35 18.381170799681794
36 17.418232832218788
37 18.300369637684234
38 17.913713001180625
39 17.74709127286434
40 18.859963424896485
41 18.485546968308785
42 18.824964689680563
43 19.393632500097336
44 18.5887161158659
45 14.804249042437744
46 16.798572463506762
47 16.575693562112797
48 17.300079457578757
49 16.76442264256473
50 19.730731245331107
51 18.09831218224147
52 18.69675096848155
53 18.940314830392047
54 20.525166066725255
55 24.1567798924828
56 22.45581080409603
57 23.9046411448812
58 30.557943865163683
59 27.96722887382469
60 26.25562831725683
61 29.186877188320615
62 32.02183814063683
63 27.824491214911312
64 29.18772974141853
65 30.90604706548022
66 33.13874805801318
67 32.12373081320734
68 30.034769731604392
69 31.821600916116395
70 35.70691219278105
71 32.15407152683644
72 30.258081191302033
73 29.136932647771044
74 28.430962349408592
75 28.523685592556294
76 29.224222632088644
77 31.010293914324063
78 29.657922582492876
79 31.40670678956632
80 28.5832033350164
81 26.023957665767796
82 25.87817740730816
83 22.893684502445748
84 23.28195277640346
85 23.2363970438909
86 17.426918915027166
87 18.124498247040595
88 18.274072241833284
89 18.836228564674574
90 18.123749587297457
91 17.793533550339337
92 18.1108435172435
93 21.355259668666207
94 27.641833069336187
95 27.870534882958935
96 28.53372041048332
97 27.22350227082785
98 22.84856754774284
99 20.89539398214027
100 24.387186516912628
101 20.25593290318341
102 20.533251862785384
103 20.978381722277085
104 23.818350510362087
105 21.94751997076122
106 28.26531621915426
107 28.93106348784339
108 24.468385900803263
109 24.618948461154993
110 22.2559711183653
111 20.786215483405638
112 22.983335366069827
113 22.07160412155274
114 23.33984603345383
115 24.376046414668103
116 20.288019054202447
117 25.525847546208468
118 20.663207792141456
119 20.08804348795736
120 24.306647759201198
121 23.697125014813345
122 24.853791975884914
123 26.60316238185764
124 28.040618204113624
125 21.51511340486312
126 22.92164841556244
127 17.673279633109633
128 19.57586292938666
129 22.617303710459517
130 23.82504714381709
131 25.89242437313672
132 26.928880141481525
133 24.998723811641142
134 25.18785891493379
135 23.995348668008717
136 25.938937550899528
137 25.20457520405768
138 24.014713100037948
139 22.17292146565286
140 23.522281455085892
141 25.2983867433537
142 21.148564377984318
143 16.901635706470206
144 18.05404982451605
145 15.577149499622477
146 15.183115946836802
147 17.7456620576554
148 22.623949252631117
149 18.546587155562477
150 18.965129648481017
151 18.465633139557017
152 22.00947759650366
153 17.991143896692776
154 17.837058947002085
155 17.19204618191409
156 16.89657355690601
157 19.336437130520558
158 19.1541410293938
159 19.352453227605633
160 21.217941810880806
161 22.689268820146076
162 24.12075711109432
163 19.201387327618164
164 22.04182788535258
165 19.77016214332113
166 17.660676991581628
167 19.102577949453366
168 15.939378700900807
169 19.266643154976787
170 16.202501479637625
171 18.20524372511091
172 16.21058481496367
173 16.693906545668455
174 16.604703617913728
175 16.719398827003474
176 14.837030771536941
177 17.27733012833675
178 17.19778381299677
179 20.054999974092887
180 21.75341272411266
181 17.268335366511167
182 19.722492649422104
183 18.636024367442
184 20.06885072257509
185 21.311536954929398
186 17.694772434560214
187 17.490905982826423
188 17.6094270208265
189 20.862213688376162
190 17.440537155449597
191 16.471601442321763
192 16.490784105525474
193 19.12013999891417
194 17.748013135031773
195 18.9264050735414
196 19.643816470036075
197 17.900104215555825
198 21.282158417405885
199 21.604101712258696
200 21.46615770627167
201 22.201128871087263
202 22.848720333465565
203 24.485532663049522
204 22.188938357456554
205 19.945324903037715
206 19.326043818235917
207 21.84578588282898
208 20.70820177223817
209 20.958817943689187
210 21.068258726953953
211 23.37051531842256
212 21.180260671018036
213 22.32868875342134
214 21.745217676519324
215 24.51564270415041
216 25.001920244547506
217 24.00564547125672
218 28.966860047168993
219 25.09419632133628
220 23.52398471224545
221 25.09894556677013
222 26.32385125020267
223 22.205926110548344
224 21.33500671945931
225 22.421331366761912
226 21.40745013873214
227 22.36668309779617
228 20.38947545703139
229 20.2699122987581
230 21.02804730753619
231 17.922837903224224
232 18.88860278121448
233 18.245780989001116
234 17.696556315589564
235 18.84443007449494
236 18.349590452995606
237 21.720378818291213
238 19.2603462347805
239 20.29651675758861
240 20.841991893684014
241 18.564043595888926
242 20.08595488745512
243 20.911184955006927
244 21.023352177958156
245 21.91038167061787
246 20.010226258857095
247 21.771675827837694
248 20.865145009599114
249 21.37849099005068
250 24.778796932250906
251 24.027696068572027
252 24.60612539331163
253 23.46429781960981
254 19.173145836888004
255 17.344099391832135
256 16.89024475140778
257 17.215967400780762
258 17.3564070937057
259 18.567517111418265
260 18.669529950956328
261 20.421620153185376
262 19.57158691468714
263 18.367669875387808
264 16.198501638086295
265 16.436929244126432
266 17.805260843240134
267 19.17994847415772
268 19.176841516663334
269 20.809921932000545
270 17.589524790012653
271 18.399279730531305
272 17.394410586958948
273 17.9515283777281
274 20.96913391968489
275 21.251327197393664
276 21.560260901050665
277 19.43189463195955
278 19.276336467278675
279 19.009056226542175
280 18.5932910077604
281 21.08510991617003
282 20.00444347564497
283 21.08881401978373
284 20.98093911022261
285 19.501060320056745
286 19.067267049194687
287 21.793408952263427
288 20.784360362572855
289 20.57106446383669
290 20.604277150371345
291 19.382828663423314
292 18.621953566953703
293 21.135322178315242
294 19.769082491893574
295 20.61453416772436
296 20.685999342046077
297 19.390326209362385
298 21.31667616714101
299 19.22548185576333
300 20.140569891054234
301 16.798227431176258
302 17.85355145029984
303 16.576515937612406
304 19.38745525882084
305 15.328631818126322
306 14.938621506522956
307 14.403010185663671
308 15.6565708009683
309 15.886224410912366
310 15.0428108251393
311 14.2847634553215
312 16.4570005435526
313 16.963415152745867
314 16.264774508969783
315 16.679536973021726
316 16.718126947425784
317 17.555877846305897
318 16.671435139086363
319 16.684395013830613
320 17.68598727635635
321 17.011339135028436
322 22.569125093122206
323 14.988141858447626
324 18.31188988045193
325 20.019291789662198
326 17.459571949209987
327 16.001351862246448
328 15.535317783155742
329 15.391105276813796
330 15.762401931111604
331 19.140165823977156
332 17.651469654938218
333 15.69505666261858
334 16.902470770939416
335 14.978695222638994
336 15.566517880499447
337 15.328072043652945
338 16.96658132136036
339 16.631374232091243
340 15.773343822967544
341 16.727089042507266
342 15.856570980493654
343 16.865122274678555
344 15.72259149987199
345 15.749359126651918
346 17.65141672074111
347 22.30968115021317
348 24.068121925290555
349 22.315289097495217
350 19.99097980094821
351 16.628004253300027
352 17.467078629190457
353 19.57917870782592
354 20.067206941515085
355 26.924381903437702
356 26.417647513853918
357 31.584584179447884
358 31.6286114087119
359 30.150608472174543
360 27.669960327634264
361 27.917552612042112
362 30.962386578464375
363 31.331711559232875
364 28.337986705789078
365 27.477052392632178
366 28.332363760321225
367 27.54232180873453
368 27.69864277284349
369 26.112053713854273
370 27.37191955478886
371 29.61878758825773
372 27.836597175152875
373 27.347774235623316
374 26.2870756950189
375 27.222278235219083
376 27.381990699379816
377 27.672184252077127
378 31.388392404781147
379 29.30072759088381
380 32.74254231205845
381 31.42546037027125
382 30.586906235194082
383 33.54410358794106
384 32.160750582382356
385 30.589048249761227
386 28.59245890179815
387 29.820859183186652
388 26.762720399865955
389 31.38192984420424
390 31.85386211063572
391 33.044247787129684
392 34.21154520775129
393 30.146275065652052
394 31.86384679909178
395 33.031652862514804
396 31.145173017987908
397 26.946128891651384
398 28.290556654585384
399 28.49290381766851
400 26.841107742730358
401 24.846440450820744
402 24.96606552621128
403 28.65992508804222
404 28.646998429565787
405 30.644438741145926
406 30.6736333609681
407 33.110310871896495
408 26.97884759178672
409 28.29615098665219
410 29.25786210059596
411 28.506419894663864
412 29.658605059538186
413 29.465680525350756
414 29.955816095353235
415 31.75760544073009
416 27.308957735733035
417 23.295814990227655
418 25.107554095526506
419 26.696623449662827
420 23.49240108597817
421 28.0090559710543
422 25.67024296940932
423 29.300667712198393
424 29.41188259651729
425 25.647592704692556
426 23.789410146389127
427 24.825428841887454
428 24.521698133952544
429 22.88894081171656
430 24.859215606746794
431 27.517685767543885
432 23.96044174186173
433 26.813002059765413
434 24.045565358533228
435 21.623417810744357
436 21.871988090547386
437 25.738638582108795
438 24.592686347691743
439 22.917694980158643
440 22.832170385076434
441 23.491220081509223
442 30.89606688325622
443 28.719625172156373
444 26.17858358557591
445 29.88385118228706
446 28.969690272929224
447 31.399451474714663
448 29.653976463505764
449 27.03136889491023
450 24.677433756503998
451 23.562101700035814
452 25.54454288992227
453 20.825142297629277
454 16.588591677310806
455 14.228491677086724
456 19.973591945091794
457 20.05002648099635
458 22.030539013369808
459 23.418596286358735
460 26.346617738594905
461 26.379123490021904
462 27.815834545396026
463 25.47001545905906
464 26.39318622523026
465 27.45480958327917
466 28.889729416650507
467 33.17204327291845
468 28.23109119707708
469 29.789988387482445
470 26.953910340801443
471 30.99575855702958
472 25.807926939941535
473 25.347945830435236
474 25.346444971711517
475 23.178720265588506
476 26.521130128815948
477 28.027401348636932
478 29.395037051555548
479 28.941621195393665
480 29.829509116856798
481 29.090292908782114
482 30.80835650373565
483 31.78657239419418
484 29.83093831069138
485 30.34667807295712
486 30.404910809514366
487 29.112161491669283
488 33.325070680404664
489 32.84593320123282
490 31.742071126505078
491 32.34567673599889
492 31.49445774291636
493 32.19632591610609
494 31.911731120829486
495 30.294676435786094
496 31.20729933790791
497 31.453186105438178
498 32.423777189216175
499 33.817446324919715
500 28.006144018797514
501 30.510163539247433
502 27.55227195600979
503 29.07923683655695
504 29.04783898611486
505 28.918541936443862
506 21.599797199300138
507 20.659993313076445
508 23.763069990075707
509 28.001412076761767
510 28.67137487213612
511 23.816000467572692
512 27.664027712922223
513 27.56294322274928
514 32.21313089032905
515 33.496641599831754
516 30.469699281452822
517 30.574483269307898
518 33.25071836620028
519 32.46450924481522
520 33.10586309255538
521 30.188245226940555
522 30.71522227713673
523 31.622295287830266
524 31.83857153545254
525 32.52128553080241
526 33.35258011952706
527 31.28691301157373
528 33.24490605910754
529 31.270694720521462
530 34.44321827756203
531 32.07801210515358
532 32.47837684258596
533 34.1252044606306
534 29.54829651428965
535 30.360526509556813
536 29.02536158079745
537 29.881930539776317
538 29.9221547771328
539 30.222939887724372
540 29.003620424171316
541 28.032052015224117
542 29.439715028870324
543 29.54918629870318
544 26.7470618921384
545 30.39651792520831
546 23.306890525540112
547 25.178500135974915
548 21.993640454682495
549 23.168013845546245
550 23.366628221223877
551 20.32734885886289
552 20.612634884774874
553 21.045430431363332
554 20.033727987866406
555 21.662895030848112
556 19.04388267046452
557 20.181001313890704
558 21.053226921718146
559 15.810308105851641
560 15.023145701932371
561 18.22711239484761
562 16.904679707645833
563 17.569314193794593
564 16.83649684152312
565 14.958470470926997
566 16.065772050531
567 15.236009176859511
568 16.596736693160306
569 16.042808823912747
570 16.605627155506266
571 17.385065996705166
572 19.672265669282474
573 18.0948849900685
574 16.876528190449363
575 18.357598309203958
576 18.957437555792076
577 19.61600505426007
578 20.43233766526314
579 22.573068347564345
580 20.45135652181154
581 18.850367687839135
582 19.61943994318763
583 19.15787653287829
584 18.443049622629655
585 19.23198026291879
586 16.76672989422224
587 13.85526997266018
588 13.032243027279293
589 14.257016135275705
590 14.515944922644039
591 12.61840138508442
592 13.302892124610041
593 13.823688480754436
594 12.789934122244844
595 15.38393996040432
596 13.461256005440065
597 13.42458534861639
598 13.953149358047822
599 11.924406268046829
600 12.915938860238095
601 11.52050920203825
602 13.681041285141239
603 16.28914369674739
604 13.14350980877786
605 14.896262890350554
606 15.824493375632949
607 14.43609024466119
608 15.278226888004584
609 14.935823484763764
610 14.531907324797508
611 14.42564015819855
612 14.254684531365527
613 13.272867344027564
614 12.731854325770545
615 13.976538181750138
616 13.997384743848476
617 14.235083299693203
618 15.100103118677442
619 14.810435590071757
620 15.294286068215728
621 15.342065996696832
622 13.572269003893767
623 12.949185689068404
624 14.534815176819446
625 13.451627635891567
626 15.591008477520212
627 15.600860011655032
628 14.962811875839943
629 14.411668350741202
630 14.433168519051607
631 14.180305384760612
632 15.42197766146483
633 14.751700005612784
634 15.073131186882156
635 15.364238364106498
636 15.798158250264215
637 14.825143925416036
638 13.953026221127802
639 14.883400849957352
640 15.101083394138312
641 15.2133058441148
642 15.211409450238813
643 15.377333752283846
644 15.252756691983782
645 14.529942441800175
646 14.642450479053958
647 14.885742694799402
648 16.08556059200078
649 15.482863012457695
650 14.27394312313333
651 14.28173147169642
652 15.251142194620137
653 15.304367518161055
654 14.262972404697797
655 16.518766190698166
656 16.388104814009036
657 16.118924656098596
658 13.729401422586891
659 15.947292977107585
660 15.981920760108622
661 15.652721188235553
662 15.426934062206373
663 15.39765813858159
664 18.85084906062191
665 18.44766186654611
666 16.854088691256635
667 16.15006624490584
668 16.83992488054143
669 19.554574365282896
670 18.221537068138513
671 17.825771272126897
672 16.691877963179877
673 17.499214606768497
674 17.57751136538652
675 17.399043864358333
676 17.29581524339
677 18.42484529756164
678 17.73745929727489
679 18.687094769734834
680 19.14711683048918
681 19.864035156334403
682 19.30479554599336
683 19.361326010359793
684 18.142707910796794
685 19.471252592988314
686 18.333814928259816
687 18.475569621974117
688 18.52733730203176
689 19.16271814947983
690 17.05695371803052
691 15.940494439494985
692 18.09629461678516
693 16.37997627884621
694 17.002684209596943
695 17.118670732009594
696 18.436881739091532
697 15.197487921090666
698 15.65998955711284
699 16.65961704565143
700 16.85850825622001
701 17.220052349046085
702 18.242735891272403
703 17.292287719808566
704 16.626963466701813
705 18.03573810250508
706 14.854059698792312
707 16.926264497064754
708 19.896512980146085
709 19.256590177273914
710 18.392656901929
711 17.69484941574334
712 18.05560094167542
713 16.84140093574834
714 20.26426452425583
715 21.38175361244879
716 18.984175043767927
717 17.051220698987752
718 19.35990187588941
719 19.709490286329785
720 18.923085457133684
721 16.971989750076702
722 15.355459356676484
723 17.805547168651145
724 17.513854342871635
725 16.64787694741022
726 16.563031232838657
727 14.584061281698217
728 18.02021959788276
729 15.89792687226585
730 13.821591524971923
731 7.861978031960421
732 9.926528816883092
733 16.400637952848708
734 15.4401705523021
735 17.28349699578558
736 17.089188626036247
737 16.41628955539728
738 13.456419002380315
739 10.571813704666134
740 13.179764144526477
741 13.55085701781306
742 13.0411797204834
743 10.278128529616781
744 11.310175477021989
745 12.058432482857484
746 12.660472396539532
747 14.130951255863005
748 13.52387752174314
749 13.494581394951958
750 14.734944190004699
751 14.987541308731663
752 13.180905748070973
753 7.130651826383274
754 11.956534324251432
755 11.36325804284411
756 12.767890479285516
757 10.094091784508148
758 8.948062091773505
759 13.31063204254477
760 10.353938365723314
761 9.794241529367433
762 13.658337421220725
763 13.551684784028621
764 14.702104660504713
765 16.01251425447637
766 14.048699148260882
767 12.812431962124245
768 15.090222286676886
769 15.250386335254982
770 12.900523711518659
771 16.058363519942574
772 14.760517225887307
773 14.234485603952312
774 12.42782003345486
775 15.053641591563782
776 17.053293745453633
777 17.87792364065854
778 13.482268197033774
779 15.788332315783727
780 17.358576659141182
781 16.47362646728706
782 17.16480451431698
783 15.976313853916317
784 17.848703187335257
785 16.51116070337314
786 18.170331425748824
787 17.460050191897807
788 17.441852324137308
789 17.083191480081428
790 16.8167537381292
791 14.827962879184282
792 15.698662598256913
793 14.467750534583766
794 14.443899773277334
795 15.412892718331191
796 14.966228087645339
797 13.826844136974328
798 15.913475673741594
799 14.121425979871704
800 15.553497063336788
801 16.26003285441031
802 15.266440954404837
803 17.652251210594823
804 17.322895450334368
805 17.988802259379508
806 17.739260294047618
807 16.891858495729036
808 18.780764046342636
809 19.092391904276248
810 18.58043118082641
811 16.89513071613218
812 17.59491006016258
813 17.79066767189578
814 17.796587284561507
815 17.014175134350022
816 15.757286736723568
817 18.45885231059695
818 16.307988208841778
819 17.774281365311715
820 15.470503869037305
821 16.483574006702053
822 17.760647182642856
823 18.724072488077166
824 19.239615671434606
825 17.82937412610383
826 18.35316654981448
827 19.24335338041653
828 21.363859677363852
829 22.512187055357483
830 20.664062586435016
831 18.994835730360215
832 18.279481957503034
833 19.985948357278044
834 17.45901011109121
835 20.937818412890127
836 19.528233905651792
837 21.016399182381818
838 19.281032436050022
839 18.803824605312517
840 18.553367149370853
841 19.64086072346329
842 18.034815995925552
843 17.961255193693443
844 18.883551976233917
845 18.723318763075497
846 19.24023830843234
847 13.237218769228157
848 16.85205117814737
849 17.099771108963594
850 17.752569034266536
851 17.248173570672797
852 17.479936446903313
853 19.163340813115095
854 18.838286894050935
855 17.08174548961825
856 15.527411555208683
857 16.881303423715934
858 16.322059092577927
859 16.682868856435466
860 17.784000469760763
861 17.423230179329636
862 16.297889257148334
863 16.553680655022635
864 15.69277253762684
865 17.651628083895172
866 18.029956343601903
867 17.86943437866188
868 17.60630701466415
869 16.3154116211445
870 19.005873134378575
871 20.493894684541672
872 21.122999230211065
873 18.73272707119792
874 19.678472617226056
875 19.316118855783575
876 21.307074749442865
877 17.448489250824288
878 17.986695144811385
879 18.89517577437174
880 18.27459135790141
881 19.781719222160785
882 21.853888657552023
883 19.237384341100565
884 20.249343756479092
885 19.19739616065365
886 19.42673094708302
887 19.302951903096975
888 17.908619474661574
889 18.695783874461938
890 18.40323677965176
891 18.27328014142097
892 18.68482938261819
893 17.480193638912223
894 20.78661694564929
895 22.06488094817186
896 19.987752096879465
897 22.04761348283552
898 21.269727611363873
899 21.889988796650467
900 17.668009550067964
901 18.611768209125234
902 18.45841724500258
903 18.97761592643402
904 18.527005808828363
905 19.918600870467642
906 20.52039663545605
907 19.493053884338483
908 20.431121781372045
909 20.97511252142519
910 22.658496738497757
911 23.178487239751867
912 21.8358729502086
913 18.915530933885552
914 18.31523407055286
915 19.473298678028552
916 20.06375564321758
917 19.829433999913842
918 20.41034948342086
919 19.189534792165432
920 17.920227856617338
921 19.339484190568232
922 17.751213021279323
923 20.690182054831183
924 21.201312599579843
925 22.372732968208233
926 19.87300509560409
927 18.720945403009974
928 19.335394775307062
929 18.41830183470155
930 18.047609301729725
931 20.043373378708427
932 19.682480034441397
933 19.690532858499996
934 17.831665645916996
935 18.202997745414613
936 19.07085815805284
937 19.360794246563962
938 21.498579152540916
939 19.79813181669711
940 20.293071688541833
941 16.41634303799879
942 19.117745920159035
943 20.281833466694668
944 18.19073985517307
945 18.931108430950662
946 17.371260365637085
947 18.35616922827838
948 18.29938533755729
949 15.040150288224877
950 16.79449549641743
951 20.545251311925014
952 18.282458603104697
953 17.655129677559103
954 15.95092071887438
955 18.32680926962623
956 17.09574795405581
957 17.35589767817343
958 18.476137053403086
959 20.18260602888084
960 20.74971899168789
961 15.728691030548443
962 16.38802826051809
963 12.17523020107303
964 17.383149560992067
965 16.796517716792675
966 16.523526842893286
967 18.315798807093927
968 17.80569102911999
969 10.927645412501404
970 15.22128882805303
971 14.3963737404642
972 10.888531127696844
973 11.420492553280326
974 17.38754038712482
975 19.39639883492403
976 17.41832633457828
977 16.994816399329626
978 16.929801748926092
979 18.06747787128974
980 17.30016376498716
981 16.385644415590974
982 18.4638494625904
983 16.123908315515564
984 20.683859764056347
985 19.62950019600584
986 14.635689240835267
987 16.937328681731163
988 15.334015310335904
989 11.881818361623177
990 13.310846554949592
991 14.509814773164598
992 14.13339898523614
993 20.060549618509917
994 20.811060974848665
995 17.19136528239426
996 14.891163665123932
997 13.602514553936132
998 12.479188534048438
999 6.16788842368155
1000 6.556578579405104
1001 9.352934840043021
1002 12.160214012081681
1003 11.338697509431233
1004 9.773784735941224
1005 10.198959366954867
1006 11.125812514871978
1007 5.6441564093610435
1008 7.137144024484885
1009 6.5578743456205615
1010 7.172561705983475
1011 6.699159957633307
1012 3.4232023021084337
1013 3.319853293145624
1014 3.347133568971031
1015 3.497356092674155
1016 3.2890350330691716
1017 3.3732175651164207
1018 3.3326540907997058
1019 6.423176817278356
1020 8.984295999577032
1021 6.239387669665485
1022 6.41191857269574
1023 3.3932166008409
1024 3.7549162089756347
1025 6.438450001427133
1026 3.466695247625743
1027 5.4261334387245475
1028 7.819894154906569
1029 3.4644843857545493
1030 3.1785681139902673
1031 5.3149596487313255
1032 5.455136651456393
1033 6.206085616655387
1034 5.9589158287140975
1035 3.430185726468395
1036 5.541668955311141
1037 3.23914691396442
1038 3.7695571701614523
1039 4.62355748937849
1040 5.625630462473082
1041 5.803327433058473
1042 5.041025281512953
1043 5.7834357338477345
1044 6.021445142590686
1045 6.939070347422891
1046 6.308151006004109
1047 3.494985144956412
1048 3.653947587751206
1049 4.794764859003003
1050 6.294620379588087
1051 4.821445404199373
1052 5.991457538056155
1053 4.985894146901388
1054 4.8509994784195
1055 6.566217232997308
1056 5.509722361800275
1057 8.337716213523075
1058 7.897822754345583
1059 8.507735288430176
1060 9.4226991680711
1061 6.012375439084952
1062 10.259454586469746
1063 9.008031913584437
1064 9.480770184669659
1065 12.345217600864519
1066 8.061050726311025
1067 9.293998456918493
1068 15.200471346100626
1069 15.6676149398399
1070 16.925530827523023
1071 13.953310393948298
1072 13.786867547164501
1073 11.866274113252874
1074 15.986540975507982
1075 18.179015716276695
1076 20.30159743495048
1077 21.28757029262274
1078 15.978307091677157
1079 19.378179145689145
1080 18.773362487770783
1081 17.074398625982802
1082 16.95709115344412
1083 18.79377562333472
1084 16.269728151772462
1085 16.520335698121016
1086 17.48615272898683
1087 15.77746580883431
1088 12.828319408079684
1089 9.349157588585188
1090 9.236175827803304
1091 8.961097743913633
1092 11.68523079245992
1093 14.197226906318416
1094 14.113752055427932
1095 20.135564339871806
1096 19.735767160291775
1097 22.231984117724217
1098 25.866495771442324
1099 26.928408521185247
1100 32.51316317673287
1101 29.86546865580592
1102 30.607913577339954
1103 26.04543049002678
1104 25.771311892229352
1105 25.423369177825826
1106 27.24322234192646
1107 24.41557576558963
1108 28.581237047244468
1109 28.895800947033734
1110 21.95206230056511
1111 23.547186055757287
1112 24.872968810818545
1113 22.595404148804942
1114 27.776192255810614
1115 27.701116286384504
1116 30.34527458661429
1117 32.74467930980419
1118 26.9928074254989
1119 26.538177199809823
1120 27.057685040465138
1121 26.24125321237152
1122 27.059222716141743
1123 26.0115833199157
1124 26.52088016009036
1125 25.971259777163894
1126 24.175325129261932
1127 23.774106517597914
1128 20.768573350739214
1129 21.1145402177116
1130 22.702768598500718
1131 19.25809407746723
1132 21.62226653398971
1133 22.9311633306911
1134 20.371648556340634
1135 21.80408656427616
1136 21.784301142479293
1137 20.47732469625314
1138 21.80904689082837
1139 24.85552589631875
1140 24.468046452573507
1141 24.169168206659872
1142 23.8965160793182
1143 23.825874124128053
1144 23.845447297157442
1145 21.46965788863639
1146 20.23994486851342
1147 19.115024496831833
1148 19.024007896200636
1149 24.22462653649327
1150 24.02488321035509
1151 22.748539881203556
1152 21.95092842561682
1153 19.893953923984736
1154 18.79025070538303
1155 13.838929001947331
1156 15.12922321534585
1157 16.136665989139043
1158 15.510747232174696
1159 13.925254585331595
1160 13.748348571498294
1161 15.202514375269793
1162 17.303894330101784
1163 15.861418108248651
1164 16.917684772401863
1165 15.86263927651787
1166 15.290886962630234
1167 16.079860145137342
1168 16.03138736383334
1169 15.689050500558334
1170 18.318634345568842
1171 17.188778838833812
1172 17.109866027789156
1173 16.656582959963373
1174 20.31053027588316
1175 19.09244987924167
1176 20.238948507318533
1177 19.35415509400478
1178 18.05764044929663
1179 16.293824334751015
1180 18.92119787894221
1181 18.35920998444543
1182 18.08734356747787
1183 17.20622706706976
1184 17.329125360626065
1185 16.864893347428794
1186 16.436163664826616
1187 18.131056465229754
1188 17.500394291816377
1189 18.00508485858126
1190 20.661113547654992
1191 20.09671738002523
1192 17.703216482704796
1193 19.21937574537117
1194 20.666327093992894
1195 22.007561266630336
1196 18.701322017682102
1197 16.42730607303052
1198 18.964304212633042
1199 19.29639818249941
1200 19.820190771209898
1201 15.19180129867658
1202 16.51070007135795
1203 14.84262612807503
1204 15.154253151802749
1205 16.93670052807596
1206 17.245126269032447
1207 17.643554476424736
1208 15.910683445222688
1209 14.489286068147964
1210 13.281852565050395
1211 15.821546172950812
1212 17.202946153783586
1213 16.120676343869796
1214 16.543449323088968
1215 15.80804576879633
1216 18.474806877071014
1217 15.234290780734126
1218 14.729072506072722
1219 17.56739628679911
1220 17.002681400331127
1221 19.12659038439701
1222 16.951246872783027
1223 17.11443024997198
1224 18.09590601556919
1225 18.666345913891025
1226 19.713652195854486
1227 16.889891070596136
1228 15.706606855746102
1229 17.546744627220825
1230 14.054963734959486
1231 16.700576889086545
1232 15.552588105187404
1233 14.683704138538832
1234 14.606668228284759
1235 16.64139909482508
1236 16.3206463232786
1237 19.10948717760546
1238 14.162623807948602
1239 16.074577335454663
1240 17.201900536517318
1241 16.07193504909378
1242 18.41442873242205
1243 15.144959947011268
1244 18.476262449986564
1245 20.05885913781397
1246 19.312563697119938
1247 17.45097315307598
1248 17.295475458544924
1249 16.75423341485231
1250 19.026394073960486
1251 16.984345310568198
1252 16.77422347022457
1253 15.92720651744828
1254 16.785413038276648
1255 17.688023755855333
1256 18.23300656991992
1257 14.624291477941433
1258 17.19457165223252
1259 15.833035194910824
1260 15.08371584483644
1261 18.72589985703255
1262 15.39432324500101
1263 15.09443978343766
1264 15.65499752232953
1265 17.871529069553183
1266 16.443864064736744
1267 18.248585394251165
1268 18.53960274428176
1269 17.297280367254828
1270 16.049246933121687
1271 17.98849303933485
1272 20.61884350347049
1273 15.573634705084952
1274 15.827060037750398
1275 15.879053208735247
1276 18.180690938527636
1277 20.135840914863525
1278 16.7788484200077
1279 17.964149212284955
1280 16.12145275466394
1281 17.137247795373174
1282 20.44138082506755
1283 21.807374878612055
1284 21.807740017276856
1285 19.899999517162886
1286 21.23927465483746
1287 18.198780916022777
1288 19.752795226813188
1289 18.901545521091943
1290 17.30958005481508
1291 15.302983295492613
1292 16.274820680250922
1293 15.136105773686635
1294 15.069517202009088
1295 16.425438709085633
1296 17.555228824980457
1297 16.828909204774618
1298 17.169640783699222
1299 17.937514179284182
1300 19.573065647468088
1301 17.117151301638547
1302 20.382089916903702
1303 18.06485977691611
1304 18.748103223431112
1305 19.663178490483205
1306 19.55093950738291
1307 16.86929411722125
1308 19.29520642030989
1309 15.521714787793718
1310 16.593469484114756
1311 17.932664186778965
1312 19.67167858366795
1313 18.044903812833205
1314 17.768056582313918
1315 19.813569054210287
1316 18.19965495121753
1317 19.88848748556149
1318 16.3457919527345
1319 18.20757372512855
1320 18.839213537988016
1321 17.135812345826807
1322 16.278104351272898
1323 14.740289198677063
1324 15.913817285790941
1325 16.564376076309536
1326 15.498234061134008
1327 14.031729801256395
1328 16.661013708776817
1329 16.070019218620622
1330 15.014125608421475
1331 14.994276556507371
1332 15.387985428673165
1333 15.965871743056923
1334 15.166067220780402
1335 16.084870532982002
1336 16.119309298939093
1337 18.87635991921362
1338 18.561287995101537
1339 18.783760016127292
1340 16.211797280026637
1341 18.510938107842687
1342 18.063686157347785
1343 19.470007354070304
1344 21.69074524927226
1345 20.246683914044908
1346 23.094150039942996
1347 22.20264056109565
1348 20.84146722808143
1349 22.180496894062504
1350 21.416242264695565
1351 26.572078784004987
1352 24.994723226349254
1353 25.60134913749735
1354 26.70807742319846
1355 26.002240000545214
1356 25.928816877890096
1357 21.947971652224172
1358 21.736673776412925
1359 23.701247907924486
1360 22.531718899394562
1361 24.332885783204866
1362 22.822916347466357
1363 18.944009580527354
1364 20.159005389201987
1365 17.8433030170667
1366 19.014955338585445
1367 19.611670680792823
1368 21.357485170574595
1369 20.765656037235072
1370 21.257859384324515
1371 21.97489097793146
1372 21.801204256436975
1373 20.647071692731306
1374 20.404945431310466
1375 18.42885886795468
1376 18.28439920913953
1377 18.051388590721878
1378 18.840874791051043
1379 17.14968782950189
1380 17.408683389936385
1381 18.26572291650112
1382 18.274335127897334
1383 21.05720080423321
1384 18.81588898268382
1385 19.074349618284202
1386 16.455349035568492
1387 19.653371457017634
1388 20.085176125336147
1389 18.630338426461442
1390 21.1552908714971
1391 20.084348538336748
1392 21.225136047231945
1393 21.43422978851935
1394 21.828541499516202
1395 18.59230228750382
1396 21.680753756662497
1397 22.96164628143368
1398 21.52313885181487
1399 20.824773847900623
1400 22.033368618770258
1401 23.009648663004146
1402 22.756475067325635
1403 20.903685939137404
1404 19.833287954659216
1405 21.094076826472218
1406 19.20965711501132
1407 21.167171476125528
1408 21.524998438484253
1409 19.432855855410292
1410 18.704469652068163
1411 20.07139029264964
1412 22.11262876581485
1413 20.730860279078712
1414 18.917983793328272
1415 21.08949312663324
1416 20.816490709537362
1417 17.476593795522763
1418 17.652900254696636
1419 18.068415127985634
1420 18.857700626375713
1421 18.1620444018901
1422 17.757011004470066
1423 18.601372158182855
1424 16.91478863292567
1425 19.6162606683149
1426 21.32858774753983
1427 18.170379968521164
1428 15.152733616363877
1429 17.58807099055631
1430 16.844847088578593
1431 16.59001731541317
1432 18.911702615562252
1433 17.147098403644332
1434 19.359507172255082
1435 17.55547630543935
1436 16.454021751605527
1437 19.59964968119673
1438 19.30350080438711
1439 19.483003431660034
1440 19.897741874150007
1441 18.268928446612833
1442 18.712037762410272
1443 18.333174350803116
1444 21.564596328761127
1445 21.469163451935312
1446 20.166596532355292
1447 20.142583408318995
1448 21.480170766648357
1449 22.009656509191398
1450 22.955536735724902
1451 22.108959705890133
1452 23.500652679015403
1453 23.332546360551994
1454 24.064843829026447
1455 23.93876461910951
1456 28.70538580000729
1457 25.582604251193693
1458 30.56356144660531
1459 28.644156536945207
1460 26.23195884166839
1461 26.882418782975186
1462 24.94411930642139
1463 22.540767000228758
1464 24.571961527007826
1465 25.62302980433841
1466 23.949393581290277
1467 21.832017681755595
1468 25.10218771372506
1469 20.474887496102646
1470 25.633193839453053
1471 24.193636441656363
1472 27.892777914295543
1473 29.777543367771383
1474 27.990975563503007
1475 28.02471962568218
1476 24.872811464250198
1477 27.904754387770332
1478 25.148149933879633
1479 25.138150162746623
1480 25.30820049872845
1481 24.238580411269623
1482 26.556905311512825
1483 26.771623897766393
1484 25.738361177838193
1485 26.437103037887127
1486 24.095076150999365
1487 26.13434532052315
1488 26.109625249941132
1489 26.443056109735526
1490 27.947842150634035
1491 28.97409225769604
1492 20.929376625193985
1493 19.92079352428661
1494 19.97058628401354
1495 20.275370927239415
1496 23.73134526721638
1497 23.07522179394645
1498 24.22780918511535
1499 18.066358613729903
1500 19.937057406702394
1501 21.956131050010782
1502 24.481264672504203
1503 22.61632083629054
1504 22.75854232671732
1505 23.379882514459677
1506 22.390048436110373
1507 20.857883395477767
1508 22.413387805239697
1509 22.314995916919667
1510 22.713825560445677
1511 24.247507863632958
1512 24.497260277599988
1513 24.540220376725376
1514 27.336723853236368
1515 28.87362962078132
1516 28.70989350544962
1517 30.658220940205748
1518 33.492949776439445
1519 27.431125327144205
1520 29.899624964288687
1521 25.293070838032524
1522 27.356908797767996
1523 26.12463847632302
1524 27.526658540910397
1525 26.62824462804224
1526 32.507307550818524
1527 28.328159757787898
1528 20.876170492334136
1529 21.54262537519675
1530 24.874551271474346
1531 26.971859767699254
1532 28.40718810986212
1533 23.914982868310013
1534 24.033504552084946
1535 28.187455324111067
1536 27.048308734339912
1537 24.562117729073577
1538 23.12184887461015
1539 26.454797016219224
1540 24.12808230833576
1541 24.53568141272925
1542 25.959681823545736
1543 28.215774504747422
1544 24.4230953484093
1545 25.034542128454667
1546 25.267445715174322
1547 23.330334656769914
1548 25.262121079772914
1549 24.247403418967046
1550 21.396012050241776
1551 24.474879870294508
1552 24.51689261565262
1553 18.105004135875657
1554 19.994196440645577
1555 19.49563372782577
1556 21.54914581767224
1557 21.823420666358615
1558 18.664268636983607
1559 20.872311340853493
1560 21.88333012683441
1561 25.78413410763862
1562 24.47344441774973
1563 26.816566102547988
1564 23.737147879884624
1565 20.08046333990854
1566 17.938758689190305
1567 22.81100844910873
1568 19.744236845320245
1569 20.92010791482666
1570 21.50951406119874
1571 23.435734843539475
1572 25.26880246278985
1573 24.850118914413073
1574 25.02432273292931
1575 21.174651626446373
1576 20.196366676510195
1577 21.761284038970004
1578 20.66374189331397
1579 20.86073771937737
1580 21.44898546231247
1581 19.535997676702486
1582 23.60549736344267
1583 23.041566316074952
1584 22.507172629878838
1585 21.88109663768001
1586 19.63987178097868
1587 16.647783782302117
1588 17.994906625780313
1589 15.496795215958247
1590 19.178704814534786
1591 16.39660764037808
1592 15.488922760297642
1593 13.769015989983405
1594 12.774560308726972
1595 15.657984957386951
1596 16.513607688316277
1597 18.285545891617772
1598 17.802401351655075
1599 15.92737163595655
1600 18.44500201693723
1601 16.647256548175275
1602 17.517788190500394
1603 18.438010416423747
1604 18.56124008168703
1605 17.519888853470203
1606 22.17486962367211
1607 23.405734916789676
1608 20.501467893829965
1609 20.915038480972406
1610 20.25896695312199
1611 18.049248792321297
1612 20.930929293426935
1613 22.380613234954065
1614 23.446393621798713
1615 22.753281131339875
1616 21.731369036942734
1617 24.006830536240418
1618 21.336390636947048
1619 24.865217839119655
1620 21.002047392801867
1621 19.333222512574903
1622 25.646751829774907
1623 21.380121021909186
1624 21.535986222190903
1625 24.141414486882375
1626 22.611905581010756
1627 20.659181524827734
1628 18.870657172614433
1629 23.623900239467847
1630 19.1906926896482
1631 26.175043947982054
1632 26.94382081726559
1633 26.89470444378219
1634 22.007069868222764
1635 22.468386628906856
1636 18.870017203794124
1637 22.462055436979075
1638 19.923798809289256
1639 19.86856063731132
1640 17.608651708451067
1641 22.593542237415956
1642 23.552644242912717
1643 23.870668964203052
1644 24.21876060311078
1645 20.548923201799155
1646 20.52317365588084
1647 24.18814108365405
1648 23.77152496859704
1649 24.847328838881246
1650 28.32122368773944
1651 27.753319563913195
1652 28.05441070450428
1653 22.16885544220758
1654 27.306488635212993
1655 26.217353917205177
1656 25.050676780599346
1657 22.720010666770836
1658 22.801690975419934
1659 22.935512070752527
1660 23.604360354571217
1661 27.183957287626107
1662 27.81976399204949
1663 26.861143171011037
1664 26.03458056932063
1665 32.0842356426067
1666 35.918752931658815
1667 35.458509940454974
1668 35.249709561710986
1669 33.11289942535437
1670 29.1590742042317
1671 23.74281272580932
1672 29.127924388342553
1673 27.782010989718675
1674 26.949021993507788
1675 25.824607111847953
1676 28.569463065784102
1677 31.254550018079282
1678 32.74927138622312
1679 31.2707850026073
1680 31.494902038991945
1681 31.000403203238967
1682 27.010749584225124
1683 27.708488182264745
1684 26.2040536845816
1685 29.158312375899758
1686 28.576515317325637
1687 26.33823871382906
1688 28.826250343527878
1689 28.559862100870514
1690 28.426329041081754
1691 27.069439515596837
1692 25.94606236832919
1693 27.445699570224743
1694 24.95459738131546
1695 24.78764816056784
1696 28.961529277681638
1697 28.914591314064285
1698 32.47449677643714
1699 30.943788788534526
1700 30.14240412012759
1701 30.427926304767922
1702 29.505965990024958
1703 29.8893721402375
1704 32.23154796801367
1705 32.32119586050085
1706 30.55898841720975
1707 31.427133106238784
1708 30.591253333051135
1709 26.486651481199395
1710 29.50194666122285
1711 25.70576878109024
1712 32.27723034455113
1713 31.422571755934037
1714 28.42904969753614
1715 24.477273259552216
1716 22.525292343399926
1717 23.711351383580283
1718 25.28405348364564
1719 27.284691614650903
1720 27.959693547031787
1721 31.37184757074838
1722 31.083811439575
1723 30.856632042515958
1724 27.378528599121925
1725 29.98137806044748
1726 30.670068692320363
1727 31.88919476479345
1728 31.690882153076476
1729 29.575222508415095
1730 27.97962921453305
1731 29.55995052795435
1732 25.177733528503307
1733 25.893581473290283
1734 28.4756121220634
1735 31.8582100093675
1736 31.456277590262403
1737 31.385607241345753
1738 33.53764904998628
1739 31.05860534926291
1740 32.34225854230183
1741 32.899190473786796
1742 36.41228984040089
1743 34.149610422768625
1744 29.22846774717346
1745 30.68455523124772
1746 30.029804472343695
1747 27.899391793611155
1748 29.47527251048267
1749 32.42458039036806
1750 32.12370192328532
1751 29.795635610220977
1752 29.693955795639877
1753 32.920728571979446
1754 29.688667607556066
1755 26.652235846051983
1756 22.594206065916364
1757 24.5801473032384
1758 25.447510037887618
1759 25.28289044273208
1760 29.222832250284437
1761 26.259532461381458
1762 24.265078581240406
1763 21.93308530877819
1764 22.971210704664404
1765 22.71781294389001
1766 29.514447687394522
1767 30.572606829621066
1768 28.345815257176994
1769 31.029315140691633
1770 30.639009288282494
1771 32.292102758667056
1772 30.46107959344737
1773 31.8463853037151
1774 33.49660252212709
1775 30.413652257847026
1776 29.181972643129974
1777 30.547435490260842
1778 29.38252611260468
1779 31.69970404069056
1780 31.578030974993556
1781 31.37598856163088
1782 29.842289267657133
1783 29.666423878071495
1784 27.01921896489503
1785 25.261764281589326
1786 26.421013169658632
1787 21.650877202566576
1788 25.00043202641604
1789 25.33695133762984
1790 24.55179677443537
1791 25.55214741130872
1792 26.782301455098832
1793 30.32864864389544
1794 27.216163497912547
1795 30.092495363206126
1796 31.89048561911581
1797 29.473689654999742
1798 29.603277141826958
1799 27.55295338175012
1800 27.001461429306488
1801 27.256421829164942
1802 29.919322812857544
1803 32.50368302162912
1804 29.532689709421433
1805 30.0958632052721
1806 22.99789112985989
1807 22.891655737039258
1808 28.540687951155217
1809 28.482628707283332
1810 29.717643616054563
1811 28.539271992451877
1812 26.12126177271252
1813 27.85197944417093
1814 26.153824068909103
1815 30.05378921288024
1816 29.53092225809599
1817 30.146940090439497
1818 26.078987971887052
1819 27.735073393615323
1820 22.06448877034438
1821 26.94777593599513
1822 25.17074113495416
1823 30.414468773389906
1824 27.845880271779897
1825 29.460311284696235
1826 26.20808186339359
1827 29.02853628230974
1828 28.480348729821305
1829 30.153615642048248
1830 23.634546266867744
1831 18.617215731679963
1832 17.91262103403672
1833 20.3373859361003
1834 23.233079900309757
1835 24.539574102004323
1836 20.21732715748699
1837 21.894273042362485
1838 23.722289754231856
1839 18.88834965180997
1840 19.803737408680107
1841 17.93220853807428
1842 15.101861936635443
1843 17.23796765587687
1844 18.803858128633173
1845 15.789573586776454
1846 19.344063584503772
1847 20.534192223759767
1848 19.675215914649748
1849 17.049368364705966
1850 21.77025142754181
1851 24.017412697519134
1852 26.379030894276617
1853 20.558181266197064
1854 20.525843531065274
1855 20.63922804049123
1856 25.976246800622885
1857 24.36872941043216
1858 20.45146608940808
1859 19.887504053428767
1860 18.227700767410973
1861 26.06934043501051
1862 22.427618899013297
1863 25.49636126700415
1864 23.32604440651083
1865 30.30152138660653
1866 32.25272389550267
1867 31.946518009397057
1868 33.03160554143685
1869 26.82720744602606
1870 28.479295701584263
1871 26.05479201077408
1872 32.05493199777386
1873 34.47930989449566
1874 34.610535985701
1875 30.159185898409266
1876 26.468253496910066
1877 31.66705378760163
1878 30.673494725313258
1879 28.23142901461135
1880 25.14810878235939
1881 22.814225120580776
1882 24.933455904221905
1883 22.74796603824746
1884 19.423109020376703
1885 22.000171765674633
1886 21.008410463588525
1887 24.601746123957444
1888 26.06838274301775
1889 23.407058593278464
1890 22.19724381582374
1891 25.0874353601444
1892 22.49742939775501
1893 24.772890762000145
1894 23.53266714369436
1895 23.29988651111804
1896 28.363564393271268
1897 24.3178056254777
1898 24.029922790068714
1899 22.98384709301024
1900 25.48909949251293
1901 24.783501427445177
1902 26.18710435531707
1903 28.309017622849833
1904 27.656862433215128
1905 28.504464784209727
1906 25.97220173949468
1907 28.72317756179612
1908 25.669502634817796
1909 28.89241975187481
1910 23.21505902591392
1911 20.61728553852128
1912 25.317448611054655
1913 22.956941004354583
1914 25.730518692233538
1915 23.532092032013566
1916 27.768677103689118
1917 30.408161059754896
1918 30.68138228478495
1919 27.290146817211102
1920 26.17266889482637
1921 23.573462722278208
1922 26.01035243476031
1923 25.03688982446017
1924 23.031960140297382
1925 20.980210682962966
1926 25.213012317154778
1927 23.49679532282701
1928 23.337279737806586
1929 26.34910677819736
1930 22.906746664719822
1931 25.8982298814073
1932 24.7444220723604
1933 26.419500980463273
1934 25.76854473357184
1935 27.498574128398374
1936 29.578583964243407
1937 30.248506483557453
1938 30.859405673003835
1939 32.09834525873358
1940 29.001386204214914
1941 26.68293058089411
1942 27.963730420181204
1943 29.3689300847592
1944 28.496423176738958
1945 27.896129875966906
1946 27.907265158793688
1947 28.621599627259062
1948 30.326286816124053
1949 31.230585128594335
1950 33.40657517933091
1951 34.23723893925284
1952 35.294850244213855
1953 34.172338052568364
1954 34.945956210505514
1955 31.27776432878792
1956 31.85524239994023
1957 35.77522661842795
1958 36.08869296157288
1959 34.23172822849067
1960 36.27433095657934
1961 33.400013997474495
1962 34.14784657752004
1963 34.078310358212306
1964 33.989239399310826
1965 32.647578843568134
1966 32.71074406037196
1967 30.178470705614384
1968 26.908280783805658
1969 28.249954270040313
1970 30.105688237943397
1971 33.0139359146935
1972 33.32159887681411
1973 31.33774513201597
1974 31.790621888328474
1975 31.062501739154445
1976 30.67807854575417
1977 32.94762598625016
1978 32.53373574455442
1979 35.38431901260363
1980 34.032929309025015
1981 30.126254082150915
1982 30.646644956359584
1983 29.94286416665413
1984 27.750244588350668
1985 28.76478925798058
1986 28.887676529584606
1987 26.751189110410696
1988 28.461479009073873
1989 32.42234178500837
