0 32.032077615522255
1 29.15040403990326
2 31.43030252175213
3 35.965037644734515
4 35.406802194137725
5 32.7903131018919
6 36.4894757229485
7 35.108455471896875
8 32.40855462489435
9 36.407578459613994
10 39.29162533022525
11 34.84099271945262
12 37.70465205681152
13 39.389927134982756
14 38.972044766537174
15 37.040235065465986
16 31.996797532740544
17 29.105238542196137
18 25.675789288371153
19 24.000288360650938
20 32.203709635275736
21 37.72994161680162
22 33.88146131345879
23 33.906206698414685
24 37.98442774746857
25 32.985007899042984
26 38.0916935014361
27 32.27214177851816
28 35.12811249812417
29 39.64331365654997
30 41.545801835188826
31 35.349149928432595
32 35.59393951375121
33 34.48425240738493
34 35.803203064473465
35 34.14855291882883
36 34.15094507918823
37 33.07070587610178
38 30.460772986713806
39 32.53346659053536
40 35.010744438200504
41 38.12568806464189
42 38.55469285484103
43 34.85117561272345
44 37.01069871792524
45 30.17820962985766
46 31.751124723417703
47 28.476590284117133
48 31.64550175688538
49 30.665553328564663
50 33.20187499202212
51 32.097452624525495
52 29.441167454879526
53 32.43659624172284
54 39.3099637539636
55 38.536747344852785
56 38.335582064417736
57 40.714600420703924
58 40.108824398916234
59 38.70986876335166
60 38.254674016659685
61 37.83234105446322
62 42.28051718356629
63 40.94390891246922
64 39.93489054092547
65 40.063472773964065
66 41.793161287200306
67 41.29628008664437
68 42.59147892975126
69 45.57484212630311
70 45.73903594217393
71 45.710425378687795
72 48.275471778491564
73 40.683780477970295
74 44.05867221070398
75 41.75884253169032
76 46.2797283419599
77 43.75226123504742
78 48.80707927659337
79 46.83923035985279
80 46.21440254784904
81 42.57157865950339
82 41.3741847532874
83 39.33458592932677
84 37.96363123966692
85 39.93127054203205
86 33.15461942140341
87 34.011971388050114
88 32.5962075026307
89 28.267314781635253
90 33.93227735528017
91 35.60148358712965
92 32.883067614703656
93 28.860582970586133
94 29.36854595948244
95 30.114236977199734
96 35.78553602273653
97 34.57799976257411
98 30.84503114348301
99 29.38335948818367
100 30.466152615063706
101 33.162014189311236
102 30.546004053232114
103 31.575783484401864
104 32.28734293294579
105 32.18371837523483
106 30.32690649211839
107 27.306558443102876
108 30.446295455130493
109 29.47195257838003
110 32.68272017765836
111 28.99726111559017
112 33.85760410998331
113 29.510472444896948
114 31.755245783981035
115 31.589377523479154
116 28.077546210517326
117 33.354859357687516
118 33.53504020225684
119 29.76739524652296
120 34.824026954577874
121 33.06905430378067
122 30.33450780805563
123 34.04747614349957
124 36.16660993923666
125 32.97283374211802
126 34.107167887457415
127 31.7101314070768
128 35.60560078716679
129 35.43747294239401
130 40.47408751536775
131 43.672655322196064
132 42.081637849724494
133 38.30829495562186
134 33.36977121059365
135 38.24982157722259
136 40.690702976703186
137 38.74259729024763
138 40.960747117304386
139 39.26182866226007
140 35.43736968711835
141 36.21459680419501
142 37.28842908454444
143 35.065614759944914
144 30.295153829159972
145 31.423715560860753
146 29.58172571663805
147 32.11927169705936
148 38.72699896765343
149 35.715183211114706
150 30.309025392836205
151 30.72136013242879
152 30.39510614162303
153 31.705021105594863
154 31.62833861182354
155 36.625080275344736
156 34.472330833028785
157 35.92924632424587
158 37.9348948351106
159 35.11739408533964
160 35.52242688439875
161 34.43286565135928
162 32.09337152049878
163 32.020943620108135
164 34.96090971751546
165 36.61028984075479
166 39.2279211264134
167 42.56452900617084
168 39.07555650268625
169 37.6230648740794
170 36.77885886702111
171 40.915295296598
172 38.67215666298358
173 35.38304122842262
174 39.263712238917414
175 38.7621941059923
176 37.57892039426372
177 39.87860175536724
178 36.872776687975474
179 35.904690489230966
180 33.05629322904514
181 31.934913824458093
182 36.269366604570045
183 36.381936082879896
184 38.578740834422064
185 37.38169149603625
186 35.595558019229664
187 36.42750537759191
188 34.51836675482294
189 34.663241550856824
190 37.11868578341834
191 35.13412809879
192 37.98250148136755
193 33.61673469179461
194 35.9001863522728
195 35.90157785292079
196 34.726289671126366
197 36.23270480298193
198 33.66103096807444
199 30.153097562060555
200 35.95111783691634
201 39.75564563124927
202 41.9850522391845
203 44.587444952667234
204 42.45532376072626
205 39.995656002197485
206 40.06578792352219
207 41.5658106868636
208 41.33880802402236
209 40.74178408319766
210 40.72931489097749
211 40.64503869657554
212 40.21134392990381
213 40.80761950799545
214 40.589728921118756
215 42.52544144168967
216 45.569723663416895
217 44.71871804971016
218 47.31381330731284
219 46.970196231311355
220 45.8094972983905
221 44.5034192377895
222 44.329367192832734
223 45.06088789586561
224 43.45752043491795
225 42.64403109804596
226 43.796039574568994
227 42.48822127886196
228 42.079124730792955
229 41.345135039549824
230 40.54487936083184
231 38.43680406775414
232 38.550983155192455
233 37.34919662433666
234 38.03758221393414
235 38.58525251029894
236 39.76384464158789
237 42.56695636733665
238 40.85757712215579
239 40.89759525278978
240 40.8734193047209
241 41.21121645245413
242 40.47167030199362
243 41.32815445084704
244 39.98584882298037
245 40.83720560295822
246 40.500675529488966
247 41.77200587412092
248 42.07871989331298
249 40.17757594409243
250 43.00401229323544
251 42.43920383352534
252 42.57198444163375
253 43.94106138970658
254 41.04105116303456
255 38.877547792230196
256 39.114893994741
257 38.66338010644743
258 39.1046622076273
259 40.917598617681115
260 40.62371765308046
261 42.50906188784446
262 41.07025716596148
263 36.91924836287299
264 35.9317972585035
265 35.79090522963569
266 36.254291609999534
267 38.86326730454551
268 38.04324807348424
269 34.021019719489345
270 36.7410237865531
271 34.51818511673599
272 34.81213606578326
273 39.685034769350054
274 41.0481440007499
275 40.9484884177128
276 41.75998103731535
277 40.45553844111474
278 37.26963718997755
279 38.43394143065869
280 39.84192499215107
281 40.98573869367323
282 40.73380174043664
283 41.040750018005475
284 35.69297915764607
285 38.21682856917899
286 37.35036436858418
287 37.16469040958988
288 36.552377811522895
289 36.03015464799861
290 31.682977800951097
291 33.11843032891521
292 31.628253005510597
293 36.09063070519405
294 31.757106397607302
295 30.421859262849793
296 34.96269390204001
297 36.840438842238434
298 34.326894896896405
299 35.319000332973815
300 34.619089479113455
301 35.61305302946615
302 35.1514927144747
303 31.697557454102924
304 31.570076599126985
305 28.068932181343897
306 27.087157055050533
307 28.775591902734597
308 30.943896928109496
309 34.637506295777506
310 31.344000245884796
311 29.670240527027204
312 29.71690132018344
313 32.10519673386814
314 33.16692743712405
315 35.596054173861795
316 35.86853551209273
317 36.02806229006043
318 35.2601128831916
319 33.98802692847158
320 36.16038503360577
321 29.992608994350686
322 27.243457635954922
323 30.308029332032007
324 29.79436050849277
325 27.49773722615541
326 27.912838602492183
327 27.99046471498139
328 27.050991383399577
329 29.81844416944559
330 24.975118694959647
331 27.285152932688852
332 27.051788127315163
333 30.65856235015992
334 31.080135323341693
335 30.679821417561968
336 32.400253090301106
337 32.900413782298855
338 30.954194501944258
339 30.153395774579515
340 27.32084860578325
341 28.76774060564056
342 28.19056831080584
343 30.71250059718362
344 29.572722526045823
345 31.741814922543618
346 27.725940135198407
347 31.445299657865927
348 29.04606029610049
349 29.557814973556635
350 29.72954100384758
351 29.060318569604895
352 29.637301994081845
353 31.03053976568368
354 29.608659446262635
355 28.59073778458778
356 32.35289837744159
357 33.94861314788659
358 30.163455244931203
359 31.451504440473876
360 28.483379908333138
361 33.400131222452494
362 30.137375407383068
363 30.445066674617024
364 32.472949668824036
365 30.161545463970842
366 36.72886871617538
367 34.86163770601084
368 34.82715913440742
369 34.19680721536704
370 36.21080161066733
371 40.659804791837466
372 42.32463798368393
373 38.41049392298891
374 38.29158344674099
375 36.69838759095815
376 34.70611254706833
377 37.62904147757297
378 37.854967654546535
379 31.322916788564687
380 33.15312036466004
381 34.74145463326423
382 31.571997173286864
383 34.16691051427173
384 36.63580981658119
385 39.30562724228522
386 39.06927597617951
387 39.88303670681609
388 37.802960080210504
389 41.63197599048556
390 40.11104890691248
391 42.631037268299316
392 44.2490384435987
393 42.18975188791465
394 38.04297449347927
395 40.44455023539001
396 42.1246628940364
397 41.04213031626999
398 41.08731668274842
399 40.134109451655405
400 34.93494360554867
401 33.51226757093932
402 32.175169941550074
403 35.128604626861325
404 39.299018138135224
405 35.54844557278557
406 34.14617818413856
407 34.17162952774159
408 34.941485162553185
409 38.54088991232512
410 40.06999205619973
411 35.327983278037074
412 40.196830216779375
413 30.22709510044937
414 30.98267376315974
415 27.7298102713314
416 27.681353131725984
417 30.967677794021704
418 28.081039638876526
419 23.426811365247303
420 24.833700420471597
421 23.548107973421455
422 19.101225982448593
423 22.19196523371322
424 21.763353605069337
425 21.059330176588645
426 22.772218261797608
427 19.60136800193739
428 20.858852936201984
429 17.614643526004983
430 18.32435590333446
431 20.47307230806343
432 20.008639092877495
433 27.951617965278484
434 22.257503855943273
435 16.77531307190363
436 20.51732333252994
437 21.456111979128035
438 23.72672976200699
439 22.49087163782038
440 23.059881029680554
441 19.635946404131378
442 25.154706497361843
443 22.682072835142865
444 21.170784555151894
445 21.534684125796765
446 27.718385450674855
447 25.330204204455963
448 21.243275602966747
449 20.97123904900636
450 15.90067611911567
451 21.117498490392727
452 22.659986998863026
453 20.30794497239163
454 20.924296064382027
455 27.35758598756832
456 25.258098347943616
457 27.206511076557167
458 35.48673750819335
459 33.62022404806349
460 37.58809512800707
461 39.302574156374945
462 39.990014753364356
463 40.74331234239641
464 37.88812321961883
465 38.06346644792362
466 37.066931766055305
467 37.92985044828131
468 32.6894855792543
469 36.13313818091313
470 38.09392854500565
471 39.15375820803522
472 37.155036087842106
473 34.45949021518585
474 31.54856231435617
475 31.116293910002298
476 26.549998862890387
477 23.894408213315398
478 25.579761705626932
479 20.6986549842669
480 23.79351530928865
481 27.31554106447259
482 24.725829030141895
483 26.76693170516257
484 31.107588237861066
485 32.244635414209924
486 35.59757281779672
487 34.09767500560859
488 33.918757019242776
489 31.380851795972138
490 30.519995695361903
491 28.386633091862908
492 31.76531774709269
493 30.571280726816916
494 30.865261310883753
495 29.26734795802226
496 34.08100252461165
497 33.97523237498005
498 33.91840889399525
499 35.739960762224904
500 33.47249863103501
501 32.91237139626177
502 33.03131561455299
503 37.19231919747882
504 33.376932561222944
505 32.848794843436686
506 28.28591351288141
507 27.345003242133277
508 32.93177837807136
509 26.836431967608537
510 28.862655036447194
511 31.94895929975644
512 32.90336746729474
513 29.08061642117055
514 27.872717103738434
515 24.30373537966703
516 30.54399134292572
517 28.483164225414797
518 27.730494425677765
519 30.49098951778453
520 26.311196645700292
521 24.592948189299264
522 22.81544499691402
523 24.771475988266086
524 26.02039224145722
525 26.721875131895775
526 29.15541194631631
527 29.85461270307127
528 30.959750259645126
529 26.86219116163999
530 25.930765021721367
531 25.9605930240761
532 21.67017835512238
533 26.204054985670325
534 22.014601012419504
535 22.177919669924222
536 21.72448506324192
537 22.786368485920114
538 22.718052271161664
539 21.443856600398703
540 20.003775745011517
541 19.803016102435855
542 19.776574147393674
543 19.55633498857475
544 16.12015720327794
545 20.55620681798507
546 14.71746898895806
547 14.48366777261648
548 5.475975657968964
549 5.81851729910308
550 7.284460480167074
551 8.242327128977262
552 5.758730750626007
553 5.682637589407612
554 7.059161573798
555 9.507505949669541
556 15.872929053140687
557 13.645624349927957
558 15.874954980742903
559 16.038190315066917
560 15.38334543952189
561 17.961028997809915
562 17.929334781338607
563 19.416196545011005
564 16.95302420526238
565 18.050727610255727
566 16.67355666319038
567 11.831733382979158
568 12.71501184605111
569 11.866482196992564
570 9.48297707238028
571 7.4632504534813195
572 13.17464921180827
573 14.07911119811329
574 19.257752479870646
575 22.365581715923074
576 18.142845512998125
577 19.04548800799825
578 20.19689352874047
579 18.791851247374662
580 18.006768347289185
581 12.38244976397052
582 11.26713405666967
583 8.88559686360688
584 9.496894018361589
585 10.840249592372256
586 13.742709438712655
587 12.798406356507357
588 12.351354050683245
589 13.316682925879398
590 12.317742208431477
591 12.876497430588516
592 13.499980494239823
593 11.847120083495755
594 11.588781044109961
595 13.548099237773512
596 12.015035442541535
597 10.759965811744898
598 10.94886928529439
599 11.609665418370335
600 12.388477253113633
601 14.29435700163034
602 12.487233311379525
603 12.702725709559227
604 13.18077510208731
605 13.179015424459537
606 12.194076825716698
607 12.174533400740316
608 12.623632400085517
609 12.183935949888951
610 12.719984737387986
611 11.00319762196634
612 11.862409965359033
613 11.961868205278655
614 12.087414577851574
615 12.457347000388092
616 11.120402682983995
617 10.265331575568261
618 8.531431146946662
619 8.540146114293133
620 8.25484437851374
621 6.463600182186146
622 6.422431954720722
623 6.299781057230198
624 6.576182751254572
625 8.24983987958662
626 6.7604330378804
627 7.171851365997136
628 7.245339395890796
629 6.719711231629303
630 6.200172230230424
631 7.2313536133450205
632 6.189031193274062
633 8.644322077744448
634 8.349252584960308
635 6.012471748011142
636 6.129636100934883
637 8.438869643532229
638 7.65748289115731
639 7.488469866138172
640 7.137974902645128
641 5.248612063626853
642 6.905481085103513
643 8.529175534669328
644 6.635714106154341
645 6.88695501091165
646 6.6991256448256165
647 4.756790290674508
648 6.166358835318305
649 4.658956213927251
650 6.76906181471136
651 4.494940565767245
652 4.727168226466446
653 6.103727666992915
654 7.2664893305689455
655 8.695930991725678
656 6.838777775112924
657 6.860136398975504
658 7.218843177326446
659 6.9533558529072215
660 4.896012119161102
661 4.729793394228495
662 7.483572221047599
663 5.961822431356976
664 5.202111817027676
665 7.3192554337919535
666 6.668975479161904
667 7.026939326863743
668 7.1875274840576875
669 7.409285949237084
670 6.228392824303637
671 6.113486605942855
672 6.277970881594012
673 8.859104756456873
674 8.550694638978985
675 10.02604388288803
676 7.918006345414605
677 6.853563179735905
678 6.814654344516756
679 6.322258661929777
680 7.155850450564422
681 6.41314383049208
682 8.047732770572543
683 6.177877088710861
684 7.476810451046547
685 7.362071721642929
686 7.042266512875345
687 7.592612764797525
688 6.709761001343219
689 6.260794159450239
690 6.9785945018098205
691 6.700703930179659
692 7.627994736483872
693 5.695276677883006
694 6.201276875944769
695 7.49316514704448
696 6.930470181976929
697 6.971153244869326
698 6.711985964981966
699 8.31010535671671
700 6.926076999114086
701 6.654726594393372
702 6.060098434052131
703 8.279833060846556
704 6.878306583774296
705 6.609886953893254
706 6.232299808892762
707 5.917707559591986
708 4.762012875191449
709 3.939525122783883
710 4.911295615919747
711 5.00204121406466
712 5.500881082620244
713 6.950497059022268
714 4.519299463322433
715 6.209716358413809
716 4.815448523396033
717 7.640477771540993
718 8.279520740814773
719 10.436458789096633
720 10.026377635418438
721 7.408889368395663
722 9.791007654989711
723 8.031339722842286
724 7.759678725533017
725 7.104689293723376
726 6.600223916497118
727 4.568169724671373
728 6.304245467919756
729 4.45511280205438
730 4.431658355076126
731 3.5291611980718924
732 3.6150273078110224
733 8.252127784054768
734 7.153801830202189
735 6.794861834377963
736 5.057444661607971
737 3.655080441552465
738 3.6020422533439347
739 3.5642578333373742
740 3.566245750634849
741 6.95635744315146
742 4.249393361130541
743 4.109862809479599
744 3.9056509875405716
745 4.711051289655466
746 5.593454153339819
747 3.7970147649563386
748 4.342644522863682
749 3.574291358909946
750 3.499836002006728
751 5.706584025182558
752 3.449136837258317
753 4.275445998056287
754 3.5147420321820624
755 4.855329408085268
756 3.5971192876902687
757 4.899852908652981
758 9.291170913343825
759 8.073759937986948
760 9.331033909149202
761 11.265597228230831
762 8.23603147272426
763 7.684870720348683
764 4.622391076737212
765 5.215377406298355
766 5.573885250763384
767 5.454101766801987
768 4.421425392518149
769 5.402642034074142
770 4.252838914764894
771 6.671565410385021
772 4.352140495170497
773 4.179085563238151
774 4.125924741857613
775 3.936836675215077
776 3.5321038659093036
777 3.441360523515261
778 3.6913933173188003
779 5.938882625241759
780 6.919658271165743
781 6.370335514029286
782 5.960829706796074
783 5.941430439418237
784 6.073286428741482
785 6.400170470204575
786 5.954749635323353
787 6.518264115360251
788 5.151177882947069
789 5.709801127260885
790 3.9937834583219978
791 5.4338509873129
792 4.9819793247368285
793 5.2797699007821155
794 4.117308247690097
795 4.850861335229944
796 4.814516362226267
797 3.7169615344165012
798 4.886217935535437
799 5.221949029193428
800 5.432103336462908
801 6.017323275772065
802 4.219439348518796
803 4.48216795132507
804 4.625848038053018
805 5.539110266528928
806 6.3000915752635995
807 6.499899770435663
808 6.2751650825115535
809 6.034339338289039
810 6.64200890013611
811 8.41790082135582
812 7.860241219967277
813 7.04900849504385
814 4.553344353035143
815 4.649661824227915
816 6.0986431195040645
817 6.311580894424869
818 6.681358480550182
819 5.638319827562474
820 6.341756995383124
821 5.071806710223536
822 3.574778010497594
823 5.471043147801338
824 3.9139638161305763
825 4.058056390874169
826 4.83667491408194
827 4.416829180925427
828 8.202345063108043
829 7.39657521000271
830 8.574113506635266
831 8.844849478017009
832 6.575804334395358
833 4.9356749914286
834 6.485248140209918
835 8.535638184661064
836 9.154183487422374
837 9.013906400282286
838 7.778162644725657
839 8.534895797948012
840 9.071930675251403
841 7.569706683063014
842 9.352666717246853
843 10.520936411080195
844 8.950152689521264
845 9.096594488031824
846 10.345869550656355
847 6.66771120799838
848 10.016317763524944
849 8.958236060020885
850 9.243599984874946
851 8.830085787685436
852 7.638985097087358
853 9.257482810562571
854 10.306347774952552
855 9.946016807128041
856 10.267045229306904
857 10.25336323954833
858 10.71923291433724
859 9.164249732948297
860 9.813235810969022
861 10.274161477030887
862 9.829192959589383
863 10.095462120885347
864 10.105212815436527
865 9.49714087592899
866 10.185547499085935
867 10.743192643981198
868 10.621313707728868
869 12.285674035262936
870 11.664733118316938
871 12.797902768522146
872 12.82164964601157
873 12.635518796188716
874 12.304891651215753
875 11.941425283970768
876 13.507787982945063
877 12.374133226178033
878 13.061669686247948
879 12.89275469005863
880 12.539915080295692
881 12.611628618081127
882 13.61437225728967
883 12.793489791844628
884 12.698649352020835
885 11.571041845893689
886 12.534681878294865
887 12.255717130271101
888 12.583725114389182
889 12.285164723329384
890 11.0814603767861
891 10.868911679500151
892 9.258766637730261
893 11.462198933239671
894 12.160544180074208
895 12.914064147446657
896 10.430959809098928
897 11.187564304761917
898 10.845396602532714
899 12.859104659799721
900 12.569984735529532
901 12.205861938073433
902 12.708871743176479
903 13.163468982214749
904 11.73617270812127
905 12.646329069314712
906 12.523589789561187
907 12.043672529863565
908 12.687034415848736
909 11.767776920877667
910 12.481179838226039
911 12.16680919537649
912 13.971291747417235
913 14.033032516585566
914 12.710101128248084
915 12.166320958018598
916 12.146611863362274
917 12.146555838856976
918 12.198058662754535
919 11.070929207125117
920 10.82003876817322
921 11.230606739465243
922 12.975700568603298
923 11.794953431806428
924 11.439771604146872
925 11.369930226037113
926 12.7787591624515
927 13.15752280807443
928 12.331339104899596
929 12.174823255259753
930 13.24858836635067
931 13.3631323094468
932 10.480320043517876
933 11.415027213852069
934 10.174226536452155
935 11.518594089126031
936 11.645994521295385
937 11.470449792440991
938 12.07481321529089
939 12.505734382595046
940 11.88893324233963
941 11.392894195918348
942 9.724497630887102
943 12.21254842787243
944 9.916560473189403
945 11.996272897921802
946 11.71905285330712
947 9.187207450286099
948 10.024577536873528
949 10.935619320591583
950 11.221449555241211
951 11.518423748436673
952 10.180593725655267
953 11.048471632142016
954 10.807050453237228
955 10.945149133870643
956 10.752900069649842
957 11.01359462687003
958 11.625925032816486
959 11.493098614703625
960 10.980154234203157
961 11.64528395836423
962 10.749654851399711
963 11.506109829567615
964 11.382278149708451
965 11.506774811124485
966 12.040145594347987
967 12.86852662734352
968 12.745783130742787
969 12.19638051620691
970 14.495982395410456
971 14.18969079433395
972 13.38216930114804
973 14.012249913053434
974 12.557815910118912
975 13.51310044180051
976 13.689973822423706
977 12.699014051865129
978 13.22997475994274
979 11.172678970017971
980 11.831755438391298
981 12.700537482981039
982 11.709467324157758
983 13.056186022655979
984 16.42460675691319
985 18.080484604268552
986 16.139222404716207
987 13.568317860822441
988 13.237627366942094
989 10.97590191124495
990 11.423246289615312
991 12.888183854077507
992 9.707969876891397
993 14.46049293783834
994 12.498730516444828
995 11.72150809986495
996 15.181483732101736
997 13.763905974441244
998 8.696599860074166
999 9.417486402909397
1000 10.232926821708622
1001 10.727290703432768
1002 9.959000386439364
1003 8.860888479678266
1004 5.8208223390990455
1005 9.536397648431887
1006 7.378250163203371
1007 8.412461755797963
1008 7.484835895525173
1009 8.171859161685514
1010 7.87335560561697
1011 6.464566194966855
1012 7.9602223723538055
1013 5.855421007701834
1014 6.014168443382171
1015 6.766341426845838
1016 5.961968771299445
1017 6.440408302037595
1018 3.994018383319019
1019 5.476723281609167
1020 5.595451749635831
1021 7.060971223726495
1022 5.3930811154637235
1023 4.502990025371853
1024 5.450225770972513
1025 5.418839991475067
1026 7.653864789549575
1027 6.719895352866933
1028 6.715443762386569
1029 5.699914553220012
1030 6.37473383397145
1031 6.687548521826125
1032 6.001403585918783
1033 6.260955363028801
1034 5.32599415289341
1035 6.507365551076099
1036 6.634245227524282
1037 6.250755799052753
1038 8.15577680426556
1039 8.506457546716534
1040 6.92338780740583
1041 7.343831080396738
1042 7.119339426213489
1043 6.27245301074604
1044 5.886935209728638
1045 6.794066508194641
1046 6.818149350358136
1047 7.285424974673159
1048 7.574954904840204
1049 5.59085843930905
1050 6.006632363616426
1051 5.7034898113036725
1052 5.704170972048881
1053 5.299512265767767
1054 4.602520431035147
1055 4.598230631493516
1056 5.948216236537316
1057 4.775656759822348
1058 5.689129342852624
1059 5.586511509841253
1060 4.278249118436718
1061 5.42098327294395
1062 5.5572426781695174
1063 5.945048236094167
1064 6.492220237942312
1065 10.658669938880005
1066 8.7369624485254
1067 9.0264468315128
1068 13.62894525355744
1069 17.169894320727085
1070 15.222951151649958
1071 19.07753668500316
1072 21.622680189061132
1073 21.745249668407983
1074 20.094884961747052
1075 18.96766361764352
1076 17.69526122395577
1077 16.75833717323253
1078 12.339351287351143
1079 15.504857849830856
1080 20.353051049548355
1081 20.211319062087846
1082 19.608965891285006
1083 18.77612665020922
1084 19.939480116378483
1085 22.81410460035075
1086 19.945245042593402
1087 24.980033022399233
1088 26.400098477664454
1089 23.3258650131904
1090 26.521442484569995
1091 25.780079739945982
1092 27.222697387587296
1093 28.0325723532757
1094 31.84098552840564
1095 31.883261134662835
1096 28.670204429535335
1097 28.771253691383848
1098 32.07120282070897
1099 33.06363059243405
1100 32.85973872639653
1101 29.06956809928599
1102 31.89822345744596
1103 32.48527367331166
1104 29.479272424813722
1105 28.449380285920743
1106 30.20723905542754
1107 29.13289000915762
1108 26.450062273919222
1109 29.155161329264576
1110 27.97446888784743
1111 28.01701407010955
1112 29.32141551841664
1113 28.184268651545953
1114 28.931115825950666
1115 28.59603294624881
1116 31.840355950327705
1117 33.87242337071255
1118 30.022532537420012
1119 30.002292876444837
1120 33.42577149354623
1121 34.482493726106135
1122 37.12256032246538
1123 35.95734529073421
1124 36.26472790444666
1125 35.10776951894151
1126 36.46393358723303
1127 34.36404205511327
1128 32.28529932599116
1129 31.330383870814405
1130 33.20956779380511
1131 35.675674689351744
1132 30.915113564718848
1133 33.565685154153286
1134 31.86966820601429
1135 30.72515599640134
1136 31.153804105450472
1137 35.36503793126382
1138 38.08336711745286
1139 41.79898391981866
1140 35.987140460999775
1141 39.20640433851759
1142 36.496368141485235
1143 37.59851590881157
1144 37.96015873341246
1145 37.37410911124458
1146 32.96020375928663
1147 33.18565868073188
1148 31.665063071096423
1149 34.28810907283391
1150 30.52637556736371
1151 31.12752906050642
1152 29.526588054545826
1153 28.026915878047948
1154 27.731986309009276
1155 25.831386902578426
1156 26.12256058081921
1157 24.148312995214113
1158 22.67195258215302
1159 23.311191361411822
1160 23.74850346898487
1161 25.69219331733757
1162 30.379591301189652
1163 24.497003666979566
1164 26.074538940124317
1165 26.12478106614713
1166 26.205202845557157
1167 24.200065779525822
1168 27.902477838223188
1169 26.67349795056471
1170 30.422562919004836
1171 26.90475066526723
1172 27.273617513461346
1173 27.200826525222162
1174 24.419478828007968
1175 27.92124828410436
1176 30.57323892173912
1177 28.167229589344824
1178 26.47189447436002
1179 27.513924832616333
1180 25.310633419601267
1181 27.27134342042557
1182 28.853779715121618
1183 24.37489459986435
1184 31.99665136832833
1185 30.59638939662384
1186 29.033164538959173
1187 29.93775220741316
1188 28.128054375709166
1189 31.700207566514663
1190 31.93580948399257
1191 30.051660448126064
1192 31.32028291622622
1193 30.39847929364892
1194 31.000367039372936
1195 30.467156703355997
1196 26.591615632294964
1197 28.9255464937435
1198 30.545310994091007
1199 29.940637664927465
1200 28.893580335985497
1201 25.221273046416492
1202 26.678853160523307
1203 25.583389914427848
1204 28.878270441013083
1205 25.64295474110695
1206 27.844577632592497
1207 27.97070761242868
1208 27.03409397579635
1209 27.90221519238224
1210 27.605595832537592
1211 28.93943475164907
1212 29.452453324023157
1213 28.431181392434564
1214 30.211101088221277
1215 30.075940133590862
1216 32.947305808286956
1217 31.17464979120359
1218 28.941402811904197
1219 30.211157909794423
1220 28.8948596254431
1221 29.944907017774703
1222 32.06077023643422
1223 29.66982442267279
1224 31.001608027693646
1225 29.914338259159965
1226 29.573425700343744
1227 26.448783615348194
1228 29.439749375176692
1229 28.32947987337096
1230 27.956607470098305
1231 26.66346146674654
1232 28.970634807215735
1233 28.428896844046562
1234 28.614665701574808
1235 28.764479127197507
1236 29.676024374574606
1237 29.47320716133762
1238 24.533392137831488
1239 22.793734391629897
1240 19.38830172315383
1241 20.80622062373572
1242 21.118733670373658
1243 26.545346041783063
1244 25.363830076934168
1245 27.564891047291525
1246 27.130457867726783
1247 28.705098838964567
1248 27.078480929154473
1249 26.254176047031738
1250 25.201272495458433
1251 23.673340250313736
1252 25.6375387977041
1253 25.52162312092888
1254 26.099653424524995
1255 25.847334482747033
1256 25.707924591671325
1257 24.584647815012
1258 28.85353652818202
1259 26.456478310674857
1260 26.576700405351
1261 24.69973419752252
1262 26.08811493161464
1263 25.568217845585536
1264 25.464953059606653
1265 24.177679454704393
1266 23.642050097408823
1267 26.269972506675547
1268 24.141547352427583
1269 24.24899993754055
1270 21.153683607657435
1271 26.30252801115845
1272 25.201788877880357
1273 23.56187329799361
1274 27.570897513197647
1275 24.707129870941
1276 25.367960426514415
1277 26.250013969413512
1278 27.219883125588023
1279 26.371199312308537
1280 26.043880360057237
1281 23.715169724346868
1282 24.622440176898685
1283 24.958886043116937
1284 24.008397002578068
1285 25.878243791855184
1286 28.849485504136464
1287 29.254836248187093
1288 24.994256273063
1289 29.914543527534473
1290 24.74476012126052
1291 23.881427592075227
1292 26.504597758544993
1293 29.022409870840285
1294 25.815979036209338
1295 25.858809434808474
1296 27.29579538869778
1297 25.05069139282932
1298 25.785260678203922
1299 25.365229350554173
1300 23.792519903049524
1301 24.914479571108544
1302 27.05048318162934
1303 25.722732645859633
1304 24.583324752809663
1305 28.522176793137653
1306 27.005995721037962
1307 23.59508943298595
1308 26.64354579017406
1309 22.521395757472234
1310 25.519036167760323
1311 24.319169569609087
1312 22.899434341171876
1313 25.756515988340027
1314 25.926627721634546
1315 27.34200600818645
1316 24.582017644905267
1317 25.838597079498243
1318 26.967648366018143
1319 24.957708622623745
1320 32.13615497418052
1321 30.00599830150911
1322 29.740001174819742
1323 25.727799125509605
1324 24.245319193680743
1325 23.72979740179675
1326 21.268660626100896
1327 24.710697422565158
1328 25.504419816442926
1329 23.77234384696197
1330 25.96668803060985
1331 23.36082103459351
1332 21.953136645829854
1333 20.66631849467846
1334 20.07781408498871
1335 18.93925209407604
1336 22.424140820968496
1337 19.348279583601876
1338 21.66657756179053
1339 19.975730544749865
1340 23.033671606143738
1341 26.943938148882463
1342 21.137346644776123
1343 23.761609890499052
1344 29.22792953456662
1345 26.445510476328312
1346 27.22410248961229
1347 25.502770187452644
1348 25.57206200870533
1349 28.98790936007197
1350 28.96972563325907
1351 31.155376175043415
1352 33.95372214275919
1353 32.63983226605292
1354 31.415371494299734
1355 27.697936524946577
1356 30.222130966507546
1357 32.30561384202122
1358 30.97838191949073
1359 30.84467469941276
1360 34.51924344616227
1361 32.72059707817962
1362 27.38648440946174
1363 28.164996524990542
1364 26.71707347443012
1365 25.096216772227237
1366 26.326046865399366
1367 22.281907971631878
1368 24.36553244636927
1369 27.348571083209404
1370 29.29764330345338
1371 29.374048401278102
1372 28.139817667987735
1373 27.786595821561534
1374 26.27153350051484
1375 23.956861429807084
1376 25.539148817165866
1377 26.927189083865915
1378 28.0153658699942
1379 26.32918503570633
1380 25.82853725489792
1381 26.845393297444136
1382 27.24261865153866
1383 29.049662234857816
1384 29.619310251882546
1385 29.643230096193598
1386 30.38237281754218
1387 30.60220200156021
1388 33.06517676598372
1389 28.652507497148484
1390 29.4075804576804
1391 30.241494861731493
1392 31.337489661530128
1393 32.51800201607565
1394 29.338401953773236
1395 30.893441054707523
1396 33.7116859714486
1397 33.111577044548675
1398 33.61322624205611
1399 31.1686170482353
1400 29.361728796466288
1401 34.61280537126569
1402 33.86524900829659
1403 34.06403474661567
1404 34.38670724976455
1405 35.123365378913164
1406 36.05379048795697
1407 36.90451730859276
1408 38.31951322393693
1409 37.99839475439432
1410 35.74281712878462
1411 34.071798122407046
1412 35.23485541695023
1413 35.91878727687999
1414 35.57110608749017
1415 36.45277239462668
1416 32.81340777165984
1417 31.415990510784237
1418 31.261891365303796
1419 30.026732812388232
1420 32.4612691391635
1421 30.545975351222438
1422 31.710454766361174
1423 26.058186360047443
1424 27.332978797852896
1425 32.74900324339748
1426 33.62034199811487
1427 31.748821964570887
1428 28.542369750958528
1429 29.828051765584497
1430 31.413136544640494
1431 28.072781177327442
1432 33.517940035565104
1433 31.395300302178132
1434 32.10437496206595
1435 32.018496619204456
1436 30.347259106203417
1437 33.36783045605635
1438 35.903738655152644
1439 32.19864012945407
1440 35.50244041828175
1441 34.6146349478127
1442 33.7254901607632
1443 32.14089554031088
1444 32.591169021493656
1445 32.52450914689441
1446 32.53395494984244
1447 34.21933268818226
1448 34.89517849886748
1449 33.73665087115419
1450 36.356978332363916
1451 32.282198376548955
1452 30.62695512384507
1453 29.636624377617558
1454 33.245439090523654
1455 35.234290958099955
1456 37.923036351715254
1457 36.968125612253885
1458 40.548838646255334
1459 43.450049727744
1460 44.437048915664874
1461 42.96838075199935
1462 44.99710921320782
1463 42.402011871853894
1464 43.51424520727652
1465 42.986339019232275
1466 34.46649412942652
1467 30.43639973844921
1468 32.894226078965886
1469 33.82299855348814
1470 41.89830517028293
1471 40.285923770023246
1472 38.02656068599984
1473 31.92556362636854
1474 35.09014154435924
1475 36.47082973563259
1476 37.40690657852029
1477 36.50185650913239
1478 35.544537545593485
1479 36.95722647335288
1480 37.474134492694645
1481 37.346828036795706
1482 33.24468347719051
1483 34.52307585344591
1484 29.377896244994886
1485 31.378280108765317
1486 28.993155408356056
1487 34.77910432605403
1488 39.919688147556926
1489 38.42637627623288
1490 39.04326128413829
1491 37.82917353169652
1492 37.43499364001402
1493 35.7531640116418
1494 34.59567353035617
1495 39.105761552669605
1496 38.79350507433095
1497 41.978454643334764
1498 38.845956352017254
1499 40.93142996610969
1500 40.44191569711809
1501 40.04059083354625
1502 40.298039548615435
1503 43.52898465564218
1504 39.3218318407538
1505 40.3840867199568
1506 40.73345996035264
1507 37.64427594413523
1508 41.917110826393305
1509 43.93905076902082
1510 41.44721142483742
1511 41.98092068551655
1512 43.46233168369801
1513 45.30060841606098
1514 49.547387531905926
1515 51.578291090532424
1516 48.823207522082974
1517 48.46514580114626
1518 48.7012161253105
1519 49.8498271061339
1520 45.85465314829616
1521 43.117585064376996
1522 45.69206263710547
1523 43.80368535806219
1524 46.459370126358586
1525 44.15407062703388
1526 50.89733836125889
1527 45.99792301899632
1528 42.13102566953537
1529 39.07640066291522
1530 46.72350382947108
1531 49.43782739697822
1532 51.07028188031801
1533 45.38148421874845
1534 48.177072404436345
1535 50.275244907762655
1536 47.249824303246896
1537 44.271652870560665
1538 42.24133557091271
1539 47.29713703004303
1540 42.37292670713741
1541 42.14657013715665
1542 44.84154547663186
1543 47.087780708856684
1544 46.915123840043805
1545 46.87673189871452
1546 42.94043908111465
1547 41.96299300959885
1548 39.461773776461435
1549 44.173910141552376
1550 42.12560288474074
1551 45.0475852401542
1552 48.715608139004885
1553 42.607218229791364
1554 39.763382647240206
1555 43.8097776393541
1556 45.31399683825173
1557 43.37283511104893
1558 41.67450716887448
1559 39.65351461381109
1560 35.34942673657194
1561 39.12599452994658
1562 40.45117894593235
1563 35.68783385494825
1564 34.607989224433595
1565 27.79767338905303
1566 30.812049876870947
1567 34.48860449407943
1568 31.134060628317435
1569 31.593955829100892
1570 30.719683560202903
1571 31.575940750022625
1572 38.07620240717776
1573 39.870262912099065
1574 38.6301739304812
1575 38.21075482727701
1576 35.34649467606759
1577 32.39570834897174
1578 31.61412355689907
1579 30.485814682323685
1580 30.871695841599685
1581 28.86294897941391
1582 31.85793707741725
1583 32.01349068179405
1584 33.35695058090039
1585 33.11034906951493
1586 28.721371519942473
1587 31.56655579470496
1588 28.589185734814503
1589 30.63487019022132
1590 32.10270408473822
1591 29.007127862197198
1592 27.22768370499877
1593 27.335461187127912
1594 28.91620213037689
1595 32.4859838340184
1596 36.09374185041804
1597 32.316802198613544
1598 32.74182171919513
1599 34.28047875253889
1600 30.45856703357272
1601 32.713961530962855
1602 30.780051809678763
1603 34.04550103899699
1604 32.390291668969816
1605 32.06231853037354
1606 32.928864196227764
1607 35.25696195716372
1608 36.377587650143674
1609 32.7595935984314
1610 32.325293693177734
1611 29.855281165809615
1612 30.68233918086495
1613 31.91979799809994
1614 31.51377576560097
1615 30.113000511054373
1616 32.220708104612555
1617 29.04774592135749
1618 32.43949096379161
1619 32.9614314618202
1620 36.90332321210241
1621 35.092747259792816
1622 37.73288392333582
1623 38.67785444436634
1624 37.28458122215163
1625 39.99958060347895
1626 39.358690373699396
1627 34.27232524880584
1628 36.058317819291624
1629 34.062453717934694
1630 33.645124832717045
1631 37.03969322290471
1632 41.129315106110305
1633 38.80045425114157
1634 37.23477388466385
1635 34.27780121136433
1636 34.51294463889752
1637 35.53077408327024
1638 37.91297918903609
1639 39.53879339224271
1640 35.54904725959072
1641 38.273025377368185
1642 39.699972678618906
1643 46.317836306534936
1644 41.27948201289552
1645 41.1512692489596
1646 35.08951862258812
1647 39.16821608560819
1648 42.65813462005556
1649 40.65981658381976
1650 42.541996701359494
1651 42.028402066359604
1652 45.71365404354396
1653 39.56241511829271
1654 39.1722165049876
1655 37.33874164088347
1656 36.923491328294226
1657 33.55493284113988
1658 38.23998152072914
1659 38.809069402107575
1660 37.61666780729284
1661 38.54349379742118
1662 40.69576695380245
1663 41.188780710662
1664 37.36105592084846
1665 45.567567596045514
1666 50.141122343653635
1667 52.491350869974035
1668 51.75425131932355
1669 46.23803035830159
1670 43.409347127577085
1671 42.241260218910824
1672 44.679184124449584
1673 45.98645587726307
1674 41.68258948693368
1675 39.42647556723471
1676 42.13318643761073
1677 41.941840815027774
1678 40.89611150472926
1679 38.861208660043516
1680 35.899799332217114
1681 38.24437485221046
1682 39.82501048038637
1683 41.100706210562066
1684 36.64765825092409
1685 37.612253633947695
1686 39.01552451616408
1687 37.25142235592012
1688 38.23271753706149
1689 40.80552744299993
1690 41.77655692060452
1691 42.83963191466545
1692 39.86472136703339
1693 44.00972303320929
1694 44.13030246143518
1695 43.25254090517412
1696 43.29096498654441
1697 43.33589407795101
1698 42.86858514165033
1699 38.98250239430699
1700 41.21255520296545
1701 40.446781572267675
1702 40.110867217773574
1703 37.806909652579584
1704 40.08586731876428
1705 44.81161973593229
1706 43.277580216536535
1707 45.778309021531385
1708 45.027112238936354
1709 43.56517975110237
1710 46.90641598654996
1711 45.692254684394925
1712 49.36847418863132
1713 43.11908370211867
1714 45.1825564830064
1715 45.2322083742123
1716 44.480111033101196
1717 42.89619050088655
1718 44.07232067094452
1719 43.52481849248751
1720 39.052154059225316
1721 38.523206117325294
1722 40.70891569737151
1723 39.45351083910554
1724 39.01563499512698
1725 42.356624965330944
1726 37.179551063741
1727 37.87930870012124
1728 36.57081336173879
1729 35.19607191269914
1730 31.12528727494294
1731 35.094082037837865
1732 32.85095752721912
1733 34.497601536246194
1734 33.02954276564742
1735 34.2721208463343
1736 37.41788972973579
1737 34.09106878446196
1738 42.560962270177555
1739 36.17701243172265
1740 35.67808573623309
1741 34.04667634698456
1742 36.852582668282864
1743 36.70853616390838
1744 38.476614902354925
1745 42.78927812100861
1746 41.181833697024196
1747 36.98050499831674
1748 43.140222837911345
1749 43.761975133366384
1750 40.16058814700468
1751 36.51502951635503
1752 40.835819356602926
1753 41.13720094054668
1754 36.81625207586451
1755 33.09951640507789
1756 35.689983463394704
1757 32.36893375178866
1758 38.66748200545055
1759 36.43209858592567
1760 31.299476272992738
1761 36.40030008258905
1762 35.311911138853674
1763 29.793820029471703
1764 29.587666902070808
1765 36.157108972783114
1766 38.928111270806035
1767 34.973788931798026
1768 40.86469543083408
1769 40.07086915591091
1770 39.63576249764451
1771 41.876190088217335
1772 39.63504479815156
1773 40.77840357026641
1774 42.01423043964428
1775 40.17327395455
1776 36.37234930899787
1777 39.03494417791227
1778 34.25700511055876
1779 33.99153265418554
1780 36.51944822246458
1781 33.66837375059009
1782 36.02654653270667
1783 39.50391436455525
1784 36.617786884181896
1785 34.09094592517335
1786 36.5324841563466
1787 37.284383039324624
1788 39.177466924657665
1789 40.45373243690263
1790 37.113299219150065
1791 40.25837036378805
1792 40.41728845066656
1793 38.323880438649844
1794 36.962031634416135
1795 39.533874222144824
1796 43.1616712450573
1797 43.23142580743045
1798 43.10025770810067
1799 42.90794854248892
1800 44.716241160838024
1801 40.83261716526748
1802 38.478591727056276
1803 45.258581461413115
1804 41.545761075714246
1805 40.77432214504165
1806 31.62876625792047
1807 31.512950143266195
1808 36.95940512772987
1809 35.39061623192393
1810 35.77047193671204
1811 37.04060401894898
1812 40.311409683322516
1813 39.17616591313695
1814 39.306715812799276
1815 37.87018632699038
1816 43.64557647866946
1817 41.23882619414028
1818 40.97954766093559
1819 43.37413050703084
1820 35.94059931820149
1821 38.56940795790073
1822 37.46072327412519
1823 35.12051814406038
1824 33.756412827816796
1825 32.62695832505006
1826 39.27234386085669
1827 37.29444115388168
1828 39.53544453597719
1829 41.28133042698214
1830 34.74024409622169
1831 29.4328116454517
1832 34.50362049139059
1833 32.89242994782095
1834 31.776061434890295
1835 35.99170511941888
1836 36.11929723501343
1837 36.98523679117286
1838 36.80578618627668
1839 33.85134448515822
1840 33.64612139280971
1841 33.58182723359007
1842 33.72181144010717
1843 27.544005364666518
1844 32.66523503693509
1845 31.51669422075722
1846 31.82783477583885
1847 33.59868611417781
1848 34.77711721617466
1849 37.20978727160342
1850 40.29212182629052
1851 40.433508702209515
1852 41.583285486709926
1853 41.171668615281796
1854 39.83626598469446
1855 37.933317041327506
1856 35.694562233918724
1857 34.60448189437346
1858 34.02452673418704
1859 35.62166492451224
1860 33.58704843319825
1861 40.6552032204277
1862 45.463454018123926
1863 46.85776740749413
1864 47.100705438947834
1865 46.85953378903517
1866 48.1840053808825
1867 51.4475853253042
1868 52.848809009044096
1869 50.8196605239468
1870 51.59540372837885
1871 49.67082942416059
1872 52.08537065425073
1873 50.960477139716396
1874 51.52167695390723
1875 47.85035537834241
1876 47.84931520560188
1877 53.3702734017228
1878 49.755540893269604
1879 48.21973094969367
1880 46.916051789748295
1881 48.26219992500526
1882 47.69441050377732
1883 45.897581761970265
1884 42.39695491387108
1885 41.529721156661225
1886 44.52776868316648
1887 45.040718846553354
1888 47.70786783700596
1889 44.00180295676304
1890 44.55161607572676
1891 47.3357174343003
1892 45.9401114761572
1893 51.1509727422506
1894 49.02163993016535
1895 49.02472704988282
1896 49.80455738127521
1897 48.893565113269005
1898 45.12716212559048
1899 45.26753702833097
1900 46.65571210794379
1901 48.43883374783571
1902 46.000129710791825
1903 49.60796659421618
1904 46.38360304163638
1905 51.825169203144085
1906 48.66302613552044
1907 52.460521216054765
1908 47.914654455787215
1909 47.36926137985354
1910 46.285765180843164
1911 40.48770679966105
1912 40.609560563426264
1913 43.23933123129822
1914 50.71614600402879
1915 46.58321670527596
1916 49.75902508261994
1917 48.017240403667074
1918 46.85528015424682
1919 49.44844677196798
1920 48.69762444865038
1921 45.50449019526892
1922 48.53600390624775
1923 45.81921334009929
1924 43.876450105820226
1925 43.22193426159784
1926 41.146358493476406
1927 43.284278267980966
1928 44.88769473872442
1929 46.311678194730646
1930 44.29884875263931
1931 44.05749854309618
1932 45.73890852512959
1933 42.91638176916556
1934 42.79205881865021
1935 37.748968384351116
1936 41.238918910431074
1937 41.113154232750944
1938 46.075569300704025
1939 44.558484524292105
1940 42.39170536951262
1941 43.29810462963063
1942 43.917681930032856
1943 46.762986814389066
1944 50.00679031842472
1945 51.45356843341351
1946 47.119709130822216
1947 52.839959715572625
1948 53.997917289290854
1949 53.20305748448955
1950 55.50923313223773
1951 55.860099150295284
1952 54.5921722885903
1953 55.93027860985877
1954 52.871037543328484
1955 55.437062373409844
1956 56.753551042950136
1957 60.495036062773686
1958 60.357068901653925
1959 57.59923222121662
1960 56.64091281511142
1961 54.76116459766631
1962 50.953001110765165
1963 52.48415151390748
1964 52.79642016678541
1965 50.4233275284748
1966 55.41706638696644
1967 52.11404487437232
1968 52.89955105616589
1969 48.48551111699076
1970 46.47501957139666
1971 47.11452935316494
1972 47.40941066158812
1973 52.242883287272946
1974 51.98098826752145
1975 52.9555829800943
1976 54.17383932409789
1977 55.39677718243025
1978 53.08691008543209
1979 54.16361450363509
1980 51.58620323547134
1981 48.13380109504541
1982 44.70081649427015
1983 52.27942044674365
1984 48.8015019818511
1985 50.59490609526401
1986 48.82466259976369
1987 47.146442035228404
1988 46.98646023361265
1989 47.45077416420968
