0 49.13578612850275
1 51.546402396452464
2 54.361359304291916
3 49.226017624238985
4 51.62068659288642
5 52.68033852811752
6 54.272991649331665
7 51.302718533006306
8 50.347594471103676
9 51.05081358694289
10 52.710667687840086
11 49.312178018955464
12 48.4264662327063
13 49.8092603395633
14 46.55920967168256
15 46.55101076817251
16 51.22984974212789
17 49.522328249849956
18 47.95438903484796
19 51.34954463003259
20 51.35185032257775
21 51.53074800289318
22 51.27805624430515
23 49.038276247208906
24 48.054781129513366
25 51.3479450901844
26 52.67780719889811
27 49.40940863375998
28 47.36615742187183
29 48.189951514862535
30 47.1430438087019
31 47.40372818811295
32 46.4272827593313
33 49.14994323001936
34 48.66502711058157
35 48.9923634326394
36 50.007664534530804
37 50.80920764979414
38 47.36518694531021
39 47.60331567486403
40 48.896146798563514
41 48.19349178258949
42 51.052988938505344
43 51.91152514094269
44 52.91400168680912
45 50.07253233183368
46 49.454754784470666
47 49.83015511273118
48 48.40817230167553
49 48.70766837652981
50 49.582100715072315
51 48.39144268424933
52 49.537624535783834
53 49.06993950815575
54 50.55751962367981
55 47.60894097173849
56 42.683529053426916
57 38.25412416206239
58 39.09183445991751
59 44.794572495800224
60 42.83749842932752
61 44.46455044304764
62 49.350729266131395
63 44.782300822335884
64 44.9103038866209
65 50.238394280269745
66 45.18108200026423
67 41.72920086930492
68 42.227833329897244
69 43.21146020834809
70 42.159408559072205
71 38.890954124642086
72 37.18672205062995
73 39.7328148212484
74 38.380916005031594
75 37.204563892398006
76 36.251767338625584
77 35.3424230569833
78 36.401353495361086
79 35.30532627648998
80 38.1874252352515
81 36.43011909684182
82 36.66566006483294
83 35.75700905230567
84 35.49361075796783
85 34.040060328470105
86 33.32998818281247
87 29.983063001797355
88 29.632832965428317
89 38.71648787521428
90 35.66347860016853
91 35.47599311720073
92 36.51560901806549
93 29.992487394624764
94 31.935715951478002
95 31.360031119183862
96 29.006211646396654
97 25.57266391116882
98 28.199882076815555
99 25.532700485809
100 26.971709192788055
101 26.500635913873438
102 26.316592841209513
103 29.16242520868143
104 25.531145719629123
105 20.64763685055414
106 18.311147367481986
107 19.526640490369914
108 24.849174353007882
109 26.486205376096148
110 29.232980431910757
111 27.906773021765392
112 25.10134950519328
113 26.40167007759515
114 27.016104226384467
115 25.539489407733736
116 21.645698160532774
117 20.368534648373597
118 22.712296607014654
119 24.97625049002338
120 17.256343371368857
121 16.323096114617133
122 19.01434572019764
123 12.584456587013772
124 12.196784140663665
125 9.36832723623802
126 7.856440234030623
127 9.747865558962616
128 6.33886255262343
129 8.119130397510764
130 8.894981638791712
131 9.168175640446055
132 6.696352810050907
133 7.250939875630521
134 6.533504321882369
135 7.4865755040636195
136 10.006802951265822
137 8.78224262660417
138 6.923002051636122
139 6.1267661716356985
140 6.549148232127963
141 5.97048140373271
142 6.350769951331415
143 6.533273510705025
144 6.2773417312587485
145 8.302563196315242
146 6.273922857740597
147 5.249518732486534
148 4.227250568829202
149 4.849354488246248
150 5.176329562032172
151 6.062170716024091
152 4.420317235084206
153 8.090727425080518
154 9.731542612329706
155 10.256398241162792
156 6.394015249647126
157 6.95844148192037
158 6.449295053463059
159 7.598283959508311
160 5.165890383932728
161 5.5136852494853965
162 9.06106558335406
163 9.684080106279382
164 8.816428433706369
165 11.881453835314609
166 13.589740194516075
167 10.7521024157228
168 10.799628038241961
169 11.144572393298917
170 11.476214737537656
171 14.016973019286075
172 14.973097542221575
173 15.33073804029212
174 17.840196970699388
175 16.73533399416587
176 14.652386893937756
177 15.292208812431499
178 16.027019602715328
179 16.036169570308417
180 14.743131345848662
181 16.914262942656656
182 15.020060517089904
183 15.555527959509309
184 15.004668821259758
185 15.29269851704532
186 15.103039215321257
187 15.427637118674305
188 19.314185254875678
189 18.248985662301436
190 17.898058004679562
191 17.766951142687855
192 19.66937549520288
193 20.377346349154298
194 19.91476836065164
195 20.62822901228118
196 20.244750373101116
197 20.03924438851301
198 19.62702466674315
199 20.30876881015222
200 19.218184296858677
201 17.45580670667574
202 18.576580564678892
203 20.058050878869256
204 17.832454344446013
205 18.572762964127044
206 17.20318748880088
207 19.123205661300798
208 20.787845630083403
209 18.215034584900224
210 19.828107435494516
211 17.707439335138528
212 18.718883640665677
213 18.199901996511663
214 17.574160509845143
215 16.13685427749098
216 16.250228453513955
217 18.94764175333393
218 18.402683725288664
219 17.220011597602692
220 19.87648367803143
221 15.223702023429116
222 18.649287660856192
223 15.617432816559836
224 15.624178912467755
225 15.36208768581392
226 16.46077638457501
227 16.16125460220701
228 15.176048015588707
229 17.3446119281223
230 14.384305780775374
231 16.465191282215073
232 18.838840343546945
233 19.283190102196606
234 17.34174543281648
235 17.633669981435865
236 16.55111201163413
237 17.629970766437644
238 18.18308826621181
239 17.365321450829423
240 17.470410342261673
241 17.667260365967444
242 15.97314801992246
243 18.388363899842254
244 17.456688442693046
245 17.322877925644203
246 16.278987057449427
247 16.41669417832881
248 15.745783017062605
249 15.658586172728084
250 17.117811462300494
251 16.293892000151207
252 16.563308296438993
253 16.587590858480933
254 17.08510063460243
255 16.89246450246332
256 18.538708504724887
257 16.36031603707311
258 17.131088349343358
259 18.831010287547134
260 15.249056190042094
261 16.071353417016123
262 16.66644279028747
263 17.127533655679784
264 18.91992793097171
265 19.78012232125177
266 19.90711656821823
267 17.731959467526746
268 16.717680729208997
269 20.32415985792103
270 21.353572002362696
271 18.743044150591174
272 19.299730184338447
273 19.20033914924989
274 20.103374719357696
275 18.489464880847958
276 18.836795199573523
277 18.589820322351116
278 18.653927102041077
279 18.95127982325668
280 15.23151426740007
281 16.86251568034794
282 14.89527829635504
283 15.3624562699335
284 19.06805127635566
285 19.37740718581592
286 19.861192266524455
287 17.699510492606244
288 19.06729554198473
289 19.155063541792856
290 18.578276569423995
291 18.60689428034806
292 19.633767000318205
293 19.603013444287633
294 18.528646490703093
295 18.032885300987907
296 19.072691406866383
297 18.686843605935724
298 17.72331999760851
299 19.864595238435488
300 19.95144939734962
301 17.709175882282306
302 20.172632119050817
303 19.31143816018137
304 19.388321236896974
305 18.942981798476634
306 18.89716723937524
307 14.603288563854306
308 15.506779569438986
309 16.515959336418742
310 18.193212458974642
311 18.32472820944264
312 17.928435346804715
313 18.920509985948254
314 17.127166376040122
315 17.214290954323936
316 16.99206779930516
317 17.949325459044097
318 19.626091668655715
319 18.024031414514884
320 16.94295526996078
321 17.485871191414
322 16.3587809659984
323 17.223320532472325
324 16.880843593794385
325 17.8178793487111
326 17.05251970484461
327 17.474159418166025
328 18.992733097522812
329 17.560597122376493
330 16.915420327858108
331 16.206485317946388
332 17.23247749099463
333 17.93128179116506
334 17.588895845164483
335 15.69937568914409
336 15.116825116682815
337 15.645914172693372
338 15.829660467685889
339 16.2895538867365
340 17.749258523850006
341 17.006058237875582
342 15.908344320346613
343 16.12065783123776
344 14.949970897837222
345 14.206928370119709
346 15.402530835772382
347 16.436935682112527
348 17.28056841101948
349 17.65814621793978
350 18.32253192012696
351 17.416372111136063
352 18.579665994985053
353 17.39342569737088
354 18.01209317479202
355 18.992249631494875
356 20.889110437464108
357 20.34735745119259
358 19.400899196470487
359 19.19850325635895
360 16.59983527269577
361 19.131922767118848
362 18.44268806837968
363 18.943198441178634
364 19.197975758796275
365 18.65297877200141
366 17.46673342980174
367 16.629699338963025
368 15.064600484462737
369 17.4729567716622
370 17.894929766315325
371 16.835299380412916
372 18.53834937704647
373 16.111885260270014
374 18.864295375768002
375 17.964447271935512
376 17.297333609891073
377 18.33232913753158
378 17.57371293295954
379 17.4938532317986
380 18.328585690400946
381 17.27371154052871
382 14.960832930490012
383 14.656479225928239
384 17.18331471292268
385 17.515498186532593
386 16.39507753966939
387 16.768232396940252
388 14.984782094548438
389 15.723109680011826
390 15.341944810039514
391 16.39751778590328
392 14.011728824763063
393 14.80327544881421
394 13.594027520300688
395 15.473826519779193
396 14.361954708728055
397 16.850644631967047
398 16.27877875666331
399 15.382145395365901
400 15.487660404537442
401 14.831900844843124
402 14.839267293495677
403 14.033285133274193
404 15.374013626730488
405 14.47970686161582
406 15.433591414685598
407 14.848553444828037
408 14.384763337555563
409 15.305698901010402
410 14.88680774694712
411 14.18922786695233
412 14.11058298916308
413 14.963385355820941
414 15.785091802181984
415 15.148840005316615
416 14.583640660171195
417 17.378629285484074
418 14.710813863399668
419 14.065616842876253
420 15.004267890877239
421 14.905925027583487
422 14.858234071067134
423 15.012534663510994
424 16.243021323632924
425 15.701326095178956
426 16.161046802320556
427 14.161601286388057
428 15.66183210172928
429 15.413091113601887
430 14.923472431527424
431 14.991682001261445
432 15.668831121679908
433 15.046636602609414
434 15.178507379076068
435 15.767959643596607
436 15.65977227153379
437 15.265448479729798
438 14.861711214069564
439 14.888592284450455
440 14.579513342439041
441 15.003515549729475
442 15.094037913589444
443 14.83989287474135
444 17.277747937742955
445 17.25406237917187
446 17.071134054387333
447 15.277353950394025
448 17.80891568042226
449 17.0485354995389
450 18.875306086339165
451 18.452990236027098
452 18.92744456100475
453 18.363083604488203
454 17.720344720987622
455 18.08170967207238
456 18.528834123471828
457 17.392120883588344
458 18.395513726968957
459 17.45244464741541
460 18.09418306357953
461 18.04388606566633
462 18.273142097720715
463 18.70593068157068
464 18.981665932306424
465 17.384059778083103
466 17.809243363605738
467 18.106749490758034
468 19.036972737677814
469 18.859376316136412
470 14.988987449279053
471 16.501517146703193
472 16.8225929683177
473 16.28245578173282
474 16.13951412648289
475 14.724710928336863
476 16.1382552642182
477 19.779904554335474
478 18.991513027480785
479 18.586237066912936
480 17.18318440559016
481 17.794817480949554
482 16.364987353239805
483 13.48311080788162
484 13.56008581278326
485 12.990291722215689
486 13.328621084963363
487 12.770726693651449
488 13.271171954180542
489 13.593799536627927
490 12.799228420967026
491 13.857761050533941
492 13.957136483836258
493 14.671563488851811
494 14.192696281411436
495 16.599120958411987
496 17.254704572920623
497 17.166465938556616
498 14.762821410810737
499 14.867020759697013
500 15.07601319582662
501 14.154526165697494
502 14.296601326328085
503 14.298431292116558
504 13.296638297462648
505 13.26424372992817
506 14.424882912075578
507 13.593040151587822
508 14.388947064306217
509 13.483605648706737
510 13.572192771926836
511 15.063086093152956
512 14.299364292646121
513 15.64256208263926
514 14.00772924646467
515 12.933394193283705
516 13.553308922665943
517 13.844656850952711
518 13.295500347627344
519 14.473591584065385
520 13.744911803615791
521 14.90158804781811
522 13.460914848150065
523 14.587736048571625
524 14.455042470744377
525 14.78537765537802
526 14.007899845641278
527 14.718762992472938
528 16.81072331543683
529 15.132606091285455
530 13.62909002371089
531 14.799999418114453
532 15.442639195454557
533 17.897341558700685
534 16.154273118874976
535 16.218334612343412
536 18.965347600783335
537 15.328717788990618
538 15.10848346280466
539 17.202013521700337
540 17.92009422368922
541 17.03113635193006
542 17.01512902731428
543 17.419937235443868
544 17.798162943758488
545 16.455010778033053
546 16.953050701486955
547 15.397154528527748
548 16.522812899623098
549 18.059624097368413
550 17.56620078830501
551 18.46143065072494
552 17.660604686254793
553 16.161496021955497
554 15.147462134354063
555 15.74670697470527
556 16.04095541176164
557 17.531774724286795
558 15.943117586313765
559 16.942088927651895
560 17.56469694805257
561 14.138050233537182
562 15.307076319659009
563 16.454477074497238
564 14.058057562291127
565 16.952568352927287
566 18.12643583572942
567 18.298173552605125
568 17.918174243959708
569 15.560015306216979
570 14.823473777574943
571 14.556628026659482
572 14.382416108532396
573 14.648616940816805
574 16.2631728898444
575 13.414345185085592
576 13.368772256675
577 17.110964550999075
578 17.432544847843083
579 17.72898423132937
580 17.295691432399284
581 14.356120661685164
582 15.839004587020286
583 14.581841138298017
584 16.112182333954607
585 15.551657364194256
586 16.935959272341414
587 14.543118473147148
588 17.889700454536285
589 15.863686553163799
590 16.9619250870008
591 18.450808771994584
592 17.620420715303545
593 17.4176034548588
594 16.137272827970495
595 16.356345181082748
596 17.928098671615295
597 17.881387959791336
598 17.342599700905037
599 18.471070763154156
600 17.13626458791888
601 17.434173463654297
602 18.77806237213275
603 16.831015595640178
604 15.82957223503381
605 18.785180502027764
606 16.07238047022963
607 15.261810352287076
608 13.917535691945718
609 14.80754410435233
610 14.610338974103964
611 14.039057838158282
612 13.377079727921425
613 14.524396065295486
614 14.579706999803921
615 14.861531841639252
616 14.37732824706501
617 15.6250520956447
618 13.449842843905047
619 16.356439794085393
620 16.430234777559605
621 13.750300709220792
622 14.201923484104144
623 14.977072413327885
624 14.9486028011425
625 15.420660361962321
626 15.07971276846832
627 15.143940059219046
628 15.729599839948158
629 16.038832362317084
630 15.544370082259444
631 16.487482284336636
632 16.3300073468186
633 16.630859063433473
634 16.81640036015254
635 18.11142873732989
636 16.962616432886595
637 18.06858423400914
638 16.96354029025278
639 16.653659027047414
640 17.93992089900802
641 18.387167717379064
642 18.173309727953374
643 17.56652650141395
644 17.48135628315883
645 16.707341367108715
646 17.70934794006856
647 16.63306968224208
648 15.226304367662523
649 14.503260689501234
650 14.688158347616078
651 14.142022768771685
652 14.609115496689958
653 14.681335033239344
654 14.36457876404
655 13.736426594810915
656 13.33478703250555
657 14.259780857958322
658 13.715746181970177
659 12.966563670150563
660 13.366652657096603
661 13.914753449367007
662 13.549011480280745
663 14.37882999877692
664 14.651789686717532
665 13.039087141774017
666 14.601916669047187
667 13.578837745630906
668 14.507524566658187
669 14.535474879472234
670 15.28543592389903
671 13.772654285398689
672 15.491825993512338
673 17.00934100781743
674 17.25088946648571
675 16.338917530518938
676 17.77007734916954
677 17.029789056036496
678 15.61965482643764
679 14.754296278557671
680 14.102868354456882
681 14.06432223546155
682 12.514060754151778
683 14.392365678702374
684 13.217030860406469
685 14.030704194661833
686 13.989734855857888
687 13.543702932152918
688 13.434822932389018
689 12.319660598565436
690 13.57463056725893
691 14.200398169382924
692 13.50699417550858
693 14.01592256594317
694 13.272910065937271
695 13.959318802045312
696 14.759981578780645
697 15.247480014645141
698 14.282612953034143
699 13.641951902253224
700 13.539317850517243
701 14.940288295811548
702 14.590638574133921
703 14.233950968670612
704 14.09819873502671
705 14.587086096742132
706 13.588224417746835
707 14.200381192621807
708 13.633965142777384
709 15.416454956570307
710 14.0164370398093
711 13.001228078322086
712 13.737997389262901
713 13.625509209971435
714 13.171374965121117
715 14.025276858989544
716 13.817543244674708
717 12.78593094508924
718 14.964687017288906
719 13.885182492455204
720 13.815021166198477
721 12.718522842093256
722 13.448549963043867
723 13.599451457898121
724 14.150540355751335
725 13.175227916996858
726 12.895684038161743
727 14.123535562395277
728 14.33541664671284
729 13.369724026255891
730 13.81130194585243
731 14.46603595270274
732 13.69150295172522
733 13.596196355857233
734 13.61292173287982
735 14.669642953587422
736 13.023659192577556
737 14.32506456755829
738 14.014094796990953
739 14.341391280717056
740 14.199553511437493
741 13.469278793097962
742 14.782841971721192
743 14.400264073018866
744 15.212517156568232
745 15.806468238196917
746 13.69446675067557
747 13.574845772399508
748 13.5393736084536
749 13.932206263990862
750 12.717511045349434
751 13.874868956766905
752 12.968879240554053
753 12.46966461812294
754 13.611830916822141
755 13.706991607522912
756 13.588494613193975
757 13.138901848254669
758 14.629577622936438
759 14.81716763899596
760 14.699889394877
761 13.773149994650034
762 13.691688265660257
763 14.50006067531713
764 14.44860209659881
765 13.792057311165884
766 16.067703308674496
767 14.673043448285453
768 15.656334679776187
769 14.952204788996777
770 14.638044036737286
771 15.073028116202055
772 16.01816474667948
773 14.492502101451578
774 13.56429832825168
775 13.168978703364527
776 14.584853190998302
777 14.306441029229305
778 13.246432047896262
779 13.060949837886373
780 14.548755301306942
781 13.95184264522303
782 15.065927641248676
783 15.266082165354023
784 17.88697012360107
785 14.993173040916512
786 16.341168290100093
787 13.66404182335854
788 15.598135816720255
789 14.927763728955961
790 14.512562358838707
791 13.703402754885435
792 15.547959227610255
793 14.077561284226626
794 14.375912706929961
795 14.17087616824215
796 14.67616721172472
797 14.194584119234744
798 15.323793250681588
799 16.126956131589004
800 14.002618300764757
801 15.026609709283337
802 13.912406600440738
803 14.50094520099672
804 14.603323291553833
805 13.380950295006784
806 13.541849313709237
807 13.902990050366245
808 14.94154875688587
809 14.805514074453408
810 14.18122864248739
811 14.458426634546889
812 14.91021503345142
813 14.569403334060423
814 13.590358740296422
815 14.31134711450173
816 14.245675871894734
817 14.194014216021735
818 13.804095205181062
819 14.311154907496032
820 14.33346289823475
821 14.502810158152268
822 14.798424422701503
823 16.057079468531594
824 13.638395634744159
825 14.674777387849451
826 14.500218023637796
827 15.045129874482965
828 13.732535469351056
829 14.181422715557792
830 14.534048220637874
831 13.421167886524648
832 14.575706598102448
833 14.302599682093234
834 15.22799564408066
835 14.136805361858764
836 13.652803113256102
837 13.022597832919281
838 13.47450245175275
839 14.865811452594265
840 13.460651064369369
841 13.653302650057809
842 13.639558993165364
843 12.087704685561059
844 11.108818314075403
845 13.09914449994578
846 12.798449459596425
847 12.71584656339804
848 13.122203906255065
849 11.943022740119659
850 12.41365930304493
851 13.58389008949764
852 13.415447478735436
853 13.172031458496074
854 12.071430872488573
855 12.423471663604944
856 13.84672409021625
857 12.50878862461487
858 13.438242785844327
859 14.13646282977416
860 13.426521481039394
861 13.925142532634416
862 12.813725800283216
863 13.236866032960851
864 14.253137875346345
865 12.487271900364007
866 13.522440000484416
867 12.889141715916045
868 13.382891970061522
869 13.36505766439511
870 13.304071965101231
871 12.656453327560747
872 12.685873626531196
873 11.400073774601857
874 11.975728085260444
875 13.391273080370315
876 12.14200139512127
877 12.364786435249002
878 12.063614111998879
879 13.1667214377818
880 10.102089548958606
881 10.683862673585752
882 11.572060689469332
883 13.262818691008903
884 10.425230645238333
885 12.77457538701576
886 11.935182678157277
887 12.304196063579097
888 12.405892139726529
889 12.333364440961555
890 12.797186326468212
891 11.091325393660814
892 12.850986529973465
893 12.863455602692774
894 14.36012825819131
895 13.505901254188299
896 13.948201668164641
897 14.149117319624063
898 13.740745914613193
899 12.896181622798371
900 13.753617051708519
901 14.1281787082193
902 14.470089494847914
903 14.830499408481176
904 14.602902278297316
905 13.6314168937676
906 13.727297454591161
907 17.678175021064977
908 15.964972709009452
909 15.648374850864679
910 16.29014473879527
911 14.896119663926259
912 14.803282753946348
913 12.261448100878754
914 13.44041617127601
915 13.87908225987876
916 14.560449290596685
917 14.389058591788631
918 13.602233422068316
919 11.938041258908001
920 13.884601279641053
921 12.555370208554884
922 12.213345632619204
923 13.603134788832596
924 13.776763868855532
925 13.599811589097671
926 12.621699635380358
927 11.93307668054075
928 10.72191261935233
929 13.326293906489447
930 11.984129671455628
931 11.157003983707662
932 11.44591576532181
933 14.561719756654377
934 12.406163897180035
935 14.748152872736659
936 14.200941115000205
937 13.714603544866012
938 12.892765244765576
939 12.344641332929964
940 13.620505476864599
941 11.920853190311146
942 15.03347134290577
943 17.399047914600366
944 14.645477067052537
945 16.688658908526104
946 15.226205095241182
947 15.930983394109267
948 17.310689285667987
949 19.590576138970576
950 16.845664164507713
951 15.976114792516475
952 14.482834961294465
953 13.60629621735898
954 16.545971848594267
955 15.428292044684541
956 14.969663444030395
957 14.451564695711573
958 15.748957770639404
959 14.885929183599103
960 15.493456433764887
961 15.519511926685906
962 15.165802493734653
963 17.806973207684766
964 15.237934842404455
965 18.683166676407083
966 15.742820618923172
967 17.144247620321234
968 16.797588644898354
969 16.55328390982269
970 14.709422045772275
971 15.079787638793062
972 14.826299393722255
973 14.75201226993875
974 14.411114065003982
975 16.200751048200015
976 15.613612760356757
977 14.273242628098517
978 14.499579013943574
979 15.358312211420513
980 14.035653908817288
981 14.773299556380572
982 14.510134699557248
983 15.7979970661178
984 14.54924996414395
985 14.873315893000594
986 15.663896267734007
987 14.822074897072893
988 14.464668966357817
989 14.361173649356289
990 15.127176834051209
991 14.916722002181544
992 14.567705315589757
993 16.329425337771067
994 13.271518834939085
995 13.361377525970015
996 15.756287718251055
997 16.277967976487012
998 16.037772559124743
999 14.160736798969255
1000 15.429507673066166
1001 15.829278062633346
1002 18.826598678404313
1003 17.30491980902866
1004 16.713504912413228
1005 17.172202864236432
1006 16.27433067648125
1007 15.7510202653512
1008 16.817372489727806
1009 17.570823204036298
1010 16.184881941653174
1011 18.17461992607397
1012 18.206545739789455
1013 16.92138123107975
1014 18.35046129678019
1015 16.71581019605606
1016 15.89575293014536
1017 17.25919512844391
1018 15.992260682278369
1019 16.473172971210435
1020 18.017703129428096
1021 16.020352617526846
1022 15.568712474970228
1023 15.627000710374695
1024 14.712758904857804
1025 14.774524992683792
1026 15.929058311156046
1027 15.1793385183273
1028 15.213928985219692
1029 17.580109072740175
1030 16.13426790896527
1031 17.116484651416595
1032 18.359366909663567
1033 15.89904141758029
1034 14.474917399367142
1035 17.500310626913677
1036 17.3711011692351
1037 14.86469376004356
1038 17.65679376098207
1039 16.665199365810743
1040 16.382950798911164
1041 15.398158162020053
1042 16.525445019706837
1043 16.992935857855443
1044 15.316405854674969
1045 15.731079847656476
1046 15.322369209907036
1047 16.49431895872334
1048 15.617995528701545
1049 15.59101931983747
1050 15.13577864460277
1051 15.639217029454972
1052 16.604575856857334
1053 19.958382443814635
1054 18.190137400400108
1055 16.035075257000937
1056 16.638396719107128
1057 18.702369454438774
1058 20.17482722602639
1059 18.537306147855023
1060 17.367510554113757
1061 17.38142219889818
1062 19.01512818661096
1063 19.35213662392125
1064 18.995294304872075
1065 18.19953067477982
1066 19.50119080265147
1067 18.231180928809422
1068 19.35586325179569
1069 17.763802588725344
1070 20.513866855652697
1071 19.260746000881014
1072 19.66690285457525
1073 16.648028904097956
1074 18.770739422770152
1075 19.4994656426893
1076 19.12783659638032
1077 18.50496175190196
1078 16.960861356975315
1079 16.975356448532878
1080 18.29074739756694
1081 19.966094845096798
1082 17.750623704737865
1083 20.03707106227805
1084 19.187384185566486
1085 19.05014314536308
1086 19.587374694978337
1087 17.970556671507087
1088 18.181810833283865
1089 17.886375192944314
1090 15.71158941957519
1091 18.27807925532276
1092 17.27187665028752
1093 19.544081932690077
1094 19.775744295038848
1095 18.405633365294204
1096 18.645839524681598
1097 18.01031109909741
1098 18.646366514773323
1099 18.349391735837173
1100 18.675472540426426
1101 16.325009165312522
1102 16.633885666683188
1103 15.803536711739998
1104 17.28611456166746
1105 17.215837702129797
1106 18.42618706857048
1107 16.031535415271485
1108 18.922835991007343
1109 15.996686748007317
1110 15.989928187243715
1111 17.911053580901243
1112 17.11571162277984
1113 19.77614714559842
1114 18.710140956803833
1115 16.474435065042616
1116 18.517946494064013
1117 18.79090881653771
1118 18.015597871343044
1119 19.118221583985072
1120 19.746739073153762
1121 19.410408266146067
1122 19.429905668140687
1123 18.144180092680603
1124 19.07638685381095
1125 19.21800804204485
1126 18.074487931894136
1127 17.77000559984481
1128 18.27706364318254
1129 19.14491267852145
1130 17.376690256730143
1131 18.24325878259738
1132 18.959766582340734
1133 17.363531211839096
1134 19.47857143799378
1135 18.95569821694092
1136 19.96719264030487
1137 18.120884957756243
1138 19.031664653859107
1139 18.300869739889308
1140 17.84926145043345
1141 16.979373321454887
1142 17.402561409506102
1143 18.010317762296875
1144 17.193496974371538
1145 17.418751287619248
1146 17.522493488579727
1147 18.20700518355017
1148 17.443020478782675
1149 17.569355582497973
1150 17.49515975907884
1151 16.56575372101418
1152 19.77775330842008
1153 18.82071312212333
1154 18.69513681598157
1155 17.577874180050387
1156 16.63267201105053
1157 18.04980396938193
1158 17.098062194041542
1159 17.842960157103537
1160 18.561522998825577
1161 20.341161966669073
1162 18.977007788621485
1163 18.164130275570496
1164 17.899586639430876
1165 16.46284069817161
1166 17.930544038367504
1167 17.743406181699775
1168 17.2730339293149
1169 19.840347276173567
1170 19.977940993016976
1171 18.253574100708125
1172 19.449561328115625
1173 18.76670969574817
1174 18.854834393194583
1175 18.031855967414117
1176 18.24187860395361
1177 17.458439552319618
1178 17.789356242673826
1179 20.05359641767772
1180 18.25293389616671
1181 19.453506756971784
1182 19.501985079021296
1183 18.64941215932057
1184 17.50495536134221
1185 17.87055968668315
1186 17.770683474644663
1187 19.7908455987593
1188 19.99160624180008
1189 18.066419521491227
1190 17.651491641425608
1191 18.368753321214477
1192 18.603696040932157
1193 18.15014659727971
1194 16.296253518113037
1195 17.10099980067912
1196 19.120193559078487
1197 17.227234016398278
1198 15.233665985832662
1199 19.567563526098137
1200 18.23821358107946
1201 15.919117649280487
1202 18.496819118788608
1203 18.613191727608555
1204 19.40753189056652
1205 19.637282552122524
1206 19.652786481047674
1207 21.443520047392006
1208 19.995124363040716
1209 18.143970948167127
1210 19.373681993634126
1211 19.476164295280043
1212 19.489284885128804
1213 19.03580714814118
1214 19.00576227335234
1215 19.950841321419936
1216 19.643238925380285
1217 20.246499267030874
1218 18.953716831980092
1219 19.058050313467273
1220 16.643159358177186
1221 18.551930521343973
1222 18.16186203113084
1223 18.612068291477048
1224 17.70366558127967
1225 17.4683780889977
1226 16.32874908536709
1227 19.755378402045512
1228 19.130489154857035
1229 18.11545899984717
1230 17.97037362397239
1231 17.28249270710552
1232 19.621186744656274
1233 19.32028631619454
1234 17.64572312211048
1235 19.080410985745107
1236 19.87009673369109
1237 18.150249505112185
1238 18.03482529105984
1239 19.233106934795824
1240 19.35111120196607
1241 17.474351162254933
1242 18.81165686194448
1243 17.723411405449625
1244 18.68576196691896
1245 18.13187897806309
1246 19.24415264661201
1247 18.401960661226447
1248 18.30594895372504
1249 18.726035474572576
1250 18.138041399257666
1251 19.256828852231564
1252 16.90882759692189
1253 19.1087356824721
1254 19.191454706991035
1255 17.88955201164221
1256 19.12605552391391
1257 16.39014093864282
1258 15.224052405563668
1259 15.389282739305976
1260 14.642097635816034
1261 15.714032072437409
1262 18.836308220161484
1263 18.44648108756304
1264 17.72806670930393
1265 17.9881814169259
1266 17.620129883910874
1267 16.45742143744468
1268 17.667005956975604
1269 19.120384039232487
1270 16.73990115846236
1271 18.931476287687268
1272 17.872999457686806
1273 17.86699024033445
1274 17.44614237091577
1275 18.067042730765348
1276 19.159564926558286
1277 19.82458545975245
1278 18.052069670924396
1279 15.174523771409037
1280 17.625648940125977
1281 16.689968892703057
1282 18.953272158559137
1283 17.870379565905157
1284 15.838744946532218
1285 17.569527513197666
1286 17.99190784081171
1287 17.68157015402043
1288 17.194173435420307
1289 13.810385862357037
1290 17.23552767664689
1291 17.470227331647973
1292 18.534670539055078
1293 17.021110862449095
1294 19.657591840130934
1295 17.96747325866718
1296 17.315349624050334
1297 17.01822022199468
1298 18.00410437321109
1299 17.717205822972
1300 18.912890606023314
1301 19.64716963880157
1302 17.988075223181678
1303 18.309764464203308
1304 18.882036240638136
1305 19.20766869340859
1306 17.33043177669982
1307 17.823311851657145
1308 18.461465182148363
1309 17.431192868299743
1310 15.129686591438203
1311 18.446896934043888
1312 18.201958013205743
1313 18.447756594312636
1314 16.946528216744657
1315 17.149148777274608
1316 18.00429765865049
1317 17.870423175876763
1318 17.368408954746876
1319 19.190442875492696
1320 18.037809373681533
1321 18.88574504490647
1322 14.449584903023368
1323 16.85116553947262
1324 15.609094009093623
1325 16.303691000118377
1326 16.269390626483947
1327 14.361721886662952
1328 15.819237488270712
1329 15.57599521101584
1330 18.458491437896026
1331 16.77405536123379
1332 15.763840298257179
1333 16.102743100532567
1334 18.034795111636186
1335 16.545602014936872
1336 16.917276401363385
1337 17.710395089723814
1338 16.860897261061606
1339 20.388829288243983
1340 19.528041988283324
1341 17.862988849629396
1342 19.00259341348091
1343 16.739056525076574
1344 17.25165665561618
1345 17.792317988434487
1346 20.07053759819978
1347 18.371723496967377
1348 18.41012457791488
1349 19.657948697981684
1350 17.41093140355562
1351 20.052784650477168
1352 18.104946919456967
1353 18.213888409732135
1354 17.47374743902107
1355 18.974358735592283
1356 16.80250319773849
1357 17.61663405724355
1358 18.011533585215812
1359 18.598383054072908
1360 16.931236214393497
1361 15.743252651580354
1362 15.433046708263278
1363 16.84810385935831
1364 16.45839357271402
1365 18.39736732658577
1366 17.60362028659136
1367 17.473105430805063
1368 17.024317427209954
1369 17.496369630729205
1370 17.744848384400655
1371 18.159965097106213
1372 16.69915240173571
1373 17.51269547619673
1374 17.176723604403424
1375 16.31928675514032
1376 18.277543730978465
1377 16.753126584683052
1378 16.200986592354443
1379 15.591662807159368
1380 15.654481201336862
1381 17.020195183574792
1382 16.137264002031554
1383 16.456129038640178
1384 15.455258244182787
1385 15.207545602845661
1386 14.552809906496709
1387 15.99216104220653
1388 14.38598810969511
1389 15.295955158018023
1390 16.41850290393581
1391 15.836336356279174
1392 16.937578581481752
1393 18.796311264786695
1394 18.72705396598181
1395 17.006057997733553
1396 15.92353275838162
1397 16.558652184643453
1398 16.38386375832426
1399 16.008793739016717
1400 16.939268070752966
1401 17.940354179526764
1402 15.580295502821514
1403 19.79211611896641
1404 19.241140026695955
1405 18.93335741042824
1406 18.999659257348856
1407 16.711888402479826
1408 18.984739717615053
1409 17.540164978611106
1410 16.696913370806996
1411 16.621507561309055
1412 17.575979006003223
1413 16.8369203961223
1414 16.900488374123746
1415 17.52490054411415
1416 16.925576678428772
1417 17.965174861674853
1418 18.32220856164891
1419 16.484709839807238
1420 18.461405578590362
1421 18.537076333997216
1422 17.189135902574414
1423 16.017959147848998
1424 17.97041632111082
1425 18.79012870152513
1426 20.81760487643114
1427 18.347682331578735
1428 18.57597818439951
1429 17.97409180975461
1430 16.76901471216945
1431 16.481848780979288
1432 17.494664502026907
1433 17.134351249083092
1434 18.58050102066474
1435 17.402939094202235
1436 17.807693637408157
1437 17.215502487318506
1438 18.24264118777665
1439 18.455285072649623
1440 18.857633484933597
1441 17.94276686558158
1442 18.256601091492204
1443 17.64139065753734
1444 17.859419887795944
1445 18.66465293322483
1446 18.391183261778195
1447 17.85765230381404
1448 17.856332212675717
1449 18.474195658479402
1450 18.420738460558628
1451 18.777152680456613
1452 18.5059280337049
1453 17.193918388476597
1454 17.704913998821464
1455 18.822626267335217
1456 19.994568983038818
1457 18.250073134640324
1458 19.72142255249312
1459 18.59269144416891
1460 18.650575568403266
1461 17.92576333056407
1462 18.417773643768026
1463 18.24266788577871
1464 17.208174166177326
1465 17.4710056501826
1466 18.647847562399036
1467 17.114608852263093
1468 17.781762515512924
1469 17.792059384689047
1470 18.68204371264951
1471 17.68869145975516
1472 19.07730000738709
1473 18.196307220286812
1474 17.442075717784466
1475 18.994699302811373
1476 18.23184883150495
1477 17.91958217090878
1478 17.662093289782987
1479 17.61517692818683
1480 16.853192693527685
1481 17.08413112641451
1482 17.614420383318244
1483 18.587157454129617
1484 18.704442195338018
1485 18.444714992072456
1486 18.06025714709829
1487 18.737423180398533
1488 19.027632689297413
1489 18.906632621438554
1490 18.061222258550405
1491 17.325655072803134
1492 16.823222410523375
1493 18.081927163074486
1494 18.16394184427042
1495 17.81801981193244
1496 19.014614435394247
1497 18.577536706869257
1498 18.58247764578009
1499 18.198959368771774
1500 18.42164293579258
1501 18.735153376548027
1502 18.11811668020369
1503 19.254596050977526
1504 19.28125025371503
1505 18.026351762582713
1506 16.346697630349205
1507 17.522589717694174
1508 17.89617729277058
1509 19.12158659164109
1510 17.910325815541206
1511 17.661315699772224
1512 17.471682478356907
1513 18.426156575007457
1514 17.575601649142182
1515 17.46615553612991
1516 15.88817481077129
1517 18.171319945139498
1518 17.00961142896805
1519 17.12174865412221
1520 16.932065731558986
1521 17.225675641058515
1522 17.197412128394948
1523 16.566929350326237
1524 17.461377940157266
1525 17.658330864850665
1526 17.250005896377363
1527 17.176902379552928
1528 16.892248962776357
1529 14.90693042994877
1530 17.917837555071632
1531 18.73449372408095
1532 17.467627198293638
1533 18.05328809692814
1534 16.80926951982568
1535 16.283723908484003
1536 16.78665143404425
1537 16.60668821121503
1538 18.34654922550539
1539 18.92977004275881
1540 16.194790704626428
1541 17.389315854570825
1542 16.734524046012357
1543 17.240579043867076
1544 18.24521844126648
1545 18.232303592584206
1546 17.6843651657977
1547 18.133659111694342
1548 17.4785977340736
1549 18.41375056220016
1550 18.296708160663552
1551 18.602059755446454
1552 19.036262209117854
1553 17.95229403678695
1554 18.11579126156196
1555 17.460892906652997
1556 18.27460570187585
1557 19.308124899738825
1558 17.559499342909923
1559 18.048809882284036
1560 17.8345148059743
1561 18.866459165069333
1562 17.228272789183325
1563 17.43579538464125
1564 16.32323699923811
1565 18.52449902325854
1566 17.170903607951157
1567 19.463884933847044
1568 18.728130777642242
1569 16.79207430633009
1570 18.2911123913706
1571 19.113552066792266
1572 20.318105097900943
1573 18.509521372673472
1574 18.583874823004727
1575 19.118843691289875
1576 18.120437455550178
1577 19.04350051654195
1578 18.00355932701417
1579 17.732287512977436
1580 19.905023476458403
1581 17.72534914650497
1582 19.771020759609424
1583 18.929374895589458
1584 20.631867792482474
1585 17.276092995418082
1586 18.291377757680532
1587 17.967401703651973
1588 19.898500378567896
1589 18.03397516422318
1590 18.44145604003451
1591 17.99817391684582
1592 18.357755014463415
1593 19.39092903272776
1594 19.604897012589547
1595 18.912028284128876
1596 20.944848462544545
1597 20.913089285182025
1598 20.196144813024354
1599 19.652566945805976
1600 21.07512930566139
1601 19.86076979901518
1602 22.30960002957315
1603 22.572409907549616
1604 18.908459253625658
1605 21.063292820346486
1606 19.83692153075865
1607 19.89024705907063
1608 18.779366700659335
1609 18.124706399903236
1610 17.612561369698028
1611 16.735053864682985
1612 18.496768144718832
1613 18.058867083095947
1614 17.790300468589184
1615 18.622875764542933
1616 18.764953035145037
1617 18.10145425014584
1618 19.223777809861986
1619 19.94290609448378
1620 19.105473607917645
1621 18.460767487171264
1622 18.605081766171608
1623 18.064756944532487
1624 16.558927227641117
1625 17.359635993937488
1626 16.823522037066937
1627 19.295489431951495
1628 17.20151536539658
1629 19.344760058066733
1630 16.97194673901861
1631 18.668007491475095
1632 17.317194612282833
1633 17.898559382305756
1634 18.88756342747143
1635 17.96012363377626
1636 17.832688908238175
1637 18.32898937490678
1638 17.8524951293495
1639 19.988640735876288
1640 18.057110282104123
1641 18.533705092844382
1642 17.531880528282404
1643 16.921405608214666
1644 17.637303915770666
1645 18.876606400703036
1646 18.090840762311526
1647 19.683076401308504
1648 20.949245447814633
1649 21.841108669053693
1650 20.149113181873886
1651 18.615605364276213
1652 19.865574392991817
1653 20.055342881822753
1654 20.982492015502025
1655 19.679505798049064
1656 19.776280909025438
1657 17.294905372942225
1658 15.891137057801513
1659 17.49911092932195
1660 18.461567317884242
1661 17.81014560206399
1662 17.617415468805874
1663 17.67975852999627
1664 17.582531576745886
1665 18.470912548697108
1666 18.02430607245836
1667 20.43426974378416
1668 20.01154051436748
1669 19.318155108609954
1670 19.375440579552954
1671 18.78597632849181
1672 19.93546471742685
1673 20.2183795443732
1674 20.288194717317523
1675 19.98125717979225
1676 19.42096566868792
1677 20.36858165706597
1678 20.372242932102495
1679 18.520651535904125
1680 21.065546353453186
1681 18.77981903841208
1682 19.962704063119652
1683 18.28433987635259
1684 16.987706896680127
1685 16.384968734682246
1686 19.345390703443606
1687 16.379686401677983
1688 17.690956565796316
1689 17.52318804283543
1690 19.380889922305034
1691 17.112830697921535
1692 17.95145804107857
1693 17.986730398349714
1694 17.702750934618912
1695 18.2446515688099
1696 19.300546679441588
1697 17.553832921813758
1698 16.83411946623602
1699 18.321047391636075
1700 18.230133527939067
1701 17.726409841357395
1702 17.43621733466563
1703 17.918219637311154
1704 17.90415271185686
1705 18.411799036435205
1706 18.740552231302395
1707 18.054163124541375
1708 17.530955542614464
1709 18.69953140743208
1710 17.941449427488557
1711 18.435823354922647
1712 19.502181986019256
1713 18.11270159499318
1714 18.785261848583055
1715 18.833630776419536
1716 18.848071163668344
1717 19.141258077928118
1718 18.26052950694792
1719 18.224900311821987
1720 17.79423069125747
1721 18.2659509150941
1722 17.655950791928554
1723 16.157152105100412
1724 18.798238862255474
1725 20.3819810472381
1726 16.576635799198783
1727 18.884110736235126
1728 18.01249902547318
1729 18.1390769407872
1730 19.144776575648603
1731 20.688920189610837
1732 18.033140583382398
1733 17.98220138996039
1734 16.1147918200752
1735 18.13467183267138
1736 18.055632956599997
1737 19.161318710804405
1738 19.69096574691267
1739 18.64498808377313
1740 18.499753604035003
1741 19.827739643430135
1742 19.387011221427013
1743 20.076560045973014
1744 20.352278964136033
1745 19.815783931353682
1746 17.690352067433697
1747 20.699907969232854
1748 18.807445093667376
1749 21.572016844072845
1750 20.281675052117635
1751 19.18166276707082
1752 18.123428865438527
1753 18.525934607764817
1754 16.311970298806983
1755 15.602277500793607
1756 16.443730499276086
1757 17.316319807255233
1758 15.693467316050302
1759 15.492600444949819
1760 15.496009706354146
1761 15.940497844215685
1762 15.772426676646342
1763 18.235068960635633
1764 16.35251023672556
1765 16.869108485952516
1766 16.40112761225231
1767 16.880215808980342
1768 16.840693674456748
1769 16.850703327413008
1770 16.81843971434961
1771 16.34191384484124
1772 17.206224351148602
1773 15.991736373663088
1774 16.89994213244307
1775 17.882385525946912
1776 18.66131996977881
1777 18.604004228528453
1778 17.468565349477622
1779 17.838883661574165
1780 19.467070751423936
1781 17.812976299840507
1782 18.07524775040932
1783 17.997086050312735
1784 17.949382555001733
1785 17.556624858162227
1786 17.69022081175519
1787 16.969541372117913
1788 17.13643165354316
1789 17.617627337949948
1790 18.174969526087207
1791 16.37385910376888
1792 17.334066132689884
1793 18.854598013095934
1794 17.09027629032084
1795 18.280130746640996
1796 17.113799390916974
1797 18.608347827243772
1798 17.422854336361357
1799 17.88262797128405
1800 17.181938021178034
1801 17.889538240904397
1802 18.351617138996485
1803 17.125976359762102
1804 19.47635652485791
1805 18.592103978718445
1806 18.351359279172794
1807 19.229498206277558
1808 17.519530970111088
1809 18.190775414614517
1810 17.909502823878857
1811 17.85721421118977
1812 17.89579576340771
1813 17.390704949128825
1814 18.893077875389984
1815 17.2582101786889
1816 18.394704471543015
1817 18.43256889646294
1818 16.43185815063878
1819 16.288238587706907
1820 15.985323235292912
1821 15.416267874707419
1822 16.302942951157483
1823 15.991318262304318
1824 15.749010747746516
1825 16.26103739572298
1826 16.93665968187607
1827 17.369544058141553
1828 17.923492519299742
1829 17.19187162010594
1830 16.96559468047171
1831 18.209418236622266
1832 16.68069428114861
1833 17.895830049212957
1834 17.99119175544938
1835 18.143664307848308
1836 16.982254587392973
1837 16.979093775784122
1838 17.984982921761276
1839 17.362063883691285
1840 17.330910693123165
1841 18.369673247149592
1842 17.914656350200673
1843 16.810894028078533
1844 17.706761218680903
1845 18.77428857682589
1846 17.93979446756984
1847 17.502092687903232
1848 18.47177724034984
1849 18.51725565544609
1850 19.02565412031869
1851 17.725396676037175
1852 17.362033158406497
1853 17.716779618060574
1854 16.547044009787097
1855 16.27489126434061
1856 18.618330230190637
1857 15.057933911290316
1858 15.813888361453442
1859 16.076393559314774
1860 14.17557370449615
1861 14.828516329185248
1862 19.513605949121246
1863 20.566482387794693
1864 18.43288208261036
1865 18.300417309049713
1866 19.1309681478319
1867 20.76503307311198
1868 17.970865551382943
1869 18.75995886518603
1870 17.375917161104333
1871 18.486135725497604
1872 17.67645304801973
1873 16.1699400754517
1874 19.15103726265565
1875 17.564040476502278
1876 16.54192659900784
1877 18.355407718039967
1878 17.455790594084856
1879 16.999715860732838
1880 16.780302881017718
1881 18.922297828378312
1882 17.507946275230083
1883 20.520338815815816
1884 18.42444299225255
1885 17.544821056932758
1886 20.24387953287646
1887 19.847399410464444
1888 19.03776014788897
1889 21.574690047145385
1890 18.97025056514274
1891 19.513832785544846
1892 19.043959494682813
1893 18.430857085834653
1894 18.782331746479674
1895 17.597567485829323
1896 18.02950972722801
1897 18.226718804041894
1898 18.55508555234116
1899 19.292808035216627
1900 18.801097496336066
1901 18.067501730793033
1902 17.94951584246133
1903 17.844482096946564
1904 17.29329786934143
1905 15.641305963363651
1906 16.186857220059384
1907 16.822029247205936
1908 17.058416499238785
1909 17.212966221498213
1910 18.76112211211586
1911 18.52355930551274
1912 17.40237291263216
1913 19.245891015141474
1914 18.009582749276753
1915 19.332974625254806
1916 18.545499861301597
1917 17.936958742224633
1918 17.887932994792298
1919 18.581292327514564
1920 18.586494031874647
1921 18.863150429751716
1922 18.976680366024702
1923 17.690158445926738
1924 20.509817721631258
1925 20.469177671614325
1926 18.630452137402326
1927 19.09881242525606
1928 18.94907739242409
1929 19.16587078445638
1930 18.802303670468977
1931 20.549115027296764
1932 19.65019927671622
1933 18.949450639343592
1934 19.1809804381954
1935 18.988679870902484
1936 19.284270900437708
1937 19.85706084806431
1938 19.35347465207787
1939 14.93364599272762
1940 14.837296502671578
1941 18.757551182913968
1942 18.551143739229968
1943 18.105872667260144
1944 19.14116093911645
1945 17.052333627032667
1946 18.646649352380436
1947 18.968967124028293
1948 17.252067907288286
1949 15.381022374083935
1950 14.498527173253805
1951 16.18346471852237
1952 16.761253839457375
1953 17.817268719557312
1954 17.721973164684616
1955 18.673477377737125
1956 19.263769631734103
1957 18.22711897719068
1958 18.863204109092532
1959 18.21978684865845
1960 18.744735946699755
1961 18.13204051326045
1962 17.620185501598293
1963 18.33779642054868
1964 19.08917883140723
1965 19.73596037993565
1966 21.76817523973344
1967 20.648349235527743
1968 19.132021407350326
1969 19.322755143544136
1970 18.0262661803233
1971 18.72012011109282
1972 18.6451205026376
1973 17.655929386717798
1974 18.388663611416067
1975 18.968224711915596
1976 19.05068083917128
1977 17.272212712048603
1978 18.825328967711037
1979 16.40263763212341
1980 17.287591557009517
1981 16.169741389703862
1982 18.040109729283937
1983 17.98510897650072
1984 18.60790279369395
1985 18.496703371490455
1986 16.999836151417348
1987 16.38926067544576
1988 17.436095594910995
1989 17.867943150039874
