0 11.48783478255132
1 9.184030495410697
2 9.474371894645355
3 8.16054678944569
4 7.174044917565421
5 6.291531979142976
6 6.649373398994647
7 5.921223175155371
8 7.3957512312709275
9 6.496977318350168
10 6.656519883500077
11 6.947523095496044
12 6.912758483323283
13 6.508004979720219
14 5.905515594025567
15 5.805309088551372
16 6.934060389488181
17 8.037166741735293
18 5.303108701233144
19 5.507161471668198
20 8.269836407379028
21 4.980223324518028
22 6.04457985938012
23 6.727116843036604
24 6.554262943366323
25 6.589362136789917
26 5.8972855226485486
27 5.777971331404492
28 4.20112736947314
29 4.632338205604242
30 3.775700140737467
31 7.2026925453792385
32 6.498358516085092
33 7.0439188140677
34 6.6602278251566345
35 6.300958739348429
36 8.229502498975863
37 5.978759654525601
38 7.0137988314534745
39 4.633097919809889
40 4.384595487297152
41 5.429081010906151
42 8.787490629915022
43 6.838060925716041
44 5.3956581841224
45 6.536682614697851
46 8.021588941019553
47 7.483238789942078
48 8.465261211785297
49 7.482556312899782
50 7.362605476561417
51 9.253066005798217
52 7.49717289123614
53 8.580641111592758
54 9.320711716927129
55 8.62151200461589
56 8.311792649648817
57 7.20695433652277
58 9.106968284039056
59 7.974649707656208
60 8.279578130896477
61 7.687301117273274
62 9.664268401226112
63 9.68612773269309
64 10.445883857901501
65 11.150334694476577
66 8.497029415397032
67 5.8629977332023016
68 11.088393300708464
69 6.304617958086493
70 5.393374610971046
71 5.71210813584754
72 6.321619732645851
73 5.541434904010067
74 6.201079243737445
75 4.810427420590443
76 6.434657795295553
77 8.47033450210964
78 6.989491560922803
79 5.976068716201892
80 5.773762416925316
81 5.922025926394452
82 7.1963919161335586
83 7.081193822153127
84 5.706721273131043
85 8.163651708959428
86 7.469348411478811
87 6.484509899852981
88 7.375477078475879
89 5.530093248263564
90 5.593072113550917
91 7.534729332430065
92 5.181760244321754
93 6.230508686955545
94 5.75081034659178
95 5.306064500816847
96 5.238086950342529
97 5.065145499596571
98 4.653687453151549
99 3.8819365961904526
100 6.73962033473097
101 5.372324575752411
102 7.4203366347272155
103 7.144214096845065
104 6.187033032241814
105 7.39431663947023
106 5.446390770380768
107 5.164206622472557
108 6.6070685984855055
109 4.355616837572823
110 6.838366585030067
111 8.557510339890909
112 6.07104839647281
113 6.707106492852009
114 7.6816254906310135
115 8.991218318957099
116 7.519558515434263
117 8.461551009708751
118 8.666614828695394
119 4.333473612847837
120 3.928008197476111
121 4.160542021463133
122 5.971443255565765
123 3.7777517602863804
124 5.88889121194941
125 4.662284499106435
126 4.564218816615753
127 6.923360349526746
128 5.819143022446856
129 4.964915967137869
130 6.153354005641402
131 6.955190791361598
132 6.806887363205455
133 7.225537209607394
134 6.819934133090693
135 8.68682441893295
136 6.602165644720714
137 4.541281700698345
138 4.042823938681768
139 4.463809193088826
140 4.9199297484170215
141 3.9860656347700276
142 4.194137795590946
143 5.931192180292475
144 4.784787915800524
145 7.232113080489693
146 8.320176779443313
147 5.298725850792617
148 6.081592499631316
149 5.198764064455252
150 4.1556043159559035
151 4.248169195187937
152 5.121443089188841
153 5.009954348767771
154 4.008892568546628
155 6.956277834036736
156 6.906840960022825
157 5.77217224812938
158 6.3395760822301215
159 5.807134790896999
160 5.269233341549977
161 4.027931445498759
162 5.214364920512816
163 3.899021521318289
164 7.573242149819626
165 7.079984192116481
166 5.830646400720128
167 4.017979102959641
168 7.0410837143602425
169 6.477428169587646
170 8.37219779365328
171 7.015551155050644
172 4.576752795496506
173 5.142008335126208
174 4.473505096976993
175 3.9248328750826547
176 4.907077178373832
177 4.133358070900288
178 6.5711396970492775
179 4.635639757800433
180 4.128416332058033
181 6.50693333945548
182 3.7507983702677175
183 3.7312742768274956
184 4.083098256305501
185 4.325700359070591
186 4.19190179239514
187 4.537886025612869
188 3.775824689572244
189 4.233384837966155
190 3.962426784800219
191 5.467000177223286
192 6.081283571909578
193 4.442335265125206
194 4.680681148199933
195 4.3223341689576795
196 4.273545899847284
197 4.309554704065592
198 4.554195923361982
199 3.762786783766902
200 4.775758917284246
201 4.348781857079056
202 4.181541375598733
203 6.324196692935307
204 6.1702196698380485
205 6.439267990840255
206 6.312542075793638
207 5.071907854729722
208 8.736918340935766
209 6.51406986577921
210 6.28240022568526
211 5.874216404040897
212 5.867146631914576
213 3.8967456065747594
214 5.598468410944766
215 8.30413883489697
216 8.768040944140804
217 4.523483330602104
218 6.776494587446263
219 5.875289991714829
220 7.659116322919998
221 6.662872451395169
222 6.23012116021213
223 4.451638704492809
224 7.088248163468761
225 7.667755612552737
226 5.910005840803951
227 6.837862704129562
228 7.007430726690197
229 6.847845245452033
230 7.933399488630552
231 6.897446524938122
232 6.351996705541171
233 9.559999008091298
234 6.689729706628032
235 9.411827474301504
236 8.063132786065912
237 6.203594578488289
238 6.612637268615621
239 7.349973285760726
240 10.548024290330897
241 6.542381213473872
242 4.769818206423157
243 3.8220620204028948
244 3.9824025286748075
245 4.2643930191760715
246 5.686304869996113
247 3.6650503537458086
248 4.197306806741605
249 3.9390821132463985
250 4.38686002939447
251 4.478275722670983
252 4.198112460861554
253 4.530494131568284
254 4.244349341282043
255 7.337010980337429
256 6.142670181564066
257 6.548211414639939
258 7.220916456062579
259 7.244538286577996
260 7.359701893229902
261 9.274669891231783
262 5.110786627795528
263 4.561659663372595
264 4.712830497864924
265 4.197925872321302
266 5.944778003689003
267 4.978405383383222
268 4.91818873352703
269 4.5924402193926035
270 8.07081773629097
271 8.675046701095896
272 7.561234493322904
273 9.165497320556106
274 7.2934825503414915
275 8.202539569127183
276 7.510895119603947
277 6.861085473500812
278 10.248594513527403
279 5.718785977467996
280 7.405844444653244
281 7.372150909084964
282 8.365038338962169
283 7.333559706240602
284 6.82669832432701
285 7.112929164441507
286 6.9392018211106175
287 8.882531974672478
288 7.931268917544665
289 6.982519607403457
290 6.836569128292021
291 4.426528511949103
292 4.8244704441396475
293 5.819195962649421
294 4.465339868343159
295 7.063953861043169
296 7.92797875724953
297 6.877523945550824
298 7.15807243573546
299 6.370686859009252
300 4.954802386117894
301 5.615879366687091
302 7.733511835853515
303 4.9275431961201495
304 3.740682739515617
305 6.7399214562143905
306 4.933615318294651
307 4.446109453505781
308 6.788290984345771
309 3.554966808821164
310 3.6681359395138426
311 3.74240690552458
312 4.496216054271607
313 4.179809408475664
314 6.805686088120568
315 4.52048824689058
316 4.648520694623942
317 5.981825395295307
318 6.463041049388656
319 6.239049052803182
320 6.5703568028140165
321 6.832100350195553
322 6.377767160836351
323 6.942412342512339
324 8.490672692812224
325 7.039485860972681
326 7.061387555297547
327 8.64594520154014
328 8.899714693479986
329 5.726219320432499
330 8.541659694150457
331 7.294939819522264
332 6.499118890739686
333 6.752992216154632
334 7.58047464733697
335 8.399216525531024
336 6.037402567411802
337 7.479678306532378
338 7.5693564412895595
339 6.4861585397670245
340 5.920822277577157
341 6.279990970192017
342 6.681980447436757
343 6.133442695989964
344 6.682518934489804
345 6.265310259769089
346 6.906136555401074
347 7.230120771430527
348 7.285171950130657
349 7.217400441042047
350 6.323391506265804
351 6.743320758855413
352 6.34863794359852
353 7.204354887696449
354 6.874822868268536
355 6.970898380236732
356 7.431183646722728
357 6.8025969091137215
358 4.074951841000112
359 4.88398606544986
360 4.083380707955025
361 5.1763519396973505
362 7.820929248213532
363 4.865722603675368
364 8.893227071605473
365 6.726257333363108
366 6.354565929159235
367 7.744633428573304
368 3.963865103922286
369 5.522975876475066
370 6.6544284537980865
371 4.535811255204233
372 4.371076132689237
373 4.459155847631278
374 4.4579242438621955
375 6.035516292207736
376 4.790287173598169
377 4.126350903536629
378 5.201660182132952
379 4.435748868344097
380 4.338131488522638
381 4.717031739162552
382 5.246790591262825
383 5.487451246411289
384 4.933591798693736
385 4.29585637870821
386 5.003668619222407
387 6.64714213207276
388 7.334885786903081
389 5.932529168110389
390 5.826010123965031
391 5.300477345027538
392 3.353435191924495
393 4.572752757169842
394 3.9213714872306693
395 5.38012354462817
396 4.619695739147567
397 5.119533784212789
398 5.661213879292705
399 5.048866289182719
400 5.706172912001767
401 9.483533074239496
402 4.613777761618593
403 9.014573666546159
404 8.23460427726945
405 10.316242059569618
406 8.371731834330765
407 8.143269901766315
408 10.031059603096637
409 5.736639744365439
410 6.628160161606342
411 6.24589791502772
412 5.517433961568033
413 4.754508362833932
414 4.742727463242862
415 4.21507873664186
416 4.6563519885027
417 4.003944707654465
418 5.791611746012711
419 5.438096882040387
420 6.5984553774333925
421 7.6596955889911476
422 6.23570089254458
423 6.377468000513046
424 6.2318438664438345
425 6.413475066016102
426 6.848263690468005
427 6.072103397418991
428 7.226410003230515
429 5.713697981840044
430 6.040093692203558
431 6.69798128632176
432 6.098711894224382
433 6.023191602011741
434 5.67620605838221
435 6.076364484973563
436 5.566669126382339
437 4.289031583564964
438 5.459540822147387
439 6.387887698168753
440 6.723508448858118
441 5.402656656162961
442 3.9435699746729536
443 4.704429342482974
444 4.443592352339571
445 6.048994134374469
446 7.791795488723549
447 6.479980425383815
448 5.0808548888028895
449 7.416750377250649
450 7.23966464279858
451 6.168362989289581
452 6.239005285605758
453 8.374826680219238
454 7.329780370446416
455 5.70743990381018
456 6.980487686307629
457 8.564544877830286
458 7.46368822107886
459 7.612647637586415
460 7.246831175597471
461 6.889349507736679
462 11.020403401774415
463 7.667181434755512
464 10.493793512557739
465 12.206342942632498
466 7.537203820470886
467 10.364710769221329
468 8.168282468811222
469 9.363787603269332
470 9.57940243119676
471 8.332956127427508
472 9.293612260519321
473 11.027462365686349
474 9.36080501664853
475 9.126149626569804
476 9.611433771010105
477 10.970463248794891
478 10.24404612287382
479 10.765065183845282
480 9.59553301756348
481 10.221193699151106
482 10.515479495378424
483 10.782753685143481
484 11.626883345453628
485 12.043161785265774
486 12.0546651722547
487 11.061148635242901
488 11.964247395987746
489 11.021322655704612
490 9.77850213544607
491 9.00785573592319
492 8.836967986220483
493 10.340315572600915
494 10.459138642605467
495 9.098423161389094
496 9.843066930922914
497 11.053306442098926
498 10.075765329808727
499 8.09636583888107
500 10.143095699585816
501 8.324805742119661
502 9.374356716830299
503 7.933550441927772
504 7.988112214443305
505 9.251451482013346
506 9.121390068602317
507 11.548193292785061
508 10.655614866787177
509 10.682332692571824
510 10.001257040054908
511 10.614469746739447
512 6.028306068921411
513 4.185117651479164
514 4.466779116099027
515 3.6687450395890866
516 4.520604642996433
517 4.825857957825982
518 4.580721803385245
519 6.452900974434731
520 6.852634550823511
521 5.884399192155906
522 6.119654644337417
523 5.675069480129175
524 5.392234272333973
525 5.9141675440229555
526 5.293551487432387
527 5.202165101221658
528 5.969618304083519
529 6.566298624299522
530 4.582443853595019
531 7.911820221664633
532 6.555169666451317
533 6.9892421172649115
534 6.6994728018724485
535 6.218692666565925
536 6.36950268980792
537 6.264107553545008
538 5.6294120684502165
539 6.213234974816459
540 8.26397212296114
541 5.090285821330861
542 6.6439483540009325
543 6.796216908463546
544 7.331129793898596
545 6.394932780489443
546 3.622575074537889
547 4.870948508095573
548 4.181273654856686
549 5.334551159650492
550 6.597344313162897
551 5.477592603910707
552 6.53259253638387
553 6.000017859643268
554 6.053343218285882
555 6.0200536478414035
556 7.472303690730856
557 6.661321903112844
558 4.109064685831764
559 5.719107840030813
560 4.290927368192861
561 3.7416435595967106
562 4.344747642382909
563 4.439755243047417
564 4.52574198388417
565 4.586865417614689
566 4.860773875672406
567 5.583017799431117
568 8.139576721565836
569 6.655848572891044
570 6.496696227767257
571 6.144186056471911
572 4.4601336151416975
573 7.960110914407541
574 5.107289703318205
575 4.062406082342286
576 3.977880315266361
577 3.7264744289613323
578 3.6048436456340522
579 4.078099014592296
580 3.9443172961111355
581 5.883856062175291
582 6.61406378904037
583 7.5141909788155665
584 4.083282772313281
585 5.464319722385823
586 7.314709076081811
587 8.281958046711344
588 7.078090288921182
589 6.731597202023929
590 5.447400946608355
591 8.427408222270673
592 7.268175175985725
593 9.425296680863932
594 6.435381299374052
595 4.38878530374789
596 6.415079978052613
597 6.367992454166589
598 5.580908461569395
599 6.3551570111865825
600 4.953533471993401
601 6.369416740564267
602 6.028842551793784
603 6.009950098218951
604 5.231017664718707
605 5.625763291208707
606 6.331210698365151
607 6.820018802597069
608 7.011890200427175
609 6.523480759209057
610 6.23254644688066
611 3.881342473606649
612 4.469985236849529
613 4.186835644373386
614 6.098229882059574
615 6.476490419654348
616 6.518901262342841
617 6.563998528945915
618 4.423610424585304
619 5.902865428226814
620 7.3005865798528875
621 8.229098669599464
622 6.936467855030598
623 4.354937452431292
624 5.092994015025587
625 6.257544663636056
626 6.148328615150766
627 5.681433850228739
628 4.898664710848188
629 5.59129872080718
630 6.1000668746234155
631 7.346193988747557
632 6.689630145832821
633 5.564488836450919
634 7.200362135829392
635 7.542065873203672
636 6.408855726581237
637 7.411023424718873
638 6.45035560647206
639 6.870882374682842
640 6.321673372605706
641 4.624167287274573
642 3.9618547491078036
643 4.312600151210601
644 4.836242362875566
645 4.36094541539304
646 4.302471926206626
647 4.2616467733636165
648 3.9854330474666955
649 7.113503736554407
650 5.799805733938043
651 9.422269124925224
652 8.138211951269263
653 6.616137900790152
654 5.943611909174852
655 6.234974134680566
656 6.496499518868281
657 6.6100829964140075
658 7.430393238791985
659 6.147925544465044
660 6.554365838095384
661 8.046112481049036
662 6.892247644390778
663 7.711578282739801
664 6.831162213357082
665 7.18626688590911
666 5.611989997939234
667 3.6955874354543927
668 4.491446318324734
669 4.448458052187606
670 4.724346189379047
671 4.511279709598664
672 6.5248247371659005
673 4.22521327560282
674 5.011406910980976
675 6.26771896916871
676 6.647591769212569
677 5.301117550292204
678 6.586477828770536
679 5.864654305134471
680 6.083443806332671
681 7.514253513116725
682 5.731831444119714
683 6.982136603417844
684 6.197091158688326
685 5.825005430607212
686 4.454322762132567
687 5.389439641910546
688 6.953520651079195
689 3.2253641169129432
690 6.392327339972767
691 6.935106384267139
692 5.865243816008522
693 6.1466907194932165
694 4.259168476221496
695 4.407963046226332
696 4.315228013558276
697 4.999617813756834
698 5.5431353393837375
699 6.304512431638666
700 6.667833605043737
701 7.223572970179159
702 6.334793120916094
703 6.863760371995042
704 7.308699109675352
705 8.799965025895933
706 7.677837473320506
707 7.0731391093411835
708 8.571820036874726
709 8.120863449485178
710 7.018767577917804
711 7.538914684666034
712 8.019341716469084
713 8.852132987450643
714 9.141999804207241
715 6.8955310381435435
716 3.9772951563938053
717 4.304459126334953
718 7.840388744280201
719 6.624780540271696
720 4.463616970217998
721 4.316370624305057
722 3.7286215640748273
723 4.165949793204575
724 3.9719236036863856
725 4.848100876725558
726 4.451541881411847
727 5.223647680227445
728 5.35417598760498
729 4.709965652110978
730 4.223039179830665
731 4.923321618682678
732 4.401758150384856
733 4.142200945118533
734 4.5412677041823475
735 4.708935437874532
736 5.306904883858923
737 4.694414471788572
738 6.177157702444622
739 7.254000757654446
740 7.242722115304784
741 5.7312394774814255
742 4.665461586224895
743 4.244972800057286
744 4.607215707395867
745 6.350571136014981
746 6.4290623956183035
747 7.05655065244723
748 6.4725611701220265
749 5.810723147815349
750 7.772611601436975
751 6.73963280532534
752 6.9267054386993685
753 6.127716676241762
754 7.202552447319023
755 5.89135905113547
756 5.799113987216424
757 7.406879587580766
758 6.748746879992339
759 5.802434944180062
760 4.000503499891776
761 4.3459601914732335
762 5.967771922467954
763 4.288896383658919
764 6.406249457694038
765 5.684280055657456
766 4.496740415424485
767 5.794522038810738
768 6.9632733236232625
769 6.8406106635298345
770 6.710994896432933
771 6.54838176271523
772 6.040171745980367
773 4.2898444394403485
774 6.660282157327087
775 5.522607853822971
776 4.189757130083775
777 6.052373311353075
778 4.466769858979105
779 5.9970553321576014
780 6.5501814879714875
781 5.995975388951983
782 6.000624366980066
783 6.388682574953702
784 4.860067389874808
785 6.620811907465805
786 7.338925203526187
787 6.086749590135201
788 5.8064955040951505
789 5.581289159320223
790 4.946185655514302
791 5.004740203163361
792 6.230357446566773
793 6.192242787315424
794 6.394976590770906
795 5.4269909758316315
796 4.392030885719153
797 6.744234293933513
798 6.774226442039612
799 6.5045119842919235
800 6.650777217627006
801 6.463060319219857
802 6.476921729844982
803 6.179052758647773
804 6.911370097732946
805 8.398287653740246
806 5.713060726938455
807 4.276117270184135
808 8.002520435020157
809 7.260081651597312
810 4.697086030346034
811 4.307792536917318
812 7.331912525911101
813 5.201429650969233
814 6.57300261603358
815 4.670948714306164
816 5.102267190008913
817 3.8994038138983473
818 6.788923539004818
819 5.396103238436865
820 5.499506060105628
821 4.551549411085297
822 5.366146661283772
823 6.677124136161004
824 7.467556987669802
825 8.827701849476519
826 8.399914861396232
827 8.298891551695082
828 5.664060255911756
829 5.197575673912958
830 3.8678801381185557
831 4.659847337823956
832 3.995758709980468
833 3.784342576096262
834 4.166726874310845
835 5.3055307457254415
836 4.660616122668837
837 5.0082659199374255
838 4.210956573466134
839 4.9028675766282825
840 4.512301846630528
841 3.7561430882916453
842 4.195975484289593
843 8.748413050761739
844 8.217511841661546
845 8.178705217716244
846 7.7146622486400185
847 8.511496477104483
848 7.705531969457955
849 8.271945140670752
850 8.12634985446428
851 6.067154721659982
852 7.868632064388232
853 6.85595697423571
854 6.960883705103096
855 6.513967308264024
856 6.558192749758269
857 6.347551750799372
858 4.71043477363468
859 6.363720184867337
860 4.538452626593249
861 6.773488467503885
862 6.800887639906987
863 8.866750621579294
864 7.034548676980682
865 7.877120704280931
866 9.21006855169338
867 6.382151318459791
868 6.712140336543436
869 7.906937368628288
870 6.975172828637195
871 6.786032176641932
872 6.943027863728075
873 8.27320468788792
874 5.35379111109474
875 6.469313984443199
876 7.5285238159014565
877 6.050278940222265
878 7.1294507831976635
879 6.900459565899086
880 6.39159706069718
881 6.297850814806061
882 7.425993865798488
883 4.905736710655642
884 5.125335111595285
885 6.827271680786414
886 7.122681480776918
887 4.810459175250854
888 6.351138484135052
889 6.549159339505804
890 6.027811093633762
891 6.28739961184811
892 5.546243696361791
893 5.6631478112487645
894 6.496628956109693
895 5.821638031189019
896 6.227597587432663
897 6.4140799444909415
898 4.545549534196563
899 4.699634461002447
900 4.842715583491213
901 6.4898435833946095
902 5.563680952338092
903 6.784242631504091
904 7.032850353696697
905 7.021455933042658
906 6.4878854320146155
907 6.4296861082014205
908 8.590828005135322
909 6.251986561428012
910 5.836676131629494
911 4.675708449646178
912 6.348314546069528
913 7.229736158988352
914 3.9910217336863214
915 4.245683199345665
916 5.794749356515133
917 5.222905428421663
918 5.541179113283377
919 6.156515478492509
920 6.096040016412543
921 5.817383828730979
922 8.158538546374873
923 7.797379119586899
924 9.864649161841285
925 11.996041115564664
926 8.239555400589964
927 8.994100604869423
928 10.47427057757804
929 10.712294031338786
930 10.656993905934405
931 9.354527569667926
932 6.798901763188347
933 6.524806933400927
934 7.425770961930085
935 6.804307548175246
936 6.339624727491105
937 6.178076121683394
938 6.247989427637429
939 5.4672579910203085
940 6.505282846877713
941 6.507768226698901
942 5.4666833171529605
943 9.191677623276028
944 6.912762668172605
945 5.337304649640192
946 6.2125299026376615
947 6.811877608237611
948 8.29692022864405
949 5.729159383630252
950 6.714930793832663
951 5.744614345686722
952 4.919481956091355
953 4.2362256182966895
954 4.273794050383565
955 4.441750847800918
956 4.352144785719818
957 7.363977642392628
958 6.722592487066335
959 6.4046829111402115
960 6.691243499118673
961 8.725837213511705
962 7.340705580762261
963 7.865076001704514
964 7.525150363433714
965 10.546392557102713
966 10.131275366548211
967 7.496698189619034
968 7.7602088208275335
969 8.575172302545628
970 8.56063523919668
971 7.201071042437976
972 8.517391573248158
973 7.259008485697968
974 6.867834879569779
975 8.598999210480356
976 7.976415093116487
977 8.398613158615476
978 10.025519619418814
979 7.95151136987319
980 12.790917429744884
981 9.659510517226437
982 10.130735999533435
983 9.613465047920219
984 9.788701875947368
985 10.823869925705905
986 8.388928171887091
987 6.5844333595443345
988 4.906139854475742
989 11.769729684690368
990 11.637578215902577
991 10.075448764959017
992 10.626260429501817
993 9.177372413348449
994 9.669004647705986
995 10.481194609404689
996 7.81372925504921
997 7.213649564043063
998 7.22252285703002
999 5.802562510848669
1000 6.61700333464637
1001 5.943809821146698
1002 6.275198880016022
1003 9.635137859490175
1004 9.232939283232124
1005 8.956528334662273
1006 8.740726783722558
1007 8.40174598090114
1008 7.801546215604857
1009 6.821523592683889
1010 6.793681886202756
1011 6.898266452665509
1012 10.149326945382917
1013 10.119368534103957
1014 8.850450886183998
1015 8.820070923883618
1016 6.810957215408416
1017 6.951660901508846
1018 8.024462092866818
1019 6.351675464896914
1020 7.305362406018206
1021 7.783759372124172
1022 6.269342201244312
1023 5.356625147472309
1024 8.25375864693094
1025 7.173086642048301
1026 8.078521661707544
1027 8.311197524417564
1028 8.677351957313654
1029 6.563006361283194
1030 6.400662901296643
1031 6.577473804998109
1032 8.211459943673065
1033 6.577093402061413
1034 7.6676472990115245
1035 8.584019263334179
1036 6.04046446873106
1037 7.989097764423473
1038 9.367298509954901
1039 7.130340164336363
1040 6.644745970703541
1041 8.704283031037624
1042 5.997140413598247
1043 7.755001814758526
1044 6.302296156239402
1045 6.86707467425341
1046 7.937281086934579
1047 6.712108168091482
1048 8.797156460210694
1049 7.653468375405695
1050 8.636453715490157
1051 7.3794760124800245
1052 7.653512458346691
1053 7.407488570966262
1054 6.560970665649478
1055 6.519045214149018
1056 7.194389497295285
1057 5.788931886568941
1058 7.029979844526677
1059 5.523326450067763
1060 6.6901349292081225
1061 7.383543262042484
1062 4.671485012985906
1063 4.069593715510738
1064 4.9059160753022
1065 4.880640646090012
1066 5.828303429584282
1067 5.182998452549487
1068 5.077016669206165
1069 6.535018777870892
1070 4.345648410911878
1071 4.0138521769229305
1072 5.143716792635954
1073 4.796327068568621
1074 4.5506078052246846
1075 3.984979144612714
1076 7.365097759284175
1077 7.5360454746260865
1078 6.619194407066374
1079 5.753228480748168
1080 4.738806449249716
1081 4.802930062793496
1082 4.704187439442289
1083 7.342507174455385
1084 6.72178659754783
1085 8.075385025615153
1086 6.774476913221458
1087 4.812759804282538
1088 10.47295974214942
1089 5.568508858017979
1090 6.48770769237057
1091 5.260945716995519
1092 4.822850301084172
1093 5.272312632215059
1094 5.417521593120761
1095 6.118876386165243
1096 6.1120970396976935
1097 4.344840540972156
1098 5.222563426469235
1099 5.55948502447723
1100 6.750481654436293
1101 4.403758423746924
1102 3.597023117104942
1103 8.195491471311795
1104 10.184197207895712
1105 6.641895037548851
1106 4.153169389667055
1107 5.789419169316347
1108 7.632858002234038
1109 6.140470778531435
1110 4.603176277178614
1111 5.354958798155279
1112 5.926856062249283
1113 8.364434836509544
1114 8.771118467557544
1115 7.500370839480338
1116 6.929627214549301
1117 3.4570511217284077
1118 3.391228664957647
1119 8.711171958285165
1120 3.355917997737627
1121 4.550021414380186
1122 5.1748077079809605
1123 6.250137896416805
1124 4.345077379685701
1125 5.824351609768362
1126 4.3422560822307235
1127 4.332856294535371
1128 4.3457466470503885
1129 6.101452163871036
1130 6.461508574236337
1131 4.119222308550323
1132 4.412983239229644
1133 5.041689157850625
1134 4.722279182055596
1135 4.427942343753874
1136 4.59226983166716
1137 4.583464355932885
1138 4.067231949464007
1139 3.905421176621396
1140 3.8120996516659535
1141 4.626464045249093
1142 5.414575700765225
1143 5.219943957482186
1144 4.101274105897766
1145 3.888202136223045
1146 3.8493165327711703
1147 3.874812217115777
1148 4.346278950934589
1149 6.5376339708634035
1150 6.524830529032804
1151 6.92214930122155
1152 6.815162178908553
1153 7.164460058012598
1154 7.597128572879669
1155 10.045335517432667
1156 7.542953342520537
1157 7.648858484130008
1158 6.9785805269363275
1159 7.345134195155379
1160 7.120645835189566
1161 8.827651720265338
1162 8.171631728675871
1163 8.895471748057158
1164 8.4777339354157
1165 8.705937185585027
1166 6.704083958079611
1167 8.465015754269269
1168 7.947827783381822
1169 7.7711448496147275
1170 8.595364370681018
1171 8.459096866456795
1172 7.978348959409661
1173 6.239313058751342
1174 4.985919388239211
1175 6.1187693666259095
1176 6.308028949889255
1177 6.982656611032979
1178 4.818850707003408
1179 4.067484817468699
1180 4.851236818277562
1181 5.718403878201455
1182 4.194002855488915
1183 6.155007988493233
1184 6.766049310182688
1185 4.781541865217057
1186 4.48728718623953
1187 4.963169137833782
1188 5.272389514629824
1189 4.101163338948675
1190 4.091406912644854
1191 4.750055700184954
1192 4.3159628644668
1193 4.441171824025425
1194 5.025245723408252
1195 4.6629270962953155
1196 5.164846659780938
1197 4.952960658297201
1198 4.763119921457445
1199 4.8516457494158685
1200 5.438414303033601
1201 4.110052129173832
1202 4.415443500244674
1203 6.257935379681161
1204 6.479925364307439
1205 5.8019823161131745
1206 4.426390298235785
1207 5.429056214953255
1208 4.635466447786593
1209 6.375505804509812
1210 4.303908975908635
1211 5.866812555334229
1212 6.558840676654899
1213 4.098590368445397
1214 4.823350981006303
1215 4.436502288383522
1216 5.4397957467934415
1217 6.6718565187654235
1218 6.226641611230471
1219 6.187067668807033
1220 5.489563200349074
1221 4.814481586495244
1222 4.674218378622855
1223 4.59328333523707
1224 4.75128108995136
1225 5.343031142894403
1226 5.640905935973043
1227 6.280939540979669
1228 9.69496137580741
1229 4.812720406884382
1230 4.097296498255183
1231 6.7532847084551655
1232 6.514581084704024
1233 5.8931213938834865
1234 4.634162051433488
1235 5.1865728783442675
1236 4.57617608709222
1237 4.371917598486379
1238 4.532594911618685
1239 4.2753759049080085
1240 5.437397565101154
1241 4.547603760781011
1242 4.0329831311230215
1243 5.370556079234195
1244 5.917596398644879
1245 6.240459317609465
1246 4.794127355129419
1247 5.634868991462564
1248 4.560991829832981
1249 4.570413348659657
1250 4.96175511805618
1251 5.065086622872647
1252 4.775802420106738
1253 4.412478159818858
1254 5.701557622156608
1255 4.320565371642039
1256 4.0886530525046645
1257 4.959294164974088
1258 5.263883587012119
1259 8.353546679112975
1260 6.731330200811388
1261 4.948978592233507
1262 4.113028328730525
1263 5.130653468278474
1264 4.3911913510836
1265 4.4062677383667275
1266 4.782820050034578
1267 4.348031333588309
1268 4.305015591556411
1269 3.872233198295906
1270 3.9122198865068354
1271 4.949678726258211
1272 4.579225512465885
1273 4.140344405399155
1274 4.6802501453547665
1275 4.651182346003669
1276 4.4933514004597805
1277 5.023936784554388
1278 3.9532175436569856
1279 4.478026383449618
1280 5.826079523659758
1281 5.760680673373938
1282 8.019762572208052
1283 6.592776220298439
1284 6.296416825917459
1285 6.7204043684972
1286 8.405635014267085
1287 5.936082042086596
1288 6.9436688922037035
1289 6.80221908030451
1290 5.183988358465048
1291 8.299596460216954
1292 6.905507215402298
1293 6.337148963538312
1294 9.753388253394089
1295 8.112455208803759
1296 7.851427653351626
1297 9.214869281749921
1298 6.688637918351174
1299 8.754444444117338
1300 6.359429387012609
1301 6.512556972306226
1302 6.062771414645394
1303 6.494656588958592
1304 6.054374268671337
1305 6.605117273098401
1306 7.080092089913345
1307 6.101412437701843
1308 5.665526089124752
1309 6.095114569721731
1310 4.62236874833568
1311 4.568962609661788
1312 4.623466336351985
1313 7.208734982708755
1314 8.385304847329845
1315 6.9283337292919
1316 5.970662991246009
1317 5.411778954898796
1318 4.718877569872597
1319 4.669114838323798
1320 5.660924597619884
1321 4.727776406778531
1322 4.839840412712154
1323 5.626188940112897
1324 4.64143490316142
1325 6.441998780335934
1326 6.517712820877052
1327 3.9663926391259605
1328 5.253966048820881
1329 4.907201423026003
1330 5.290296076844427
1331 4.596577955494664
1332 3.842436842151105
1333 5.850588480789795
1334 4.410140893964792
1335 4.267120697900815
1336 4.92751541654324
1337 5.384026231383811
1338 6.156625202125393
1339 4.7238735851068805
1340 3.9163092308471925
1341 5.314662865215589
1342 4.639235475268175
1343 4.7165624066955125
1344 6.556301125679297
1345 6.89367493038047
1346 6.251705125970717
1347 5.014829541997543
1348 5.88893267607128
1349 4.644050584452824
1350 4.311175041903118
1351 5.0976276329776145
1352 5.267997006552093
1353 4.183188067334501
1354 4.54769141710753
1355 5.652540884044291
1356 6.19117489349683
1357 5.737522947802068
1358 5.712915699599798
1359 7.1952782612403245
1360 5.946602229336765
1361 5.940371632908515
1362 6.131003323005286
1363 6.086524341368271
1364 4.019852046951058
1365 6.2245405037066055
1366 8.053326020830582
1367 7.22235490447278
1368 4.637353501206135
1369 6.801700845371461
1370 4.998522951679643
1371 8.701987247975124
1372 7.111736735437698
1373 6.090283357518173
1374 7.279225025704948
1375 5.132596545511719
1376 5.739857557361302
1377 9.532163990406731
1378 5.505850562295461
1379 9.41966221919164
1380 8.637738279645731
1381 8.558051651263707
1382 7.966615810339423
1383 9.634007638070173
1384 8.958685304570984
1385 10.378964310309952
1386 9.33152254623018
1387 6.283732989003208
1388 8.774550313771412
1389 6.53996315634543
1390 5.069545612364457
1391 4.3537562065026805
1392 5.134918492300186
1393 4.641035753777294
1394 4.677060526664277
1395 4.069203751131128
1396 4.17922462223501
1397 3.8853462509917795
1398 6.503719034089502
1399 6.057466350623823
1400 5.821315512422813
1401 6.695958553755077
1402 3.9104641473425628
1403 6.759085939337215
1404 5.27781977431325
1405 6.455601877598727
1406 4.7641223218943916
1407 4.339514612324513
1408 5.303937793570499
1409 5.47247973695559
1410 4.141298201003814
1411 4.7419954963718
1412 4.1707904226074906
1413 4.411916077584641
1414 6.824564503003963
1415 5.31658282435143
1416 4.745401969283193
1417 6.751882202771809
1418 6.26057955591311
1419 4.575031981683372
1420 5.314889388892291
1421 6.459260454535976
1422 6.186626138184414
1423 8.78156566226733
1424 8.141566110299848
1425 8.020238059817311
1426 8.426808388298017
1427 8.58252532690417
1428 8.406490631539613
1429 7.82959097560422
1430 7.396397757352735
1431 8.601977953757393
1432 8.56989045485049
1433 7.091361215385248
1434 9.174335138002913
1435 8.43708218512161
1436 8.859763066389778
1437 6.725407530173813
1438 6.795922662015433
1439 8.578160993228067
1440 7.751980614485365
1441 9.075814541544858
1442 8.560379828453387
1443 8.555579407607
1444 6.743024465672015
1445 7.465132205809901
1446 7.852484369676849
1447 8.080689496656069
1448 6.872733816185814
1449 7.5778455547435195
1450 8.089016668788734
1451 8.000995042483982
1452 8.850505760084337
1453 8.390587856182794
1454 7.866471063319154
1455 5.483609405100316
1456 4.878392868057479
1457 5.110487881295857
1458 7.784040355917726
1459 6.926849651207878
1460 6.810237365909976
1461 6.940165568903232
1462 6.734120861746394
1463 6.6944614848008
1464 4.772410654414607
1465 6.910088429944787
1466 5.815580047547744
1467 6.473302626470265
1468 6.735775236756218
1469 8.54252935077778
1470 7.978677743973359
1471 6.875375019029997
1472 6.78365800238397
1473 6.344560739273128
1474 7.6408984329145815
1475 7.4873193634409985
1476 6.9644518126271455
1477 7.765751944566362
1478 8.739915161043697
1479 7.492605796014885
1480 7.47674072427155
1481 9.072108541455405
1482 7.258458621064329
1483 7.577192221950028
1484 8.270162831933552
1485 8.36754874179839
1486 7.112625309249172
1487 7.6049642784480955
1488 7.899712893437044
1489 8.65369189718304
1490 7.567411400858743
1491 7.208549658972909
1492 8.372569783970787
1493 6.979691197149845
1494 8.273648459006742
1495 7.2253926457701025
1496 7.514609129922117
1497 8.606779395925889
1498 7.375402179574956
1499 8.041250983376782
1500 7.7760963139563914
1501 7.860766516808843
1502 7.605434496935937
1503 7.709350130123223
1504 8.484029462776315
1505 7.136826799301148
1506 4.865338299723926
1507 5.04237644984511
1508 4.15845511034126
1509 5.137111060987308
1510 6.551254861980398
1511 6.3078395806465215
1512 6.3451030696642485
1513 5.841496623217633
1514 3.6202708242290322
1515 3.5165261956499534
1516 3.3925059532333224
1517 3.4279596444179674
1518 5.77516259799468
1519 6.027556730968102
1520 5.936886483089029
1521 5.748904614590065
1522 4.88314215121578
1523 4.6607393200878535
1524 4.5352053968738435
1525 4.033589443835065
1526 6.55985005687421
1527 5.119094073208479
1528 6.033386697585336
1529 5.476890782679956
1530 7.617296724189798
1531 4.2463175740449195
1532 6.30890218514247
1533 4.97916895993889
1534 4.352471423360937
1535 5.643154956875242
1536 5.655830857626865
1537 4.515472048366157
1538 4.731103174431646
1539 3.9530961627264256
1540 4.705366313737731
1541 3.9607628285731913
1542 3.8911613385827377
1543 5.065493071211364
1544 6.4157391011793345
1545 6.316143015825019
1546 7.7816814968911485
1547 6.069193434067801
1548 4.562391452742877
1549 5.4819317713130955
1550 4.565316718710087
1551 4.807272418235056
1552 5.538414850681879
1553 5.8332200825188965
1554 5.644214306254081
1555 4.836114880021166
1556 5.6632074912802155
1557 6.40852830768781
1558 7.396389082062952
1559 6.3813489086643305
1560 6.512777677729068
1561 7.866795713427088
1562 6.751116705387041
1563 6.3663328346249815
1564 6.330600527684079
1565 4.8083805180071835
1566 5.81506779548348
1567 6.5513024778026745
1568 6.687671710914005
1569 8.488204078822752
1570 6.195859520704936
1571 7.04356589263269
1572 6.209033822759763
1573 6.082865651298547
1574 6.245645209080139
1575 6.303390829187984
1576 7.880469620449607
1577 6.333748744184834
1578 6.3442863776164495
1579 6.092860653196542
1580 6.122681142592238
1581 7.281170999138819
1582 7.663116158166615
1583 8.093115666729501
1584 6.794300557323946
1585 6.828476471567819
1586 6.604430562729493
1587 6.41010428942138
1588 6.142665524385287
1589 5.195254866066772
1590 5.967316902902769
1591 5.908722471329195
1592 7.591905158573041
1593 7.05595216758224
1594 8.372156409405491
1595 6.1352359018147045
1596 5.957329447373228
1597 5.737255087792165
1598 6.181858839989304
1599 5.860431060937679
1600 5.787303531043613
1601 6.337639622270745
1602 6.516838718516517
1603 6.033727701598765
1604 5.7377806155251525
1605 4.727150041386069
1606 6.687802176165205
1607 5.8189748438852265
1608 7.283748558900483
1609 5.750653884205136
1610 5.9821910587857365
1611 6.373334432739325
1612 6.461463830646202
1613 6.011739978936926
1614 6.441569468910691
1615 6.694658759899617
1616 6.3586509293442885
1617 6.144923884228165
1618 6.797771541331196
1619 7.007418101013065
1620 6.037236028339113
1621 5.657655220891938
1622 7.635527663130697
1623 7.603720606872664
1624 9.794175635443326
1625 9.616000190774095
1626 6.86119071550093
1627 5.488035424261989
1628 3.9218682742328226
1629 7.171174392195981
1630 6.323570661991234
1631 6.0029551912516705
1632 3.367220900804173
1633 3.3388958759738094
1634 3.595440592877859
1635 6.131610762726953
1636 3.9319117858957644
1637 7.566251173560594
1638 6.4781708038783
1639 6.933509279450866
1640 5.066725435435927
1641 6.542226944274105
1642 6.712699673872293
1643 5.421476334763792
1644 6.456603102109703
1645 6.016933407743742
1646 6.405428112046474
1647 5.985073783668898
1648 6.862718078309285
1649 7.1388081224106115
1650 7.237659182442743
1651 7.968495425065106
1652 4.538576601204178
1653 7.3464105025351
1654 6.426412246505586
1655 6.046983645357642
1656 7.794772428215404
1657 9.279067491711464
1658 7.8118485722165945
1659 6.371137157640528
1660 6.118356238374419
1661 6.293668729999955
1662 5.978176149536404
1663 3.491612510523384
1664 3.4607034888389436
1665 7.747434512035455
1666 6.663081755634629
1667 7.410594495221581
1668 6.599199324452579
1669 6.20193411785707
1670 6.7395612224517185
1671 6.20580714419788
1672 8.065021252155198
1673 6.5515536504988106
1674 6.205277329326808
1675 6.31297570681217
1676 7.743355129954581
1677 6.137423888135932
1678 6.417480043616855
1679 5.771420960717944
1680 6.735652884798301
1681 7.276308501597585
1682 5.589478452511678
1683 5.794619570940696
1684 6.770014300511851
1685 7.3631257837570985
1686 6.979347800495717
1687 6.721041832604166
1688 7.6105086920141645
1689 7.273860322465298
1690 6.108924821642216
1691 5.229438649664172
1692 5.178282705545869
1693 8.483200311813217
1694 5.019681467342571
1695 7.204306762488754
1696 4.541515637237382
1697 7.588155253256713
1698 5.511274224806386
1699 8.10119786877971
1700 8.29515006382478
1701 8.093230511764945
1702 7.567758293103069
1703 6.9621794117748745
1704 8.363408885285317
1705 6.709525971146441
1706 6.253399200464755
1707 4.357396310636299
1708 6.713865476934326
1709 7.7608628284500725
1710 5.486922968287708
1711 5.435749306977688
1712 4.792201564420652
1713 5.53322246277408
1714 4.4902741836281015
1715 4.615407281545408
1716 6.460990321251879
1717 3.756758204045336
1718 5.2118836083109885
1719 3.8094056767844156
1720 5.862425257571622
1721 5.2193118917903885
1722 4.495435267525994
1723 7.449391057451079
1724 6.994655781828805
1725 5.92347368838196
1726 5.582380050313257
1727 7.419122912314036
1728 5.559938769822511
1729 4.601975700095953
1730 5.925148577627323
1731 6.592348730650393
1732 3.9257855246451565
1733 4.772639019157998
1734 4.492510724497264
1735 4.030997029494138
1736 5.135519994388203
1737 4.384201044392986
1738 10.182207772127223
1739 10.634700147477961
1740 9.77309596743499
1741 9.081268727516433
1742 10.826868542205718
1743 9.458830100044434
1744 10.043431791197882
1745 9.434605835845938
1746 10.385892507736724
1747 8.812395453121274
1748 9.586028781405627
1749 8.678302352124708
1750 7.665170882498277
1751 7.74250420139245
1752 8.377917380960373
1753 7.986026268675132
1754 8.771023356133242
1755 8.16946030846665
1756 9.89557737050022
1757 8.082650653050717
1758 8.741395496009085
1759 7.6936386367838825
1760 8.569247987240864
1761 7.3652774731540624
1762 7.882418196540781
1763 8.30382987190039
1764 7.268776371804488
1765 10.216120404289455
1766 8.679144728221356
1767 12.052125407808363
1768 8.71654390760188
1769 8.450467381483366
1770 6.750953830887611
1771 9.803686741819146
1772 10.389439846493692
1773 10.739872427733198
1774 8.681798387700148
1775 8.873464974723692
1776 9.777323892647669
1777 9.055220538249927
1778 10.167773900840608
1779 9.984118712946138
1780 9.349944178031414
1781 10.206470194530718
1782 6.565698737493934
1783 6.0328627988827375
1784 4.217003099656718
1785 7.554572028331784
1786 4.354579363172849
1787 5.1877222093527715
1788 6.240489229762317
1789 6.25559231171239
1790 4.268434508622022
1791 6.341844875138901
1792 5.119464412617018
1793 5.759540590221334
1794 4.804566736877812
1795 4.703913025821124
1796 4.75347413823612
1797 4.469333959595709
1798 7.7546089072942905
1799 7.732869132005723
1800 7.254183386880006
1801 6.166864952034611
1802 7.134688355799201
1803 6.212872992539647
1804 5.21533065758355
1805 7.290090220969172
1806 4.260960260010655
1807 4.584917465288678
1808 5.273270214684747
1809 4.444475127665977
1810 5.198222164202881
1811 6.60810796273223
1812 4.31303492254366
1813 5.680002547631204
1814 5.891336090638957
1815 5.3479733525606425
1816 5.215882070825084
1817 4.600499872288538
1818 4.23608671573548
1819 5.833688556215185
1820 6.3762731854726304
1821 6.559273495655815
1822 8.506931815441314
1823 8.051129939917454
1824 7.24383284214016
1825 6.031296086062459
1826 5.585446220297526
1827 6.745651995045302
1828 7.123051019520697
1829 6.504353180289084
1830 4.925166545959921
1831 6.464391588850319
1832 8.48387277741287
1833 4.615785309245307
1834 6.1588422176416096
1835 8.642145299673434
1836 8.187578137359772
1837 7.862982446745228
1838 10.074123120581522
1839 8.429178979855417
1840 9.801832114007503
1841 9.668453171242351
1842 8.981249235103494
1843 8.850261474544531
1844 9.207102632188754
1845 7.592430900222375
1846 7.509907536794187
1847 7.27307609786053
1848 6.2554638876469735
1849 6.841576624564538
1850 8.510241357708745
1851 9.098269721544108
1852 9.000057975123754
1853 10.62697789025983
1854 7.1053402781866035
1855 10.793764775974829
1856 9.415005998036897
1857 10.79199467192055
1858 10.813961036681418
1859 9.278397055113295
1860 9.33152000005098
1861 11.605749282815708
1862 12.563910858736536
1863 11.731118699152175
1864 13.51892572340729
1865 13.525031006509773
1866 10.250049395055006
1867 12.04179782004847
1868 12.44334074332823
1869 11.698683906151743
1870 11.68291693440632
1871 10.60652722723521
1872 13.228175353095839
1873 10.733126985314595
1874 10.275999384709824
1875 11.651390597932286
1876 12.548146051797609
1877 13.179593864925373
1878 12.776693246219608
1879 12.026003804915042
1880 12.218238547626814
1881 9.83779566610296
1882 10.02985499593396
1883 10.409642596274521
1884 10.570255898105543
1885 10.687595068902185
1886 9.324451633616015
1887 12.479063223042976
1888 12.03457954856537
1889 12.597228669771605
1890 12.622260766859391
1891 12.533562832580163
1892 12.072789275893928
1893 12.666277299830437
1894 11.908810012713287
1895 12.583947697604385
1896 12.16337635531976
1897 10.98764756096456
1898 12.086856064173586
1899 12.775406410692463
1900 12.634946073713461
1901 11.588454507999574
1902 10.101717787673012
1903 9.780583453132433
1904 11.105114859725678
1905 11.098907856550387
1906 11.297064344831407
1907 12.828275890210364
1908 11.703582501385666
1909 11.028678979742363
1910 10.765622666399212
1911 10.193725635677879
1912 8.851180388983858
1913 8.473708702820218
1914 11.652186637800833
1915 9.811958153440951
1916 9.18926626008431
1917 8.983196361343483
1918 10.064754385890284
1919 10.133351494289188
1920 10.505342858272913
1921 10.425769118823771
1922 11.582708780739075
1923 13.052343923611872
1924 10.163390498849033
1925 8.29297666613333
1926 10.416728098295692
1927 10.462183791634077
1928 6.85645112659123
1929 7.003742196972602
1930 8.85928088869023
1931 8.97467138756475
1932 11.261980136483256
1933 9.361760505353626
1934 8.67430147495437
1935 10.015297942268782
1936 10.444616953658706
1937 11.527228777476894
1938 10.488980808473663
1939 10.98170712755728
1940 10.695220971824488
1941 10.500140392694682
1942 10.137724752075849
1943 8.817168249564064
1944 9.870634437748944
1945 9.725010725482457
1946 9.4589722265507
1947 10.395230566998658
1948 9.6680998067241
1949 9.823361961534474
1950 9.11981791761715
1951 8.54087744212614
1952 9.245019126543381
1953 7.268310503038202
1954 7.087857409252721
1955 7.46081260386884
1956 8.481420711867562
1957 8.167845627445905
1958 6.3443983296488
1959 6.363279367023573
1960 6.709588886933091
1961 7.056437083985414
1962 7.11919427363298
1963 6.424263261986055
1964 6.329540853295245
1965 7.247304950173756
1966 7.157099100848546
1967 9.263401473332225
1968 8.163257563767926
1969 7.498923381931845
1970 8.750820621220619
1971 6.55176348306825
1972 6.749164960987523
1973 8.283243248586015
1974 8.03554189886425
1975 9.042435074187159
1976 6.916166482906308
1977 6.501176404904362
1978 8.570683509906413
1979 6.529891752643062
1980 6.061018954719621
1981 6.9607326023205545
1982 7.006242748462188
1983 5.010480113008526
1984 6.859021245576652
1985 6.065898848480706
1986 7.170873708788993
1987 4.595138888201171
1988 5.9031748496105205
1989 5.31883252801255
