_____________________________________________________________________
     |      |      |           |         |                 |
Rank | Sub- | Run  | Binding   | Cluster | Reference       | Grep
     | Rank |      | Energy    | RMSD    | RMSD            | Pattern
_____|______|______|___________|_________|_________________|___________
   1      1     50       -5.50      0.00     23.62           RANKING
   1      2     30       -5.46      0.52     23.62           RANKING
   1      3     45       -5.28      0.35     23.39           RANKING
   1      4      6       -5.17      0.59     23.72           RANKING
   1      5     31       -5.14      0.70     23.70           RANKING
   1      6     21       -4.49      1.66     24.65           RANKING
   1      7      4       -4.40      1.56     23.88           RANKING
   1      8     26       -3.96      1.10     23.37           RANKING
   2      1     24       -5.04      0.00     48.21           RANKING
   2      2      1       -4.94      0.27     48.19           RANKING
   2      3     39       -4.73      0.28     48.17           RANKING
   2      4     17       -4.71      0.71     48.39           RANKING
   2      5     20       -4.66      0.40     48.29           RANKING
   2      6     13       -4.44      0.65     48.16           RANKING
   2      7     44       -4.40      0.87     48.42           RANKING
   2      8     12       -4.09      1.54     49.11           RANKING
   3      1     36       -4.61      0.00     27.31           RANKING
   3      2     16       -4.44      0.92     27.29           RANKING
   3      3     40       -4.18      0.91     27.29           RANKING
   4      1     10       -4.60      0.00     24.08           RANKING
   4      2     27       -4.00      0.35     23.99           RANKING
   5      1     14       -4.49      0.00     41.40           RANKING
   5      2     33       -4.36      0.42     41.19           RANKING
   5      3     22       -3.53      0.69     41.22           RANKING
   6      1      5       -4.47      0.00     20.75           RANKING
   6      2     49       -4.13      0.67     20.91           RANKING
   7      1     23       -4.06      0.00     36.08           RANKING
   7      2     43       -4.06      0.34     36.08           RANKING
   8      1     47       -4.00      0.00     25.71           RANKING
   9      1     32       -3.75      0.00     57.84           RANKING
   9      2     29       -3.47      1.94     58.15           RANKING
  10      1      8       -3.72      0.00     49.80           RANKING
  11      1      3       -3.70      0.00     60.41           RANKING
  11      2     38       -3.43      1.09     60.43           RANKING
  12      1     18       -3.66      0.00     29.31           RANKING
  13      1     34       -3.63      0.00     41.60           RANKING
  14      1     11       -3.59      0.00     58.05           RANKING
  15      1     35       -3.56      0.00     57.22           RANKING
  15      2     15       -3.54      0.69     57.38           RANKING
  15      3     48       -3.54      0.57     57.24           RANKING
  15      4     46       -3.48      0.39     57.35           RANKING
  16      1      7       -3.54      0.00     49.62           RANKING
  16      2     25       -3.54      0.22     49.56           RANKING
  16      3     19       -3.32      1.34     49.30           RANKING
  16      4      2       -3.31      0.43     49.57           RANKING
  16      5     28       -3.23      1.68     50.21           RANKING
  17      1     37       -3.40      0.00     39.56           RANKING
  18      1     42       -3.36      0.00     61.31           RANKING
  19      1      9       -3.33      0.00     50.51           RANKING
  20      1     41       -3.11      0.00     50.84           RANKING
_______________________________________________________________________

