0 8.087315126724317
1 9.424044891082632
2 10.515370136002698
3 12.003654303920932
4 11.692169618804567
5 10.45885698486864
6 8.736764800409304
7 8.807822515539437
8 9.259371645507091
9 8.691170362434503
10 9.086118463730445
11 9.921137770218953
12 10.19726457502018
13 8.183662671278082
14 8.08163264903961
15 9.927687806134813
16 8.908504149246962
17 10.80766583207291
18 8.107737384490232
19 8.627559629934153
20 8.392033735442197
21 7.039485852602135
22 8.504788045058381
23 6.771337496764949
24 9.930650810186027
25 7.706680627339562
26 7.816235966898728
27 8.642585323112572
28 8.190308905771559
29 9.090046735144883
30 9.933448753371186
31 8.537977978509923
32 6.924180774107505
33 8.116396712680238
34 8.685834357478463
35 9.182243262775991
36 9.16125963943038
37 8.707259966336295
38 9.214762090197054
39 9.063221846381607
40 7.558377658500372
41 8.420298845615228
42 7.8231074850780065
43 9.611335794391513
44 7.890456704539557
45 10.841165251863977
46 8.066744803744575
47 10.837212028860117
48 9.791452036327394
49 7.909021310476716
50 9.554856881081456
51 9.015055444067077
52 7.905427886054178
53 7.377119219317024
54 7.349844223130559
55 8.421740315218967
56 9.138741420595958
57 9.991083100403149
58 11.87345712141512
59 9.210871592555797
60 8.497472830649397
61 8.938874403095747
62 6.9360025146677815
63 7.136844751738315
64 8.185001140297562
65 8.305374554852284
66 10.371417828072786
67 10.96247147713748
68 9.938394537245882
69 8.72596635259097
70 8.010610988325528
71 10.266718300197223
72 8.754918212256584
73 11.009687422626536
74 10.559928164465191
75 9.400393769791856
76 10.230965317070334
77 10.371414796795209
78 9.899943151967934
79 11.3509685948818
80 8.667125025503198
81 9.339740273461103
82 14.19960259034706
83 11.661216930117122
84 8.221906103498434
85 10.867331161242916
86 7.968302250165703
87 11.899666571887899
88 9.749094855728991
89 9.465731865173453
90 10.064760311128522
91 9.161009894373846
92 8.63169084442855
93 8.148799472225702
94 8.068900714562215
95 9.53391650472597
96 8.740346621907408
97 9.519128467269207
98 9.673864869685561
99 9.02705141789871
100 8.039208560457249
101 9.001118587957997
102 8.441381205856544
103 8.110502869232795
104 7.5141716348523175
105 7.9135967182565095
106 6.786511842965864
107 7.487998766819794
108 8.921706460358603
109 7.113635006883318
110 10.578671021872061
111 8.442639713544098
112 7.721267607928442
113 8.809425767653492
114 8.511393862092026
115 7.89151871229574
116 7.393917613338744
117 8.66764714273068
118 8.141451097105936
119 7.1729577020087945
120 7.699193203979285
121 6.563601772109013
122 8.653852415787528
123 8.5402728216194
124 7.423722293378727
125 9.443446887572556
126 8.921013561440239
127 8.537820069519919
128 8.641074071283775
129 9.81592300403179
130 6.628892096802842
131 7.405682431650293
132 8.962214673133332
133 8.471645339102357
134 8.164025904221374
135 10.62222346649988
136 9.684768684268766
137 8.311297737373309
138 9.940552232658934
139 8.192939604668533
140 7.31844773664744
141 8.454103812023813
142 6.704266783550573
143 8.802825428253561
144 7.535588344245265
145 7.739531244608443
146 7.3955118599577645
147 9.190339598789356
148 7.334849153781727
149 10.238955311360472
150 8.790335369935342
151 7.031678891587413
152 10.104411394940234
153 6.67348259404511
154 8.46018487152019
155 8.720187623272361
156 8.485053854618169
157 7.433503459044089
158 6.8381325470402325
159 7.452227976951863
160 10.7638300319854
161 7.2650984840066615
162 7.632276551993222
163 7.562768626039349
164 7.172858937822644
165 6.454994059411925
166 9.215458151471385
167 8.115286977362668
168 9.267780174487626
169 7.209361591805015
170 9.9224462134633
171 7.913312691316992
172 7.275748563461083
173 9.269001311023635
174 8.617902616399267
175 8.667659153917876
176 9.048895593044271
177 8.5671305511077
178 11.003163446969383
179 8.367781031646738
180 7.370311669569396
181 7.621375988024585
182 9.259463957944009
183 11.040071303053526
184 7.827280397049921
185 7.898241492166907
186 6.429907951812807
187 7.907401797156955
188 7.307120416429944
189 8.780821258024815
190 9.956604283094364
191 10.787121746436648
192 9.523891951065659
193 8.745862397661323
194 9.195380785375601
195 7.871474998461854
196 8.573021924628016
197 9.61610835775326
198 8.656353275933395
199 8.482077812671113
200 9.173131923642522
201 8.028374205467857
202 8.700777560608385
203 9.913156193268614
204 9.640327394114017
205 6.9729056871361905
206 10.488736421268372
207 7.879502967979473
208 8.647476244513323
209 8.821002735876558
210 8.577965846705043
211 10.308502497189004
212 9.147927746858603
213 10.447702459588474
214 8.905643713953204
215 11.908513534639123
216 9.888332323760828
217 9.891538286173889
218 8.853037260633753
219 9.939042416839996
220 10.664920945439412
221 10.743480665962599
222 9.839160376745733
223 10.790726466602498
224 8.196524012583193
225 9.91956927691912
226 7.055071856987152
227 8.313406572183908
228 9.239855537752177
229 8.983763275182595
230 9.23181868604366
231 10.382319381042384
232 9.319542931423056
233 9.197237972515174
234 8.465306905742905
235 8.487576465330163
236 7.304847510252227
237 7.153755326402134
238 8.142217706427235
239 7.640424392278664
240 9.37901481147146
241 10.155240817050135
242 9.530462000762515
243 11.415243578945931
244 8.623439573287959
245 7.11308758300985
246 9.834650360696372
247 6.863754707432731
248 7.908310859111398
249 9.222773724891077
250 10.060185221998031
251 8.305665598967671
252 8.269403087896082
253 7.4560586120765535
254 7.238730074547654
255 8.129970207735024
256 8.472143613966658
257 9.669998169007977
258 6.995390168700788
259 7.5703058116424575
260 9.52741446655308
261 8.078359260886993
262 7.837405961881448
263 7.656090131087437
264 7.724282419154569
265 7.061090743518451
266 7.541846967925412
267 9.051254734460606
268 8.648150988932848
269 8.571148350680463
270 7.500389263621974
271 8.661260481283316
272 8.503894041100466
273 9.82472857655719
274 7.930305485832346
275 8.996020214608317
276 7.336088683490033
277 6.818581283158226
278 7.530788760092085
279 7.858252101332792
280 11.609994862660457
281 7.43113579893334
282 10.295028658906194
283 11.253085782899136
284 7.261217857170243
285 8.124581155077053
286 9.104984857377453
287 8.868794447319702
288 7.29216824322093
289 8.54600152655191
290 9.687243361728727
291 8.78829417249335
292 9.151011952578099
293 7.7474721154269135
294 8.85667939608195
295 8.169153361969569
296 7.640206944551615
297 7.863964261354698
298 10.450965525610995
299 10.407045114337492
300 8.47596376208336
301 8.909729655018536
302 8.74438767986519
303 8.44982347918359
304 9.043774040121711
305 8.031195599752374
306 10.412292423010971
307 9.765002377008518
308 9.400714026551361
309 8.6471301905377
310 10.642557040079376
311 8.748961293180393
312 10.343681195009477
313 7.585563935009318
314 8.176586479847337
315 10.967497233640351
316 7.980608583509524
317 7.3099697394673155
318 6.480965736665745
319 8.769991547242482
320 7.451716121218918
321 7.375003650104892
322 8.272836601645903
323 8.751926801766517
324 8.971007092106843
325 7.306973895009031
326 10.92501718341227
327 7.45999404411692
328 8.214349408736503
329 8.490775097375623
330 8.24628403993909
331 8.24876842300256
332 8.100217507379186
333 8.206395328630784
334 8.367272430323407
335 8.242545200497831
336 9.062736257296839
337 7.262310686298669
338 8.926885372745264
339 10.040707241450527
340 11.042277140440358
341 7.564741666360352
342 10.279574532330829
343 8.668902753058823
344 8.237547909804881
345 7.79358720464805
346 10.38409487723965
347 11.432177668154447
348 11.031349849663117
349 8.5358519911291
350 8.620926330169807
351 8.256612165969345
352 8.758376291607142
353 8.782301570088926
354 9.014654561572716
355 9.135508794244055
356 8.92468517987104
357 10.643584425909804
358 8.976332253632018
359 10.193772546810962
360 10.980828018959345
361 9.429547786400802
362 8.458177411868826
363 7.976467934532848
364 9.974993788835404
365 7.841746498737351
366 8.88329499665597
367 6.749465616566946
368 6.743092140289974
369 9.445689562699691
370 7.830890747045732
371 5.470314923097158
372 10.253175624330957
373 8.027348204264133
374 8.74531889549202
375 8.40601817568797
376 9.11089121257776
377 10.234204573491319
378 9.806633307025665
379 14.704241149448178
380 13.027228567779487
381 12.548726615071217
382 12.96538419492575
383 13.434601993803641
384 12.21377024839873
385 12.354373487540512
386 8.533792353169623
387 8.107776501124512
388 9.551667834679927
389 10.939843884445448
390 7.134829318652895
391 8.060782522882775
392 7.714229345126589
393 7.162487107120699
394 6.751668272255329
395 8.629914392511342
396 4.8125849819402395
397 7.561142982704931
398 6.632047390148875
399 4.498108895584872
400 8.640328807001001
401 8.326715742695358
402 8.301020649584647
403 6.72399042662781
404 8.349274207415792
405 10.620973797842987
406 8.24309937521956
407 10.26459507338097
408 9.65632759123949
409 7.176318618319941
410 9.664130397008483
411 5.1128325491114825
412 5.1696050149885755
413 4.95505728567805
414 4.895993568094108
415 4.601009705261856
416 4.438055381947635
417 5.348912904831736
418 5.321368483339889
419 5.292805879226595
420 4.647127954488825
421 9.831852228868994
422 9.358019152333364
423 11.0224018511207
424 7.299722763893849
425 7.27836742479741
426 10.108133549843135
427 8.963224989158316
428 8.031372481493536
429 6.982535816349926
430 8.964095001856672
431 8.502621118718364
432 7.7118234917001995
433 7.091018571841378
434 10.627833736362051
435 10.210264589105417
436 9.563809652133598
437 9.445137389927565
438 8.569060242411915
439 8.37569395272499
440 8.38257347888561
441 7.981633080119128
442 9.416586558147824
443 8.297278684673069
444 9.93353125722536
445 8.1029039773112
446 8.861181242158047
447 11.199778832695774
448 9.582539499075864
449 7.04859304485428
450 9.715968051109508
451 6.931292411736732
452 6.87470467755118
453 8.083719104638524
454 7.932843110884896
455 9.211655701294095
456 8.767027430599946
457 8.368630570230946
458 9.678662906728691
459 10.179545785184036
460 9.59723963610906
461 9.356571752052439
462 8.092471668248491
463 10.22055764787609
464 8.168181208387164
465 8.029840441462945
466 8.351709188852606
467 8.612394220808852
468 8.530445409555481
469 9.030404967136057
470 6.989750472838239
471 7.347317572456348
472 8.107773501906493
473 7.174149807856385
474 8.162538869384397
475 8.758555914075332
476 7.798686090047658
477 7.509610041764645
478 7.2222884483615415
479 10.4258353209065
480 9.647856342992355
481 8.769736236918565
482 7.744274628437914
483 8.397479229045183
484 7.506917385301456
485 9.102393473034333
486 6.103607478714236
487 10.817481433367616
488 10.445979150724016
489 7.889092365267174
490 7.9427773816993295
491 8.79140150914526
492 7.493361281782702
493 7.042404248442409
494 8.714709873082745
495 8.654983430904077
496 9.114908026825011
497 8.475643424817635
498 8.595388489910455
499 7.885992321521899
500 10.792167137632344
501 8.892811906743455
502 8.807271766426817
503 8.332577809151667
504 7.6860491304494225
505 6.895140223370754
506 9.193282655588686
507 9.264701642190852
508 7.585078183594023
509 9.084820828260295
510 8.942038809731214
511 7.121569843807666
512 7.303167703782203
513 6.63327088124473
514 8.122135397197889
515 8.075314871291027
516 10.861368751806884
517 11.181114309146661
518 7.4347394140921494
519 8.262903249037231
520 8.016784078573558
521 8.078924441488022
522 9.219832179443612
523 7.031320104217437
524 7.022947758214601
525 7.6963494911453925
526 8.234724617930974
527 7.199869892309752
528 8.324670983751846
529 9.41020258037151
530 7.437850866543192
531 7.746300266567592
532 8.238427638833473
533 6.734831421100409
534 7.7193407736577635
535 10.709892396016723
536 10.071551037612775
537 11.07067090801779
538 9.021272429853743
539 10.843788769116072
540 8.779459476190144
541 7.4589705335861884
542 7.306414684653011
543 10.268347241351298
544 8.2695104308313
545 7.478057057282581
546 8.373935689763597
547 7.606034864565965
548 10.63995252320349
549 7.669185614479275
550 7.207432394279926
551 10.065537306801223
552 7.382670609823537
553 9.15557472161884
554 10.583524388487223
555 10.176061928966538
556 8.707665004585245
557 7.633736994037441
558 7.33175466796068
559 7.929258167855357
560 9.832391475516237
561 8.992702850600468
562 8.972778194197904
563 9.503257029926006
564 7.804549295969448
565 8.123704874704593
566 8.86228167450984
567 6.650215232058839
568 8.468753937952952
569 9.600577899744877
570 9.0519763733357
571 8.325587513801151
572 9.229783364525018
573 7.512060046786417
574 6.893468440323791
575 7.471720799591435
576 10.19950184307577
577 8.31682430530282
578 7.823950766219276
579 8.310160043326228
580 8.639219364750772
581 8.326680847214115
582 9.66212737393061
583 7.4947438771062425
584 8.089958835374436
585 8.52423570575017
586 9.89982250752157
587 7.252159240283778
588 6.776331948350306
589 7.75544778042356
590 9.194116286545928
591 7.660633915388393
592 8.585822768266796
593 8.102373202360164
594 9.070184001471837
595 7.722623706582085
596 7.058403370749965
597 9.614535562122063
598 8.105309473260242
599 9.206630931389062
600 8.792409786736517
601 6.643773199452198
602 8.351524252873771
603 8.119993908066345
604 8.560948381445405
605 7.679423389063227
606 7.830711526235204
607 8.937438383379623
608 8.96942583419285
609 11.8280062967074
610 7.377616378047243
611 8.993385341313477
612 7.156853366930986
613 6.738544771141146
614 7.9260970577074925
615 8.88655559990028
616 7.8764145326857955
617 7.782011898877203
618 10.27890737907286
619 9.691466183852794
620 11.139018688455234
621 7.930701587631792
622 6.490329925224129
623 9.372007710971134
624 7.081648307613276
625 9.868047164656494
626 9.290062887396907
627 9.032509770827618
628 9.039286756337402
629 10.535185180334885
630 8.81193873746156
631 8.542217493989943
632 7.776389329122458
633 10.528145422973575
634 7.889827129837509
635 7.488202491199324
636 7.220503660900935
637 7.789213473352398
638 10.613310374216097
639 10.953278158718216
640 8.136444039984678
641 8.100799813332925
642 8.117298260413557
643 11.86496828439285
644 11.272815058878491
645 11.412918057128055
646 7.104868383057448
647 10.061262682013398
648 11.003161636767592
649 10.65936534054868
650 8.496019972625815
651 8.65079134226884
652 7.853902127324971
653 10.934394733543012
654 8.992727731494098
655 6.788089436354612
656 6.723614880660296
657 6.749667645657178
658 10.437621313413997
659 9.06499909083989
660 9.385241485419026
661 8.327123942923146
662 6.817999199868908
663 8.529486605764951
664 8.199736280295422
665 8.36354790954619
666 6.641726769753429
667 9.442045648003328
668 8.615672591122197
669 8.277966847587106
670 11.043088951806054
671 7.9759265993231745
672 10.41572786550424
673 11.79751049814357
674 8.363136412639927
675 9.217018749731494
676 7.980016848214352
677 8.813558444934294
678 8.406730877863973
679 7.950094143722784
680 8.589737465480384
681 8.012539101186285
682 9.841927607823965
683 8.399144855441476
684 7.2691659240616495
685 8.133344955139993
686 10.164103030491534
687 7.230338959407638
688 9.338107204956815
689 7.888915190752325
690 8.935923211788548
691 10.257026618229112
692 10.789754521024136
693 8.162107213620425
694 9.924602062921029
695 8.42900988581371
696 7.512336109505049
697 12.242323726350097
698 8.501884297573639
699 6.971543019236124
700 6.7219050876136945
701 7.236417108310851
702 8.265425902491566
703 7.46689935379267
704 8.056467015670133
705 8.25623544500236
706 8.472522672894463
707 9.149597184819745
708 7.052971218095976
709 9.432673897402143
710 9.154320486373756
711 6.8831553716299565
712 8.398301485534493
713 8.107841473312662
714 10.869430548657075
715 11.991207982749184
716 8.060086685802395
717 7.107926992977891
718 8.850248752726305
719 8.867493418764644
720 8.182828781775548
721 7.790805835169068
722 7.3180319211018805
723 8.229903525936235
724 6.237026570603012
725 8.031277886277314
726 10.072608383380631
727 9.654998784296412
728 8.602875379311401
729 7.384573860393468
730 10.19725714421114
731 9.862496885287992
732 8.048027762162542
733 12.045479602190175
734 9.535040242223175
735 8.483347518484603
736 10.794172370084
737 7.795084360442309
738 7.5222737678172376
739 7.743938839553712
740 8.57181905248238
741 9.425803472660453
742 8.51189181358655
743 7.913750470707461
744 9.0489354953363
745 6.832997255622097
746 7.824486665950897
747 8.431879504633775
748 8.302608432896513
749 6.954377043058184
750 6.996087274067841
751 6.671259934715545
752 9.486973242211334
753 8.583233559841268
754 8.827612001726905
755 8.41306136448982
756 8.561156174928383
757 8.006543371793676
758 9.042692640208845
759 9.452723884681603
760 9.310056572583926
761 9.447404641870015
762 7.751761823067907
763 6.4920935943371525
764 11.486676583570077
765 9.22488453600137
766 7.03434897009451
767 6.780480544057972
768 7.752033810278791
769 6.80318745026083
770 7.814993308398382
771 7.860117670319545
772 8.519274214840447
773 9.30219667662943
774 8.743448567947022
775 9.875265737348982
776 10.040696942616433
777 7.143212596324847
778 6.8349880718204306
779 7.03159535438512
780 10.74910419668455
781 7.517918092506011
782 8.54318554222694
783 8.380522126278434
784 6.75169860217545
785 8.948378149003247
786 10.095995710088088
787 7.7433949205738415
788 7.5564129134665325
789 8.351413816786723
790 8.262413415822849
791 8.35167271978545
792 7.298286350359201
793 10.208527849471361
794 10.58112596662651
795 8.360785483675583
796 7.491923906646662
797 9.396857737133647
798 7.9368790126400555
799 7.436006712963273
800 10.23720155184842
801 8.45507704743949
802 8.026008267111573
803 8.186064652917006
804 9.317927075612632
805 7.6380947528144105
806 10.323980023739061
807 8.708057073752174
808 7.50272045415001
809 7.413252261334439
810 8.212963044629975
811 7.729412772368432
812 6.786056828546117
813 10.342120386803677
814 6.659891586393969
815 8.70377381991097
816 6.362647608662681
817 5.931345935409573
818 5.9247074108067
819 8.924620364666852
820 8.80269955825731
821 7.154402238843498
822 9.674579668020357
823 4.911382126975882
824 8.816415946764385
825 9.455220143168736
826 8.5242975895529
827 10.616278317161978
828 12.44354113679642
829 13.621751700174084
830 11.922006853176638
831 10.750930369849256
832 11.199978438494622
833 10.929807659893
834 10.658343535001595
835 9.947650460721277
836 9.825914192800758
837 11.191130058518276
838 9.282030512606694
839 11.213096954483749
840 9.843729600356497
841 10.893744040288704
842 10.385488514765225
843 10.133562900971505
844 10.238768674875917
845 12.967601841167697
846 10.506374774805892
847 10.196509641927582
848 10.710952967750487
849 8.09381670001438
850 9.652856965524059
851 7.876914401539783
852 8.630977891720445
853 10.211265498879458
854 9.725640334142721
855 9.320262204036899
856 9.410473350892692
857 11.046799941122353
858 11.508302982193785
859 7.0998402241875285
860 9.217505297035904
861 9.10761819654657
862 8.780295124346454
863 8.393294910107086
864 9.924723370407161
865 9.858150139103998
866 10.942736142663128
867 9.687672777700103
868 7.110919775079657
869 10.358170875993
870 9.56928976814573
871 10.283422066051374
872 8.419650070874756
873 9.013367533562702
874 8.152521649443635
875 9.900341119918464
876 9.234198735206064
877 9.944370875785967
878 10.639179534570705
879 9.260192710141387
880 10.444962298976414
881 7.559010353646541
882 8.462058799741767
883 8.353480459476831
884 7.501579681489099
885 7.665123114997884
886 6.697402950215021
887 7.98256055470992
888 7.628993913322341
889 7.551081761008075
890 7.369291602279778
891 9.772666476401396
892 8.010686093067417
893 8.606596019535981
894 10.894175305909846
895 8.627801594614583
896 11.101328545295157
897 6.9337449904042066
898 10.209310694687062
899 8.325970632361166
900 10.280578120608086
901 7.33689720977161
902 9.885959827139356
903 8.389653716736833
904 9.706235879971192
905 9.734278617587549
906 11.34132561477882
907 7.84804717720533
908 8.169138055144083
909 9.926444197435764
910 10.840446168318676
911 8.238827984393934
912 10.600968587294096
913 10.054903995624633
914 8.44583554497441
915 9.630511299961041
916 5.581638505362524
917 7.668911943341638
918 4.36186221498982
919 4.526872456682892
920 5.341419881163218
921 5.7382176074374485
922 4.55268971842139
923 4.624942680810161
924 5.875726088852075
925 4.6978211555618445
926 6.085507228111843
927 6.794094164655254
928 6.973628160028011
929 6.209178760368451
930 6.318078239310081
931 7.323072491206821
932 4.64171705693589
933 5.037760926407772
934 5.205000324142059
935 5.49580742726942
936 5.437246646918155
937 4.553721930922358
938 5.492092380614217
939 5.059816083614199
940 5.352149415287729
941 4.7741132472241326
942 5.600159641270136
943 6.13301070568095
944 9.156276530096589
945 6.754549223072324
946 8.412975120819755
947 6.051068575180758
948 6.994872028022982
949 7.803635179625967
950 9.00094051825024
951 5.588692972361105
952 8.927475206888685
953 9.029673154228968
954 7.603284238487693
955 5.301844862355107
956 9.762159608708805
957 4.783336183619592
958 5.394899791141102
959 5.226280262535333
960 7.504456591775209
961 9.166167599006243
962 9.5419754926269
963 7.1149340654080655
964 6.866991980743337
965 5.697370942615653
966 7.941007246914858
967 8.582742527202736
968 8.381193203881779
969 8.537515541652166
970 7.852584046204721
971 5.700991822086229
972 7.113689153233088
973 6.425774947038129
974 6.896027726019221
975 7.633240428553153
976 7.347214185719444
977 7.619235674398864
978 7.267295593558302
979 7.37522281407461
980 6.642023455145511
981 7.147342491117629
982 6.585058422201669
983 7.478584904834348
984 8.546933968602783
985 10.028703050389277
986 8.522315290801885
987 7.31015244218065
988 6.867823984751918
989 8.081918217179881
990 8.49861064390479
991 7.773779920538921
992 7.069924643740571
993 8.917936033634094
994 7.5026286920621414
995 8.09142726668718
996 8.557746454647345
997 9.538583238787798
998 6.698088530635182
999 8.797811989199229
1000 9.272995457965242
1001 10.974262207213172
1002 10.045079561468512
1003 10.444197455676514
1004 10.93206099815185
1005 7.792192078567997
1006 7.211368703832804
1007 7.532836694212596
1008 6.3133440453100835
1009 7.552135608652595
1010 10.32562507104135
1011 6.672316852107392
1012 7.824113313757362
1013 8.323470184687256
1014 8.594737311724943
1015 8.168872420335422
1016 8.882233656169477
1017 10.112769113529506
1018 7.77902739654431
1019 8.242752550147431
1020 7.1159732043001105
1021 8.640008700956095
1022 8.04897701441489
1023 9.586173372687764
1024 7.3262963024947245
1025 9.803111454850177
1026 8.53664260599418
1027 8.489609674739082
1028 8.179960466020411
1029 10.835903443326792
1030 8.924397396656369
1031 8.848763703172327
1032 9.161489723200951
1033 9.579216516079985
1034 12.803624517366817
1035 10.465367511632115
1036 9.168022828508628
1037 6.373414264980818
1038 9.912900735256088
1039 6.8590332913276075
1040 8.210862934819932
1041 8.293038003202785
1042 7.918213626372672
1043 7.091033892929794
1044 9.483409396812307
1045 10.20993437689674
1046 5.274853965017927
1047 4.39524233575338
1048 6.196092637521372
1049 4.820885370957375
1050 5.166580377186058
1051 6.425560083248032
1052 5.6538082618014975
1053 5.661062364486045
1054 5.799838474023587
1055 5.90594090814109
1056 6.027045607906226
1057 5.204443349854834
1058 4.804141750867393
1059 5.488218027119802
1060 5.038977308538869
1061 4.262975430002007
1062 4.709796961772057
1063 6.2608154586547915
1064 5.3039335242083725
1065 6.532166635424943
1066 4.639759816212124
1067 4.588858703025476
1068 4.299988324622863
1069 5.055614320614857
1070 5.199387000963913
1071 5.19444352418728
1072 4.8274907098962085
1073 5.9170925839943465
1074 6.065945609750368
1075 8.11470356050407
1076 6.993924891471747
1077 8.719898139782757
1078 11.372517275064563
1079 6.949753941949919
1080 7.931513548134728
1081 5.260059946267722
1082 4.608923701836447
1083 4.62575845585005
1084 5.021320555240718
1085 4.536776482094698
1086 4.691716462838696
1087 5.6523942835165775
1088 4.949567778963751
1089 4.37453635046113
1090 6.172932909606703
1091 4.245111507509146
1092 4.7431915433788845
1093 4.70424521017223
1094 4.732074427780046
1095 5.357369921313495
1096 4.855969673871377
1097 4.760336783692794
1098 4.338769476315702
1099 5.366135786596063
1100 5.778144070567672
1101 4.2882157491629975
1102 4.897462640126387
1103 4.250346658691606
1104 4.4442675665092395
1105 4.505352711447084
1106 4.67982902029414
1107 4.097406582184049
1108 4.452916159585129
1109 4.819957039167098
1110 4.915460304743124
1111 4.435448658098413
1112 4.963261969732699
1113 5.381443971221303
1114 3.9640531790143987
1115 5.46816140834259
1116 4.899656689439211
1117 5.4168902808479835
1118 6.890556362612075
1119 5.34271368397726
1120 4.869874989864134
1121 4.94780755841322
1122 4.6714747306323625
1123 4.92999465002193
1124 5.186112187524973
1125 5.235503941109637
1126 4.267773786266348
1127 4.259543105289653
1128 6.1205390355708715
1129 5.428607249101318
1130 5.717156377107302
1131 5.433764187938892
1132 5.874594356830756
1133 5.335581310017769
1134 4.761622600441169
1135 4.892683129639862
1136 4.940894980826532
1137 10.528750748139826
1138 8.562276600803589
1139 10.48729063557886
1140 10.709766663982972
1141 10.083266871300495
1142 8.33597961610465
1143 9.74649861375969
1144 10.067696609151275
1145 7.890330791664775
1146 11.228150987544561
1147 10.124200422931413
1148 7.904477779963402
1149 10.227684618387359
1150 10.970544017654614
1151 7.456697779614681
1152 9.51537685443442
1153 9.323320488872188
1154 6.678112484248825
1155 5.401751453967991
1156 6.853584419567991
1157 7.152228611013848
1158 7.625528905408536
1159 6.140306363575675
1160 7.085682465698777
1161 7.873072612088704
1162 4.761156056197086
1163 7.7705950194256515
1164 6.643867452472292
1165 8.078226849518423
1166 7.526548032601297
1167 5.925129905285079
1168 7.219501497576533
1169 6.893233447765071
1170 4.7308430605866825
1171 4.870713007008272
1172 6.234568071507724
1173 4.546378467303144
1174 4.440662506253335
1175 4.659016322487075
1176 9.493317302380392
1177 8.682725836984536
1178 9.41894630101868
1179 7.846955437585333
1180 9.83667207322968
1181 8.818911117975073
1182 8.993532332795338
1183 9.410613670780247
1184 10.31767488016243
1185 11.936635138967327
1186 9.749167505793837
1187 9.27365084551482
1188 8.769840550685167
1189 7.490409081998243
1190 8.855637295057344
1191 8.655053929362273
1192 9.977161898486557
1193 7.063580808970003
1194 8.05698790634554
1195 8.163244721965071
1196 7.906488499598961
1197 7.541586259385655
1198 9.310002900580793
1199 8.81686671287721
1200 9.360645422147313
1201 9.673902998889407
1202 8.953002066797607
1203 9.694571986140208
1204 8.309771501859386
1205 10.24932353288466
1206 8.71193041539348
1207 7.688166349973432
1208 5.468819790210246
1209 8.195920945698468
1210 7.38004990813129
1211 9.173562823106689
1212 8.20818412554192
1213 7.849333268558987
1214 8.799985371191143
1215 9.087590530058028
1216 9.742738420030392
1217 8.863492413013345
1218 8.165842023505018
1219 8.112962412692669
1220 8.138692470403672
1221 8.39773979597507
1222 4.935340222632554
1223 7.474292179281877
1224 7.672209976153318
1225 5.997859229347134
1226 7.574269146510751
1227 8.998825978131666
1228 9.804662885860742
1229 9.450586743735327
1230 9.964906180839991
1231 10.12615607774957
1232 8.506797161157422
1233 6.011101536831195
1234 7.5833084140418325
1235 8.81727820303226
1236 9.79919585018865
1237 7.881417636763179
1238 9.753124946521883
1239 9.811481270593447
1240 8.544966758361726
1241 7.926565395411098
1242 9.852540139867678
1243 9.120784319200578
1244 7.2169790125209206
1245 5.885675326486734
1246 8.267858086363269
1247 7.289388627077301
1248 10.018007591908969
1249 8.178218621750048
1250 9.541540092782403
1251 9.193203408888094
1252 7.975526356916458
1253 8.1786602211103
1254 9.089808039422122
1255 11.964975547027604
1256 7.834438951745286
1257 8.16591360717833
1258 7.6206255941695416
1259 8.066666932095922
1260 9.114685544254597
1261 10.056569621855225
1262 9.361168876290915
1263 8.449081841564468
1264 7.897154582917463
1265 8.344405403300007
1266 9.714484860648234
1267 7.5675440128173825
1268 8.949829343210657
1269 7.184444312502794
1270 11.003512671654317
1271 11.2750868040779
1272 10.14638914120701
1273 10.35538348941212
1274 7.460587000201878
1275 7.135072548087532
1276 7.601899189162447
1277 10.13195688131694
1278 7.932566302887141
1279 7.2826926587988
1280 7.743340415384049
1281 7.041448590631319
1282 9.716371607804977
1283 10.305691477800824
1284 8.345024409209879
1285 11.125497862513983
1286 7.7151372727541245
1287 7.925659247356597
1288 9.87251681257548
1289 7.416975826854597
1290 8.852447168405087
1291 7.1163551560216645
1292 8.76598099706034
1293 7.727645548686457
1294 7.924580145675903
1295 8.726283498432096
1296 8.327109056083943
1297 7.0336895952712
1298 9.776581784700117
1299 7.33868708664195
1300 8.768739822352812
1301 7.3558819001109566
1302 10.831549077277899
1303 6.654399239427873
1304 7.472470159192826
1305 9.034157680115891
1306 8.827111379996667
1307 7.557314253368492
1308 8.266523258970404
1309 9.698013295357704
1310 7.525625471377585
1311 9.607459339246837
1312 8.46618827420919
1313 7.101986223636645
1314 7.0793498776661306
1315 7.749626127955703
1316 7.280897134472336
1317 6.9812845350840655
1318 8.41281919273964
1319 8.755574432716703
1320 8.614018885344553
1321 8.275124005661942
1322 7.749040062887812
1323 8.417304525013888
1324 9.176411701395756
1325 8.283721851463996
1326 8.304883714909295
1327 8.101710610561462
1328 11.488567403331459
1329 9.609742841070839
1330 10.179576825414504
1331 9.190326152505293
1332 9.989169536795771
1333 8.945133413734222
1334 8.637467040548813
1335 8.593217252835224
1336 10.636455611312147
1337 9.50685941031396
1338 9.78633676316374
1339 11.212785376059033
1340 10.759965060845753
1341 7.021373905498872
1342 11.132825243992691
1343 7.889328526958119
1344 8.002007156796324
1345 10.738772509101793
1346 10.657068963779146
1347 8.928241949202416
1348 10.450124163131592
1349 8.090193192822964
1350 7.236040840995172
1351 8.866977918639174
1352 9.616771079937209
1353 8.957428256437302
1354 9.37904793284106
1355 9.071495781503684
1356 8.796406615277014
1357 8.836024350662006
1358 11.698031430361699
1359 10.989846527727284
1360 11.140892143183498
1361 10.426941998191275
1362 10.823355294667309
1363 11.075724438259456
1364 10.302159131640815
1365 8.397253893845578
1366 8.399835574090616
1367 8.481348318198265
1368 8.87205647886234
1369 9.270450671965182
1370 11.417371212685559
1371 8.4691272680157
1372 8.193419187631998
1373 10.077137015098279
1374 10.308931659673103
1375 7.636844413629044
1376 9.568188535372615
1377 8.185692966838532
1378 9.317244117619909
1379 8.287765954423389
1380 7.304790794496382
1381 11.073152388135806
1382 9.233563955835496
1383 9.923302744640893
1384 9.948788655021609
1385 10.907597952888457
1386 10.690773364375023
1387 9.134358450062248
1388 9.75106498008941
1389 9.294109984702771
1390 11.03033874405558
1391 8.538267333925566
1392 9.409697822177021
1393 8.218525890218542
1394 10.662322104233919
1395 8.970825617117253
1396 10.390956139777504
1397 8.57915728594095
1398 10.172016585657515
1399 10.859983503410044
1400 9.202071589837447
1401 8.440474565923443
1402 8.656666746143346
1403 10.18915823663524
1404 8.716120875948038
1405 8.560225347584034
1406 10.209790722700214
1407 10.256360566920959
1408 8.70719417679157
1409 9.833830938726893
1410 10.00235193848692
1411 12.122631294727427
1412 10.781642194945883
1413 9.14008899637577
1414 12.304467543359907
1415 8.466675351251606
1416 8.787319038373855
1417 9.315188808321917
1418 9.72276737576854
1419 7.9555293339567665
1420 11.478205706021418
1421 10.520175017278781
1422 10.596782814876924
1423 11.56500256779968
1424 9.717804316540814
1425 10.583398485987281
1426 10.681939925602217
1427 10.394736205147229
1428 7.101071644155376
1429 8.106372049732139
1430 8.377789802908964
1431 8.55474170087742
1432 9.107376545815498
1433 7.408720067255266
1434 7.245910422347476
1435 8.812412204847822
1436 8.219489159559942
1437 10.784656855443492
1438 8.55745871720112
1439 10.380247642062397
1440 9.75429134146586
1441 8.51753180541224
1442 10.040839449202464
1443 7.571964318090196
1444 9.08139197321256
1445 10.789253227098248
1446 8.096373625708571
1447 8.933072927952052
1448 8.286299026546404
1449 7.823716484254455
1450 8.158474590713132
1451 7.6245894046863745
1452 8.537266572012136
1453 8.31196478779401
1454 5.692693287640413
1455 7.064874253878721
1456 7.392809217485097
1457 6.15314315236379
1458 5.775256020085196
1459 4.91349854127834
1460 6.17489614921658
1461 8.10958276988638
1462 10.150308081216105
1463 9.10908356977721
1464 11.413786833921161
1465 7.730076640572943
1466 9.924002794809834
1467 10.614479061338818
1468 10.409944367297372
1469 9.731030740777108
1470 8.131599517086137
1471 7.645248666903337
1472 8.331982000255724
1473 9.993797901289632
1474 7.975092666375072
1475 8.378916003572177
1476 8.23373126955608
1477 6.245970249920895
1478 6.789272387302315
1479 7.409342285608203
1480 9.192397077424523
1481 6.658505363395745
1482 5.725813552068831
1483 7.816427819765268
1484 9.614848738887869
1485 9.19241914753667
1486 9.414341717383643
1487 7.72875335445812
1488 10.223065194022995
1489 10.870957339663835
1490 8.903566188249197
1491 8.064330013527144
1492 6.124394098262512
1493 6.88717770549666
1494 6.605128170377617
1495 7.2972096344158635
1496 6.588059299532528
1497 6.209964579328452
1498 5.906312090938897
1499 6.733417262713655
1500 7.126134421248776
1501 10.25641005387926
1502 5.655632201380557
1503 6.2319438700750895
1504 6.296439519805284
1505 9.716533837221151
1506 10.428665044666444
1507 7.139931305389834
1508 6.768378344380915
1509 8.030941746174323
1510 7.167228255605215
1511 8.75771942072991
1512 8.979636805463489
1513 7.89116392326495
1514 8.66629749686581
1515 8.538648791334232
1516 6.544046651823036
1517 4.6440177577177835
1518 9.07468587670347
1519 8.239379625310104
1520 10.599401779375773
1521 8.923166001209953
1522 9.131586989558574
1523 6.656964406822068
1524 7.996327374536345
1525 8.216236901614858
1526 9.8152093053508
1527 10.864696575972507
1528 6.816100753265548
1529 8.406082600616458
1530 9.985026059857947
1531 11.651705379754391
1532 6.350182399775095
1533 8.519742082937695
1534 10.247670635540878
1535 8.974132130721252
1536 8.162361075690885
1537 10.06691641634188
1538 8.477881502461823
1539 7.071133441979289
1540 9.022300605550576
1541 11.047848576623322
1542 10.205670765920699
1543 10.620012613355431
1544 11.929797291717568
1545 10.729047125375283
1546 8.882635236084015
1547 6.977542522287462
1548 7.805042751444742
1549 11.775661764350295
1550 8.07994749194276
1551 8.817526646923861
1552 8.209849410831517
1553 7.964532529746355
1554 8.517119994353433
1555 7.961457716630982
1556 6.058939765146703
1557 8.205241919580603
1558 8.122854734594837
1559 7.346584971466677
1560 10.679070263362634
1561 10.409860055676944
1562 8.142111548923038
1563 10.741378660274297
1564 11.59156895189687
1565 12.89932236445192
1566 10.407943295917004
1567 9.6292683867521
1568 9.890855608717883
1569 10.079540467605765
1570 10.193428364837754
1571 9.93793950132088
1572 8.071422195403391
1573 8.60011094939807
1574 10.670182422952305
1575 8.830929491395338
1576 9.889148033312413
1577 10.909945884665607
1578 11.100465154531253
1579 10.603123920304725
1580 9.875620517438572
1581 6.922011174717074
1582 8.290486598953368
1583 6.454929085963021
1584 7.3125102810115665
1585 9.580645278360162
1586 9.66938416430027
1587 10.099830042688275
1588 8.839565015606107
1589 9.826024810492182
1590 11.04563171965399
1591 9.119366965453958
1592 8.044993164775981
1593 9.664463104559811
1594 10.324353201364412
1595 11.119780859066909
1596 10.986727034158864
1597 11.436988702721411
1598 8.219843276868497
1599 10.425270281591413
1600 11.451479992128053
1601 11.127443804497936
1602 9.484343944336919
1603 10.52249998166452
1604 10.47694636135232
1605 8.38826147168303
1606 8.277127460585817
1607 8.11310417181068
1608 11.22781549770789
1609 8.151886406810636
1610 7.312785100605589
1611 11.089364695434906
1612 11.422486633091154
1613 9.597163708934705
1614 7.381120293417631
1615 11.76695082437446
1616 9.382723795718702
1617 7.640660858705663
1618 10.476462120691618
1619 9.761907623253478
1620 11.764518432265232
1621 11.40566149344828
1622 10.510061216740526
1623 9.59505633899664
1624 10.203394158714321
1625 8.229223830056414
1626 9.986671389037976
1627 10.421559163976845
1628 9.272819995671446
1629 8.953504735056432
1630 8.443881221208558
1631 10.117430256879258
1632 9.232294269564242
1633 7.437739604798681
1634 7.865666164822114
1635 8.581717279667881
1636 8.941837710965581
1637 10.67250195290943
1638 9.355390849085367
1639 7.894085118481446
1640 8.265252702648189
1641 8.76049755222894
1642 10.424148564424836
1643 11.571604103993117
1644 10.587835137879164
1645 9.628201462381726
1646 8.618576355782444
1647 8.251415835465824
1648 10.480201052299545
1649 7.951453925750953
1650 8.034060443346691
1651 8.397770025607345
1652 7.726922506485527
1653 9.147647506749514
1654 9.711916197535931
1655 9.580597404932794
1656 8.539202240178414
1657 8.265356308832812
1658 7.955677174916946
1659 8.598236684183867
1660 9.26940063630104
1661 7.853358332017997
1662 9.125514705380729
1663 7.285533084230362
1664 8.924379404988699
1665 8.647170884621925
1666 10.425733254125344
1667 10.287438501756899
1668 8.743054932775886
1669 8.247978303106386
1670 9.791658291180198
1671 10.766841654063082
1672 9.033379129359087
1673 9.397386662959693
1674 9.919031072905772
1675 8.230703654529352
1676 11.434340732122694
1677 10.755606260674085
1678 8.225916315095462
1679 7.581803272525741
1680 6.78147992375843
1681 9.500723318886271
1682 8.018505492591858
1683 8.060745697261936
1684 7.570012295041067
1685 7.036529788562989
1686 6.895295824696069
1687 7.4271467267479725
1688 11.24883395651887
1689 9.455846385172205
1690 9.346504416390314
1691 7.848569651899936
1692 11.949582796097937
1693 7.538441868250904
1694 11.627802433623758
1695 10.182583567720386
1696 11.357404755986668
1697 7.031918558626305
1698 6.450671345216788
1699 11.290465650219424
1700 8.2544445818016
1701 9.597222762290054
1702 10.6576111576818
1703 9.158139162236793
1704 6.322751124431656
1705 10.59114190603503
1706 11.022385053622182
1707 9.260247764172517
1708 10.710893645988852
1709 8.675943921266928
1710 7.945231139730955
1711 7.934430686114098
1712 9.8308805437673
1713 10.978866645505263
1714 8.269941671022844
1715 8.270323515835644
1716 10.313032139687664
1717 11.597135345829608
1718 9.71006668735341
1719 7.596779685638523
1720 10.468458182908245
1721 9.860126583672972
1722 10.009998353894865
1723 8.419033257635068
1724 8.355320797434231
1725 9.15663393132202
1726 9.16283421650295
1727 9.402049409448285
1728 7.336284806355211
1729 7.513886571546643
1730 10.34374548325925
1731 10.211144522844336
1732 10.150399038621808
1733 6.478967816633554
1734 10.00449025135412
1735 8.137871044936157
1736 6.34845490491033
1737 7.234738662949594
1738 6.1141980549131025
1739 8.671877820060951
1740 8.04857001708984
1741 6.535761651118637
1742 10.235111343933326
1743 8.807269980154905
1744 9.67404839551517
1745 11.115868961536023
1746 7.954160428186711
1747 8.623177464136676
1748 5.8203116576321285
1749 7.6983425908660665
1750 8.56198597703993
1751 7.024730898093933
1752 7.2976610097880155
1753 7.7973670897854905
1754 7.7825486870621186
1755 10.307635597253814
1756 8.513964824717476
1757 9.039689270144443
1758 9.723757490615546
1759 7.9496131541633295
1760 7.900231915988261
1761 6.628550415998659
1762 8.24270295896977
1763 9.10486873401698
1764 8.610814889944084
1765 8.79210900348103
1766 8.858580247939999
1767 8.698723282283908
1768 9.624651401543604
1769 8.714839577461714
1770 9.801755037270638
1771 7.525928019220474
1772 8.140778882956258
1773 8.144664301122086
1774 9.90127504250365
1775 9.223130452976783
1776 9.289157478706029
1777 8.179777950268011
1778 8.688551923358297
1779 8.612565574163803
1780 9.56725203448448
1781 9.326853668505695
1782 9.553739391546017
1783 8.354917982182002
1784 9.615582193849434
1785 10.014002538149109
1786 8.411795972522734
1787 10.751102637478278
1788 9.963932740087811
1789 9.757117360069984
1790 7.250173756465446
1791 9.85536167031014
1792 9.149196553809851
1793 10.876725380764068
1794 11.011059249057487
1795 11.302593586429287
1796 11.168289779104223
1797 11.659442625866976
1798 11.730551081213118
1799 10.833214249913752
1800 8.373238699371239
1801 10.795257085080545
1802 10.943044914092738
1803 8.455065692791429
1804 10.31039320254901
1805 7.456535339828209
1806 9.271116062451737
1807 7.776910453734016
1808 11.300713165389768
1809 10.185691938717955
1810 8.913533157203663
1811 9.786434842897567
1812 11.999523026305967
1813 8.882325559069047
1814 10.124425229954253
1815 8.073559581992136
1816 10.384208026205156
1817 9.98415364061273
1818 8.16720347152771
1819 9.08791177086785
1820 10.130425425655819
1821 8.966347275478185
1822 10.500511527244925
1823 10.002643822823465
1824 9.762136778109882
1825 10.045839452680777
1826 7.587907516860876
1827 10.45111814944112
1828 6.313138889001892
1829 9.359866949492929
1830 9.233008103970088
1831 9.182614336785143
1832 10.089260047865649
1833 10.28224609315326
1834 8.551661439963526
1835 8.588977924324531
1836 8.943438002848811
1837 7.0060545662203175
1838 8.999295808341165
1839 11.790468629644252
1840 9.709607321787772
1841 11.096377813519059
1842 11.384346621238032
1843 8.324234828625627
1844 8.836229026551727
1845 7.636807742956836
1846 9.103517062768436
1847 7.027976072174787
1848 10.225549333352081
1849 8.582948029916102
1850 8.927361854518486
1851 10.72301163142179
1852 10.62405021893912
1853 10.169972860925085
1854 11.31160726768428
1855 10.750342014078646
1856 11.259680985845973
1857 12.43928201189472
1858 10.691232863574504
1859 11.28930075667306
1860 9.387900190579632
1861 8.70803671486643
1862 8.841238428819654
1863 9.62184552483904
1864 8.498096626076777
1865 10.94988216342192
1866 8.596949171950564
1867 10.808937230373909
1868 7.87381011202823
1869 8.246683847368633
1870 9.584006447437964
1871 11.299776086799676
1872 8.034940507552056
1873 6.3715835074268705
1874 7.793021078367516
1875 8.307127289489454
1876 7.913285773537154
1877 7.418917497826455
1878 7.201856939119469
1879 7.563624571924568
1880 7.26412617385885
1881 7.3871020740895235
1882 8.402785957040935
1883 7.9655918756599
1884 8.70523655240868
1885 7.978059125415617
1886 8.737820394725382
1887 8.338945139125105
1888 11.054793664087551
1889 10.402521530050077
1890 9.206352357410339
1891 9.183245403926048
1892 8.784143276161386
1893 8.840430692138552
1894 7.046307416450285
1895 10.33962782351978
1896 10.349118585214654
1897 8.943571595011395
1898 9.29115028219035
1899 10.082356182913918
1900 8.474646320453981
1901 7.154175484864712
1902 7.224232912202756
1903 10.51476365860329
1904 8.285300552053847
1905 8.477567956414985
1906 9.142151372688858
1907 9.87602931182415
1908 7.630402423485617
1909 7.837954156146423
1910 9.065727674423755
1911 7.0013987962993225
1912 8.330635790591073
1913 8.251827709917631
1914 8.958511911290826
1915 7.576847817912259
1916 7.946762347362932
1917 8.98733550147078
1918 7.0048446836127685
1919 9.333899179145996
1920 9.01420818503961
1921 9.054706451878074
1922 6.955948617558777
1923 7.950541792417855
1924 7.206505299249864
1925 7.20629717763644
1926 7.092889125451937
1927 7.7852232407157995
1928 7.380353468724545
1929 8.051470557008031
1930 7.2098765488488015
1931 7.928702684523699
1932 8.744989212146312
1933 9.057614717514324
1934 7.356709885777875
1935 8.107862466634703
1936 7.689201236626003
1937 7.0998039667279995
1938 7.746705149818004
1939 9.012645804814705
1940 7.00042514449671
1941 7.697736344843935
1942 8.042507529872042
1943 7.301653288038418
1944 7.73336852723702
1945 9.049084069134082
1946 11.877495153598824
1947 12.272490167423612
1948 11.95791341658235
1949 12.076263048429766
1950 11.909972762536546
1951 9.69084712560296
1952 11.990420303990314
1953 8.226661989819192
1954 10.587780729032664
1955 10.369936912205521
1956 8.116791345261447
1957 7.325326069605068
1958 4.9941649253365705
1959 4.430050261887487
1960 4.87288249897013
1961 5.062788879845304
1962 7.239370984445706
1963 7.960026521598059
1964 7.145246124227867
1965 7.605416774448566
1966 7.835160257158683
1967 6.428546035581255
1968 7.216556137939886
1969 7.080627053122638
1970 10.479020470042673
1971 8.675354595823425
1972 11.094945319136775
1973 10.144853413054614
1974 9.812082224730602
1975 11.105384035722354
1976 10.81536701759751
1977 10.517917405163567
1978 7.578930526239068
1979 10.67574495755749
1980 8.436479762962314
1981 11.0329421683721
1982 10.226199874503635
1983 9.548778947598924
1984 8.68632570809665
1985 8.519275499196377
1986 10.564095513305123
1987 9.773980279949786
1988 7.942771936146495
1989 6.928083127804054
1990 8.569234922712718
1991 8.64181397459621
1992 7.488473411033539
1993 7.905011483883736
1994 6.976955024992344
1995 8.681970446563469
1996 7.140813790578852
1997 7.522080467760332
1998 9.323810439435702
1999 10.483076549693722
2000 8.406781212026745
2001 8.017234392975144
2002 8.833437430471495
2003 10.56410244651808
2004 9.346648973890494
2005 8.536495318414726
2006 8.0973102402219
2007 7.768240364613013
2008 7.558248605548937
2009 6.995490807843172
2010 7.1059024821551615
2011 6.995282185585954
2012 9.794551483663193
2013 7.081766671102282
2014 7.9319546907601675
2015 8.243216015947162
2016 8.024891469091093
2017 7.2535816345934485
2018 10.617417665003888
2019 8.340518087149944
2020 6.522507416851798
2021 6.98981949858258
2022 8.425903084769354
2023 6.997300520456849
2024 7.234926286669191
2025 7.2952341665531275
2026 8.23127812364449
2027 6.915930147512949
2028 7.251836797647607
2029 7.189862226706948
2030 7.768720941110597
2031 7.11884151695035
2032 8.375708302232377
2033 6.587559380606836
2034 6.620237266869755
2035 5.5405621956616695
2036 6.669020785921906
2037 6.581110622775422
2038 6.524012129858817
2039 7.194362245693255
2040 8.891720629078835
2041 10.054191371450152
2042 10.509352439453275
2043 8.191876622174373
2044 5.388128511152575
2045 8.302555595646687
2046 7.601617297824428
2047 9.823841747826055
2048 9.2702798610857
2049 8.774244430267398
2050 7.670299209930249
2051 7.041612530611902
2052 10.38916481917304
2053 10.059743213727515
2054 10.068038200852724
2055 8.682927368191939
2056 7.091036441552177
2057 7.558081768961436
2058 8.114780034351117
2059 9.626710356955519
2060 7.554679047746246
2061 8.578932434191387
2062 6.986432608355442
2063 8.775593947491314
2064 9.502464819834348
2065 9.46262716420627
2066 5.056662784159832
2067 4.46814301796278
2068 4.86998811931723
2069 4.805456733987171
2070 4.448391297608824
2071 5.147058623434107
2072 6.589422104171377
2073 7.75432357730311
2074 7.4044149881429195
2075 7.722294555487046
2076 6.8316338908811085
2077 6.544734464365091
2078 7.856907114319018
2079 8.725242255714717
2080 6.098300050422312
2081 7.3653108651686345
2082 6.743640928516574
2083 8.415177398334347
2084 6.314020734145624
2085 6.840583395766292
2086 7.014954135448734
2087 8.979847349467361
2088 5.5188217371063555
2089 7.998319848389386
2090 7.342602553392168
2091 7.666699531455885
2092 7.2236583331496265
2093 7.14514529618353
2094 6.618759191721555
2095 7.4926263209488955
2096 8.437516508697328
2097 6.302298347784178
2098 5.855574713111443
2099 6.325522921666533
2100 8.44464633677616
2101 7.5657752011017045
2102 6.779813092418457
2103 8.482880617892599
2104 7.364672664549584
2105 6.137690343598301
2106 7.1440086257315984
2107 6.4103382261038915
2108 6.341102277775775
2109 7.727407369517993
2110 7.163657943221331
2111 7.046971043971644
2112 7.019759069466019
2113 7.2079114592312035
2114 6.927856654854677
2115 8.380964514646706
2116 6.140473728410293
2117 7.766977234252974
2118 8.820829979984191
2119 7.746799930999927
2120 8.596256063044683
2121 7.2220198621020115
2122 7.150206798811814
2123 6.888467051552859
2124 6.809612235638274
2125 7.516853083937204
2126 7.028797489483782
2127 6.710747721950137
2128 7.45610567180448
2129 7.312367691840635
2130 8.679841120950561
2131 9.269699645909169
2132 6.6233039149070185
2133 7.733977159013275
2134 7.507422806337978
2135 8.707722966595407
2136 7.831176220544823
2137 7.3810972647730955
2138 7.6454953729245885
2139 7.883677304376078
2140 6.779166323401215
2141 6.661070132256392
2142 6.857101539634633
2143 8.089096744338482
2144 6.469166106818211
2145 8.671761936015015
2146 6.937259031445039
2147 7.143821400615467
2148 7.934768647471186
2149 5.396091008078065
2150 4.226981739209373
2151 6.445746102295836
2152 6.053810483437193
2153 7.0328275501378394
2154 4.907456526424447
2155 4.799687936275012
2156 4.283498777989338
2157 4.096712180993868
2158 4.571309517916024
2159 5.321584638782012
2160 4.505897308901919
2161 4.752059126710466
2162 4.468772629856213
2163 4.807930230270066
2164 5.083127165959269
2165 5.649661553945248
2166 4.109915346397322
2167 6.329613723460686
2168 7.06759513465308
2169 7.129689752225658
2170 10.556735343576346
2171 10.120552846074913
2172 7.936378750841666
2173 8.899403919539875
2174 6.942463643642571
2175 4.706422979845914
2176 5.725169628158671
2177 6.477097823279938
2178 5.584555859197022
2179 8.105243822285724
2180 5.913182967574158
2181 8.043407603657135
2182 4.617245493683672
2183 8.54100203418975
2184 8.07492927401621
2185 6.586183467874015
2186 8.71620289513876
2187 8.459718292855287
2188 10.720538569302036
2189 8.416369768137608
2190 9.59922383875017
2191 8.897517861391412
2192 10.99243493515385
2193 8.622398418653267
2194 6.829469287172574
2195 10.395444750113402
2196 7.239727020905737
2197 10.859669138652192
2198 10.141180036693147
2199 9.719952594228829
2200 7.74414579402552
2201 7.995978174047142
2202 8.75153941311714
2203 5.154858008752815
2204 10.134290159175706
2205 9.19015872356706
2206 9.129513619867446
2207 7.871951857146922
2208 6.009331460572149
2209 5.02340031917856
2210 5.303780843962385
2211 8.160467148582844
2212 7.218419865362974
2213 6.528987603100046
2214 5.058678587185057
2215 6.293561664760409
2216 5.2864165362761435
2217 7.043645365186389
2218 6.074561825204086
2219 7.3288340471289715
2220 6.764934507250158
2221 8.129167085702246
2222 8.519850517039032
2223 5.765617772596927
2224 5.433301079918896
2225 7.408499789768238
2226 8.112794571980483
2227 5.167354096828455
2228 6.317618312666348
2229 8.172964583541539
2230 8.771253276277681
2231 8.846210514307819
2232 7.9809975501622725
2233 8.388588679817301
2234 5.275251301845211
2235 5.7529828670366925
2236 6.38692862853371
2237 6.320676693841877
2238 4.661420125548673
2239 5.3166969329607845
2240 7.805513633418555
2241 6.247989142350519
2242 7.27369967336868
2243 5.518572036538264
2244 6.463262103687352
2245 5.468717984523974
2246 6.822298484487844
2247 7.319749617943842
2248 4.7611281088170285
2249 7.145623766328819
2250 8.126259951073113
2251 6.665272656326272
2252 6.556912978856532
2253 8.255502333770709
2254 7.333895307235989
2255 6.405561180854063
2256 8.445596052055507
2257 6.757111748235367
2258 8.580894918023903
2259 6.912320173081707
2260 13.085851263190493
2261 9.630626835748144
2262 10.990155374013677
2263 10.56058481597611
2264 12.067670835684
2265 12.572562679149598
2266 10.460933924484575
2267 12.376288809110672
2268 9.59846357136763
2269 10.454522356644294
2270 8.126385812782924
2271 9.8130530313451
2272 9.407792365196611
2273 6.347202527627001
2274 7.038857613910648
2275 6.910772747839919
2276 6.634690240219395
2277 5.82948360001881
2278 5.838342694698162
2279 4.7117918615678125
2280 6.289995137043569
2281 9.408802863964524
2282 6.677980454485783
2283 7.594233259324681
2284 8.749205196155165
2285 8.840231474281518
2286 6.810702129410944
2287 9.871434877592552
2288 10.037076534949444
2289 7.182507762662035
2290 4.841554323917844
2291 5.759890446556957
2292 6.085137678086248
2293 7.010627343498148
2294 8.706745923197792
2295 6.690403745597097
2296 8.94736131516003
2297 10.04779235533715
2298 7.101707296001549
2299 9.072043609277488
2300 6.859915813703184
2301 7.193279498593936
2302 8.36051765968541
2303 9.08510995003143
2304 7.895699095523147
2305 7.744364780607949
2306 8.410616827073616
2307 8.89165419207562
2308 8.820460732160816
2309 8.427202745550671
2310 7.31141393317231
2311 9.09930836830608
2312 7.930850527904144
2313 6.627752310617027
2314 10.537310518270484
2315 8.503337587846401
2316 8.596480679810691
2317 8.48296462265884
2318 8.9155932087386
2319 9.274405131810628
2320 9.19714855991247
2321 8.91354480898005
2322 7.042980307785539
2323 5.834754746338745
2324 8.176403469241686
2325 9.36441201035093
2326 8.861656327683265
2327 9.23431324473165
2328 9.865234138356712
2329 8.964572722971392
2330 10.269039491134777
2331 8.170689445840681
2332 9.03710534854224
2333 9.485951764683747
2334 8.164774819747716
2335 8.250229465824232
2336 7.899312014210952
2337 6.657338362033115
2338 6.574265752499489
2339 4.394043040827707
2340 4.703094877331879
2341 6.372386301162721
2342 6.175269058500424
2343 7.238148615255738
2344 6.848615871328328
2345 8.91374878055456
2346 9.029271202058931
2347 7.3078170560566145
2348 9.4397846645356
2349 8.331600468703662
2350 9.213521501584884
2351 7.686483943672991
2352 7.254521183247506
2353 7.671197395507294
2354 7.150231053969985
2355 8.13091855485494
2356 8.027418708492307
2357 8.683773903219139
2358 8.468202443171554
2359 7.4635156421005915
2360 7.303432757985635
2361 6.725111373625895
2362 7.262492917483087
2363 10.285254385993808
2364 7.924969673377084
2365 7.108234007129033
2366 6.947327335767616
2367 7.682251644427307
2368 8.334523740766993
2369 9.12162185079647
2370 7.1439699930101295
2371 7.325297637098305
2372 8.551118807134818
2373 8.305545709711136
2374 7.431351790370701
2375 8.243353917793726
2376 6.187411957935421
2377 6.996471339557435
2378 6.071073296798261
2379 7.183387120535883
2380 7.220241651776013
2381 5.1668513437043595
2382 4.22938720186449
2383 4.713428160481293
2384 8.41848029068943
2385 6.734712706382769
2386 8.112835424133282
2387 6.568636886584941
2388 8.164652089813154
2389 8.673050229715638
2390 10.50610499346997
2391 8.189346792346518
2392 8.728129923051803
2393 8.338855292206434
2394 8.42303548474909
2395 7.792547418039823
2396 6.9513417457708355
2397 6.30806208559986
2398 6.288924037985051
2399 8.068179334424835
2400 6.451991812155617
2401 9.223524669227348
2402 8.58797538755491
2403 8.094876766174147
2404 5.353244259095276
2405 6.477451978893968
2406 9.964085299349586
2407 9.995508716256273
2408 10.335219855513765
2409 7.651987210794302
2410 7.882553773142989
2411 8.850787669479766
2412 11.24890988306797
2413 9.501342073124873
2414 7.1426645284200605
2415 7.925023455029447
2416 8.45593387216893
2417 7.8830047953966975
2418 8.300960161898571
2419 8.85928000561736
2420 7.3039231082899025
2421 7.699448665946469
2422 8.293193024209883
2423 11.19068602121936
2424 6.942717717553408
2425 10.869749021313098
2426 7.334332637048673
2427 7.151197320529714
2428 6.497589300545847
2429 7.254377766503118
2430 10.278608848631944
2431 11.182720635224264
2432 10.660010077138521
2433 13.79206044450737
2434 10.57404328030185
2435 10.800157451086859
2436 12.103455568311375
2437 11.227693566494436
2438 10.570241082008522
2439 10.657181386137019
2440 10.491379709810921
2441 10.611120342139694
2442 11.007403348750751
2443 7.227538762964707
2444 8.998530392472583
2445 11.16349450794139
2446 9.756380917835065
2447 7.606481604222359
2448 11.584646261642767
2449 10.76121631987188
2450 8.438666564888187
2451 9.1189625415959
2452 7.575310298242969
2453 9.0416123104206
2454 8.635487622225966
2455 8.706569322461432
2456 6.9406779655499715
2457 6.758884115577106
2458 6.076042380201777
2459 5.268560106649821
2460 5.931331858541087
2461 6.261200783364708
2462 6.64834705020538
2463 6.5568077038980634
2464 4.259736980852054
2465 5.415266696341909
2466 6.580045338145387
2467 9.545667685856069
2468 9.22270095612403
2469 7.808786757182581
2470 11.286939328572158
2471 11.20308757353447
2472 9.755267679376068
2473 11.002791946046639
2474 10.980782318199136
2475 10.37615944378228
2476 11.13924803683827
2477 9.223999736261366
2478 9.85579111436445
2479 11.138616297975922
2480 10.757923080728153
2481 10.959288525810006
2482 9.372817696039526
2483 11.056991691562251
2484 10.586382057041085
2485 10.08706436688291
2486 9.539111864228527
2487 9.884555287875562
2488 5.945980461993201
2489 5.29258690009476
2490 5.572464698253216
2491 5.1879143893566395
2492 4.7894869007996235
2493 5.342657666582104
2494 6.184217825621021
2495 5.57433281900687
2496 5.183345907850069
2497 5.336125777038877
2498 9.040602358693839
2499 9.00563148279751
2500 9.780918179106072
2501 9.070948311614522
2502 9.944258896398399
2503 7.804103763807579
2504 8.446248905936688
2505 6.886709364941653
2506 8.845069700754838
2507 8.809397849167235
2508 6.438794852065576
2509 6.524787036551788
2510 4.983150102586938
2511 7.010342245410577
2512 6.016593610588259
2513 5.200686356031409
2514 5.678917048961096
2515 6.672370016436243
2516 6.582660106732183
2517 5.856600665140561
2518 9.142942923180668
2519 10.891479881432126
2520 8.94187032034793
2521 8.65033989048096
2522 8.68184109837822
2523 7.528893793266505
2524 7.946049988959522
2525 8.879861629305271
2526 7.7651920566263986
2527 8.876387969330843
2528 8.393527121380608
2529 7.292838146498757
2530 6.712618060468821
2531 8.66468604805117
2532 6.753513783773877
2533 8.514561565316367
2534 7.773398930359308
2535 6.944778005463648
2536 7.789511216309437
2537 7.829578656603532
2538 7.866274830404393
2539 7.014487418556595
2540 7.188672192332014
2541 9.17556731184757
2542 7.419936956371126
2543 8.18310413209916
2544 6.471582553632762
2545 6.688800094545228
2546 7.7527683994553955
2547 7.682861106882126
2548 6.586186542654548
2549 7.834338164441959
2550 6.82640571636719
2551 6.514925240414664
2552 6.635950701423868
2553 7.72681191339431
2554 10.046293109809207
2555 6.517662560516548
2556 7.256650085428365
2557 9.761975357855507
2558 9.491734322783568
2559 7.6900388843192315
2560 7.733920994911558
2561 9.150339261129405
2562 11.54062321279732
2563 7.051029582638649
2564 8.26655234852965
2565 10.73813226462622
2566 10.994002747950987
2567 11.49749364584329
2568 11.257906540868476
2569 10.932630082924847
2570 8.658773388148868
2571 8.34873197397779
2572 8.094464557034986
2573 6.977437623000484
2574 9.965881591694304
2575 9.236268100270228
2576 6.532944587981113
2577 7.2840488416526865
2578 7.8237126000714445
2579 7.553845621747254
2580 6.330131759582091
2581 8.99931293522699
2582 8.03394032970323
2583 9.13853286841165
2584 8.56357892817726
2585 7.226052020459286
2586 7.842981997311407
2587 8.437938788089635
2588 6.718980874081249
2589 8.181458805684393
2590 9.456070949555812
2591 10.658070172586196
2592 7.825573652593865
2593 7.918641663406823
2594 7.870797714866224
2595 11.951446354545839
2596 6.993011532453819
2597 10.87229905671157
2598 10.497458080660104
2599 10.576338715492291
2600 6.739892220602312
2601 10.460879395608819
2602 7.807464950645509
2603 7.14164099198564
2604 7.836063564829432
2605 7.210632013572751
2606 7.156487867542526
2607 8.116922669063678
2608 8.268366840826292
2609 6.893048721092025
2610 9.677671599313882
2611 7.180287748950886
2612 8.874270397412905
2613 9.091974608482314
2614 7.9511893386851735
2615 7.30520736406304
2616 7.000514017069715
2617 6.329417937588206
2618 6.784393980348712
2619 7.8160502497171676
2620 8.449217806178375
2621 8.015733826948969
2622 10.275101788173842
2623 9.693236984797947
2624 8.044101128928038
2625 7.428634726765179
2626 8.06530989508038
2627 7.022585841972432
2628 8.286842965318057
2629 7.125685647232339
2630 7.303073219403995
2631 8.0280978929823
2632 8.255915357215173
2633 7.392070428399297
2634 9.347821794737493
2635 7.670271796641498
2636 8.865952597990901
2637 6.650832797034672
2638 6.766874950496231
2639 8.43035314370896
2640 8.471935374896226
2641 7.340024318556925
2642 7.875496624008895
2643 7.892336439145424
2644 7.544087305814
2645 8.401624660786535
2646 7.228213879832289
2647 7.709261122648399
2648 9.50256108783131
2649 6.4100226013340444
2650 7.217947467959248
2651 7.6924747225269305
2652 8.879929894628484
2653 7.798034874104957
2654 7.815488126832611
2655 8.571492385811764
2656 10.405196777859647
2657 7.411610333214043
2658 10.740065050192877
2659 8.290942563456763
2660 7.704814753816992
2661 6.613755732792519
2662 9.87979055199218
2663 8.072498198545382
2664 7.279437925006692
2665 7.357684341236819
2666 9.915250449703848
2667 9.059967647587133
2668 8.901451131472863
2669 9.05564472299934
2670 11.45149680666401
2671 6.917320555300695
2672 9.128699180747567
2673 6.749756142573323
2674 10.704367384910656
2675 8.57393835300423
2676 8.955879519292463
2677 6.5553964494091685
2678 8.878378137703738
2679 11.210746610082541
2680 10.262893648501063
2681 11.126439191544563
2682 11.19179872567198
2683 9.693527951634202
2684 9.922598111929023
2685 10.03206200845708
2686 8.006510531238401
2687 8.505270683149485
2688 9.026543632808714
2689 7.741216604075676
2690 5.032232060129127
2691 4.414923651988398
2692 4.502448942514451
2693 5.287411681875709
2694 5.700122517613743
2695 5.041757048293345
2696 5.1258393036472185
2697 4.133337615564274
2698 4.567263924225715
2699 9.465540032795861
2700 9.581138888247564
2701 9.42711135356285
2702 6.243907610013389
2703 4.30604755029112
2704 7.441632664582475
2705 8.467683235867646
2706 10.288196303942753
2707 7.219360308758794
2708 8.985430915522317
2709 6.149580006178662
2710 7.162143993329476
2711 8.593657163600001
2712 11.584345859195688
2713 10.259578410623234
2714 7.45470140585115
2715 9.577548926002756
2716 8.11160007108762
2717 6.695622829684045
2718 9.029929368486691
2719 7.19328722544858
2720 10.416567591300323
2721 9.543722211648058
2722 8.488942048995066
2723 7.071777473871061
2724 10.33476554477609
2725 7.010510996343155
2726 10.864957069804074
2727 11.448639157066419
2728 10.473307943669354
2729 11.299113740909645
2730 8.187648316442354
2731 8.135677796006158
2732 7.043308359872847
2733 7.481242620225639
2734 7.483139027787496
2735 8.353120596716467
2736 7.937545549756958
2737 7.5020131922016215
2738 9.385511569345043
2739 8.1313998432922
2740 6.766933466994005
2741 7.831687619484092
2742 7.022563908368817
2743 5.797772755263355
2744 4.834639619717945
2745 4.40590313180317
2746 6.390531393825153
2747 12.692309242832437
2748 12.212134998248906
2749 11.576476003340401
2750 12.420070943891432
2751 11.738928030403065
2752 11.728176384213299
2753 11.48788730102949
2754 11.758608924364239
2755 10.415210758908993
2756 10.282524640125583
2757 11.696381866214525
2758 11.548630707749826
2759 10.688676900200136
2760 11.981208740028947
2761 12.022065381520571
2762 10.926704360570843
2763 9.631823444427173
2764 11.1876396381333
2765 11.493200376710439
2766 10.678787908341587
2767 10.275939797371972
2768 5.3294281557369105
2769 5.853562894499404
2770 6.287575834489314
2771 4.963468308793753
2772 4.981317494924451
2773 5.68044583303671
2774 4.755017395695166
2775 4.69329317275373
2776 9.342691649284015
2777 9.431535441543355
2778 10.919026437029341
2779 7.556260284800024
2780 10.762071303286293
2781 8.560919085487244
2782 12.022096990788254
2783 6.764481278395472
2784 7.949215286534389
2785 9.611605864183044
2786 9.282680305264922
2787 12.323582819029218
2788 8.82658394542117
2789 7.181294974566748
2790 8.967582323739226
2791 7.919256118626291
2792 10.06125731697605
2793 8.381318234792115
2794 7.467039494449856
2795 8.953236468614609
2796 6.659151783763505
2797 8.244114274720635
2798 9.693563492947101
2799 6.942393913310442
2800 7.677823570490926
2801 8.173070317202443
2802 9.92000078865344
2803 8.956155090510448
2804 8.873332363934313
2805 8.373281751525136
2806 6.9043526461920495
2807 7.6969065620867605
2808 10.412549968176663
2809 9.809294729148998
2810 10.386824014376103
2811 7.955755401665323
2812 7.167404315683413
2813 8.978539516290772
2814 10.091596568540195
2815 10.595802756745693
2816 10.844727274903136
2817 9.644918267873905
2818 9.051565763378088
2819 7.28733040648634
2820 9.566020048690772
2821 10.32257128941863
2822 9.8027065063499
2823 9.090691007383155
2824 8.31502840283785
2825 7.431099013073406
2826 10.591318404057384
2827 8.785363349684495
2828 7.820504928272932
2829 8.905995378946622
2830 7.302957482734039
2831 7.315253256115441
2832 10.47744616934154
2833 8.004471628313949
2834 9.998586247712298
2835 7.962150661046091
2836 7.044744199589254
2837 6.9401570633620695
2838 9.339788336987523
2839 7.199511435016988
2840 6.791288011307445
2841 7.274947353103307
2842 7.548612514198155
2843 8.017016609118345
2844 10.263328667343524
2845 8.483742648039314
2846 7.338908232528034
2847 8.339168932847045
2848 8.168638233477722
2849 8.312771072328376
2850 8.456351500462691
2851 9.822454091272874
2852 9.056073176558243
2853 10.472707585134733
2854 10.035026992712972
2855 8.565379859912696
2856 7.972216696594753
2857 10.51721813134279
2858 11.02339530067942
2859 7.958392854190844
2860 7.995075690142194
2861 9.374029576252672
2862 7.808868760698002
2863 9.978156738698699
2864 10.565479304561523
2865 10.320501113648588
2866 8.664806116718163
2867 8.370987871678906
2868 9.01853545401993
2869 10.124081889874805
2870 9.566815237373396
2871 8.807983418438678
2872 9.415269721362012
2873 10.527563084857336
2874 7.361964150496315
2875 8.407063178080753
2876 9.805183915194913
2877 7.864168911151081
2878 7.850918617304557
2879 8.095198958895981
2880 7.124948442309194
2881 7.809673141664813
2882 9.143276157072947
2883 8.240604209037985
2884 6.617488865086455
2885 8.849986453696337
2886 5.909414064533911
2887 7.02689781879962
2888 6.913019774238516
2889 7.911711082993745
2890 7.549165287307454
2891 9.972254151839044
2892 7.026678760293334
2893 7.820733390922523
2894 10.11236965956412
2895 11.17350807438005
2896 9.87403072653421
2897 13.475929816763378
2898 13.238292864015285
2899 11.87724132449781
2900 11.457560893148777
2901 10.278085238462081
2902 6.650480164310368
2903 8.273514806510667
2904 9.092025304821354
2905 9.37253028816265
2906 9.8398726950314
2907 10.23914391498252
2908 9.845812534105836
2909 10.596335200614
2910 9.90241056517773
2911 12.163265148787998
2912 11.531036108715739
2913 10.498997500710914
2914 10.467194081859864
2915 8.630809331670818
2916 8.659766348027997
2917 9.822747580689713
2918 10.17944807493788
2919 7.780372234658359
2920 12.159659190062778
2921 7.342889173412607
2922 6.427959078237537
2923 9.082965997353698
2924 6.685988579190098
2925 5.9853582642625724
2926 6.32314620128249
2927 6.360440291789083
2928 5.898661243842857
2929 6.518277058986713
2930 7.091383743887183
2931 8.962458364164506
2932 10.65843857576506
2933 11.372920236014753
2934 10.241517299239637
2935 11.231919252595336
2936 10.65673298094901
2937 10.235994344884919
2938 11.534381611377365
2939 11.853598376756567
2940 9.696452989353487
2941 10.034445980563605
2942 11.428727030803241
2943 10.117688111293255
2944 10.080125629106764
2945 10.055784812507127
2946 11.275171816833897
2947 10.821156376757198
2948 11.98727160398295
2949 10.820050797479697
2950 11.777068986609839
2951 11.295211171334842
2952 11.819796706322535
2953 12.643773649473866
2954 12.563758939064613
2955 12.808709266032908
2956 13.226299082355027
2957 10.843858438488095
2958 9.256119764243108
2959 9.670980715291144
2960 8.537360315719097
2961 9.687397320853925
2962 10.032432513860224
2963 8.712745741692741
2964 10.87571991485614
2965 11.07635556187879
2966 11.833462632832958
2967 7.728851043830523
2968 12.120963098441491
2969 10.833504037440935
2970 10.07063218895093
2971 10.195824524226776
2972 10.811021113325275
2973 12.53689307597051
2974 10.605492062927604
2975 9.61925006460701
2976 11.494045258296136
2977 12.172240041368669
2978 13.84252318730644
2979 15.179014208207027
2980 12.833022654119201
2981 14.158063629826387
2982 10.19706599760163
2983 9.487237661511598
2984 10.542921908314502
2985 9.085785572738327
2986 9.431633960401737
2987 12.133227954970696
2988 11.356190832632885
2989 10.142397599782004
2990 11.597855800946155
2991 10.162309492606708
2992 10.210522594336982
2993 12.543383479098408
2994 11.848222638740413
2995 11.40859053657359
2996 10.758640510384822
2997 7.963328149286826
2998 9.595659029935662
2999 11.524645412391097
3000 10.050100239223122
3001 7.3762178721512335
3002 5.962837316980743
3003 7.373967925156471
3004 7.016185771450858
3005 7.4992781450081045
3006 7.28360726756995
3007 6.785981170344505
3008 9.187633184963223
3009 8.587599071128047
3010 9.678037440292165
3011 8.846731666009562
3012 6.874801096291751
3013 8.859544976046882
3014 7.535749739134092
3015 8.12853444225098
3016 7.957948153695808
3017 7.726050100396197
3018 7.844443618628445
3019 9.044789608219466
3020 10.731939160821184
3021 12.09815253725518
3022 10.264845973604642
3023 10.0585950573938
3024 9.8639588395927
3025 9.613149206575043
3026 9.033465356865468
3027 8.404885979714656
3028 8.246027205734721
3029 11.919369205216277
3030 12.34800316164981
3031 13.20753512212561
3032 12.289835812972084
3033 10.54215808314581
3034 10.21161678444963
3035 10.646420925391194
3036 9.307083378948889
3037 9.727001983216843
3038 9.970657265770548
3039 8.943331426638489
3040 10.271127065876977
3041 9.270388184777612
3042 10.12373686399096
3043 11.099045063055108
3044 14.34879517330155
3045 12.793229525626192
3046 13.172359463788181
3047 13.03626946373731
3048 13.06574953593479
3049 12.604758400536422
3050 14.22701218220284
3051 12.544431018844046
3052 12.614987566230484
3053 15.396515978308319
3054 13.368176842487955
3055 14.423255196949736
3056 13.470307986708313
3057 9.91170730930544
3058 10.548791786690103
3059 13.01606099466398
3060 10.768468946790145
3061 11.005994854841168
3062 11.047074632483737
3063 10.396580150071966
3064 9.797195781015615
3065 8.657992581960906
3066 10.835605695671434
3067 9.94424041389793
3068 10.189682605382618
3069 9.348776747899281
3070 10.814651543674385
3071 9.279286352374276
3072 9.708367140783169
3073 10.020485919443518
3074 9.328246216193051
3075 11.386364500976345
3076 10.064702360710616
3077 10.257994582784292
3078 10.68019928531721
3079 10.983632039409748
3080 11.323671590760654
3081 10.638528014910479
3082 10.053161058010806
3083 9.948747301310151
3084 10.883496873284363
3085 9.223176789719554
3086 11.289562169657012
3087 13.530529435371982
3088 13.473072956826886
3089 13.307580258282382
3090 13.423992209357607
3091 14.026677189035714
3092 13.352473635607389
3093 14.645688789033697
3094 13.81143957982569
3095 13.271908164469838
3096 12.467156174105195
3097 13.960695048268354
3098 12.988252132958536
3099 12.15153047603326
3100 13.41745469580837
3101 12.09893740559937
3102 12.532731540236803
3103 12.240835069483722
3104 12.960304540764712
3105 12.857678187277171
3106 13.127171825052777
3107 12.49590033994738
3108 11.866235111434309
3109 13.300129967448198
3110 15.399687287137985
3111 12.610408876734395
3112 8.594164097630486
3113 6.892695129987868
3114 5.997828292681456
3115 5.568950354319961
3116 5.944213409312934
3117 7.812516787717068
3118 6.269631814459137
3119 6.550775510421675
3120 6.162013334919038
3121 4.287191172070944
3122 5.20797145636327
3123 5.103633102226105
3124 6.238467799617024
3125 6.946867851419682
3126 7.262148860976102
3127 6.301360870020593
3128 7.1180278157455685
3129 7.517061939331751
3130 7.1323668918164
3131 8.809348816049667
3132 8.369353261406868
3133 6.858229963874352
3134 11.110427945013793
3135 6.654494903850993
3136 8.030633931743182
3137 6.100922066982508
3138 6.760160867630525
3139 8.131619262566488
3140 8.57273980199285
3141 10.81356192542234
3142 6.898182926134797
3143 7.007590119084619
3144 8.415529319163735
3145 7.57065960684287
3146 5.39635904076291
3147 7.528026563631708
3148 6.795198700302016
3149 5.989433168807961
3150 5.929296178189113
3151 5.581122490071535
3152 8.594129288433804
3153 9.486138219941648
3154 9.964509763835315
3155 10.415040512294336
3156 6.023349525950448
3157 9.576067616303162
3158 11.064196557413695
3159 10.872624794096449
3160 8.439787461630472
3161 7.904551524684577
3162 8.36857185001665
3163 8.337153094018786
3164 10.304059357668901
3165 9.14883952622844
3166 8.739652177939979
3167 11.347710366881993
3168 9.128308822044733
3169 11.120143290977937
3170 13.273090797609056
3171 12.111215100637157
3172 8.846164250596338
3173 7.720281661557878
3174 9.91955094142211
3175 7.438467144833004
3176 6.559332194253667
3177 11.462296869812285
3178 12.332723841015364
3179 13.115225157427144
3180 13.034244661979862
3181 12.70171949622618
3182 12.896864952822758
3183 11.99423533446626
3184 13.844317850170855
3185 13.931449554452806
3186 13.442856375330418
3187 9.865810846950232
3188 11.53044572978637
3189 13.297205416928533
3190 12.793828923716347
3191 13.951524758634998
3192 10.127802116113488
3193 11.569504136861804
3194 12.968865519719733
3195 13.838980338000251
3196 9.979795363225026
3197 10.906227272141832
3198 9.738512694546072
3199 7.0552817065621936
3200 6.348379135608977
3201 6.051015274052874
3202 6.121010697615027
3203 6.189717398360026
3204 6.414265659531896
3205 7.620949698090647
3206 7.044386849846
3207 8.527905208338051
3208 6.115529536722852
3209 6.212667042816712
3210 6.481180016929127
3211 9.905491742748731
3212 6.935150264777303
3213 6.437077807131399
3214 8.60350798011532
3215 9.913354406795012
3216 11.65168834203239
3217 12.519929257343694
3218 9.515057240805152
3219 11.6140123353514
3220 9.736029105809997
3221 11.056056809395557
3222 11.69104682071279
3223 9.124435147438383
3224 10.81373833165296
3225 9.141235964335001
3226 9.430199514943984
3227 9.077806581290824
3228 9.553757241726627
3229 8.937107339752682
3230 7.190520727780224
3231 5.9787038385423354
3232 6.835773948041516
3233 7.897254995671633
3234 5.39396885894077
3235 8.257956950578446
3236 6.733581573034996
3237 4.438460301705516
3238 5.566456487104059
3239 4.342985388352109
3240 5.239782709376128
3241 5.46460035947529
3242 4.874336428842136
3243 4.855618388999294
3244 5.616238693937207
3245 5.551303697371391
3246 7.0156259008826325
3247 4.66258424956908
3248 5.3531578166352745
3249 5.327619081983451
3250 4.353252792793694
3251 5.982330944204299
3252 5.450058696811795
3253 5.246557161584319
3254 4.612998127001721
3255 5.36707332662844
3256 10.104195599221343
3257 9.9697801598287
3258 9.50407502702365
3259 8.972396711400478
3260 9.654323546903118
3261 10.17578871284218
3262 12.179815566784438
3263 9.638168936649759
3264 8.911123858056444
3265 12.036122623709144
3266 10.649614566370936
3267 9.827308688840901
3268 10.404182017106514
3269 11.660082010190521
3270 11.05431619732795
3271 12.08784562456907
3272 9.962486796514478
3273 10.668104919784914
3274 7.10472621369343
3275 10.092959562139038
3276 11.156849639831142
3277 10.114054994858334
3278 8.582980095103338
3279 10.679706122584363
3280 8.286435962925811
3281 11.186916426116342
3282 9.994503643494198
3283 8.540822199944373
3284 10.036104790261229
3285 11.172791785449927
3286 11.495163143998267
3287 10.373969847731908
3288 9.740638039300489
3289 9.594149746110991
3290 7.805362484461793
3291 9.525810537435481
3292 10.728945637176425
3293 11.019444058689938
3294 9.928376265066769
3295 9.845747815649998
3296 9.679731676830588
3297 8.838050447392805
3298 10.536773233080183
3299 10.253060020376338
3300 11.009651120351776
3301 10.656595715885581
3302 10.95599351803747
3303 9.72488062929877
3304 12.18435363178464
3305 10.32593368424111
3306 13.208140019527162
3307 11.739613078072336
3308 11.221528861614063
3309 11.880915809061534
3310 8.80631749104077
3311 11.076599870033638
3312 11.814743419009437
3313 10.230419434948143
3314 9.621454483784223
3315 9.304832914840885
3316 10.188437730098935
3317 10.021745313604795
3318 7.093394261275096
3319 9.57259519908096
3320 7.3778642461777
3321 7.853303544746287
3322 10.336479491177306
3323 9.333411451189402
3324 6.695115621689209
3325 7.21147369152495
3326 10.981897551355036
3327 9.251304870547852
3328 8.070614839573757
3329 9.078976685347373
3330 8.727159253676911
3331 7.379951807857479
3332 9.758782520567548
3333 10.180548065187066
3334 8.612538670561108
3335 8.982895920379121
3336 8.145396755598144
3337 8.494687767337417
3338 11.3954052679276
3339 8.132780172208859
3340 10.439037786531717
3341 7.789892834714894
3342 9.815381455617553
3343 9.280609999407794
3344 8.636094892617558
3345 9.043319768468358
3346 8.830129164266536
3347 8.798934512287659
3348 9.138218255831584
3349 9.210715015561563
3350 7.595449591604762
3351 10.063591735927943
3352 9.444385335517374
3353 6.799579342846717
3354 10.743127017973865
3355 7.854470381921746
3356 5.959790885215401
3357 4.916419392793128
3358 5.60712602468304
3359 5.357381687135565
3360 4.69556567421508
3361 4.1149358507577425
3362 5.0728786575669025
3363 4.664529119627604
3364 4.364351568653253
3365 5.055997646066594
3366 5.199422910543995
3367 4.548954380968379
3368 4.52208898341139
3369 4.861184603113848
3370 5.058101487619827
3371 5.016730709751378
3372 5.93662405571687
3373 4.997346098517807
3374 4.873639184830997
3375 4.705168015367061
3376 5.989419768859529
3377 6.642751394301082
3378 4.48145295519097
3379 4.551310484010611
3380 5.904339305134128
3381 6.155874341736492
3382 6.461598223511307
3383 7.056357055121468
3384 6.879174303218828
3385 6.25989065585876
3386 8.1606460904501
3387 8.346210583621822
3388 7.366373982926605
3389 7.22756138841448
3390 7.772601653870166
3391 6.721408136571845
3392 8.57067179398996
3393 6.179384323146021
3394 7.161763167030128
3395 6.721285132906912
3396 8.614055625662205
3397 6.563531952806522
3398 7.192155304761737
3399 8.147276462105918
3400 7.527138573403061
3401 8.631152358214853
3402 6.762847037227805
3403 7.202445225802038
3404 7.290980537887827
3405 6.866666683559522
3406 6.643626552889421
3407 6.603964735668073
3408 6.3705263900113165
3409 6.745739294717157
3410 6.862597559217206
3411 6.974115200032071
3412 7.003397391350154
3413 6.4073419352510275
3414 6.198756220668775
3415 7.218448529838813
3416 7.310563705038532
3417 7.241895982843487
3418 6.96117473820733
3419 6.862216604345339
3420 7.116923046421059
3421 6.5790571194572625
3422 7.027992822933176
3423 6.333548524954797
3424 6.616987639470271
3425 6.857752047572137
3426 6.813282926036746
3427 7.022112324684259
3428 6.793895689768273
3429 6.1816328057377685
3430 6.462509937556523
3431 6.737318604640477
3432 4.8020432481941535
3433 9.112142048263838
3434 5.878007110382545
3435 8.386910853852124
3436 10.066482320884436
3437 10.441718838246508
3438 10.203682034202444
3439 9.190618743120597
3440 8.523107536341861
3441 8.647676371295312
3442 11.539821432326029
3443 9.02421615925367
3444 9.598519685322493
3445 10.162774534857093
3446 9.456198885958576
3447 8.421680652439148
3448 11.757862674185013
3449 11.223704121036729
3450 10.463698522782257
3451 8.448687950841538
3452 9.40407494530286
3453 8.779319171480468
3454 10.965490739065563
3455 8.480715089410381
3456 9.442146876857512
3457 10.250886359817862
3458 11.3334011549359
3459 10.962502774859766
3460 9.023994218039956
3461 8.900242404268203
3462 8.715677020911375
3463 8.94148932434619
3464 11.494632778782059
3465 10.811145674061853
3466 10.314462735126776
3467 7.364034641448796
3468 7.4245230706082
3469 9.707913713457065
3470 8.073874177356167
3471 11.985986282086795
3472 9.596794324850192
3473 10.053025692439004
3474 9.450637883554496
3475 8.657562433157098
3476 8.878114782381227
3477 9.032375210323162
3478 10.357532337321315
3479 8.638117834924012
3480 9.799530672261605
3481 7.9174382901585085
3482 7.892548118890549
3483 9.438927835512054
3484 7.815325267361827
3485 11.312136777010933
3486 10.660261456145285
3487 10.726045411641648
3488 10.62272351710495
3489 9.27068385629712
3490 11.633913855922401
3491 9.926836057355322
3492 9.28964434687005
3493 10.693849983710528
3494 9.177758690311814
3495 10.592096479454144
3496 8.347395270931608
3497 7.7100639226864205
3498 8.90908477406311
3499 7.340233024313952
3500 9.365991441691213
3501 7.134156939039034
3502 10.44921297284937
3503 8.387365808069871
3504 6.539711547638663
3505 7.884204057561954
3506 9.706399517214246
3507 10.475508182443381
3508 10.145818369337729
3509 7.663835913710572
3510 12.714388328477288
3511 7.505207087653971
3512 8.724382300093776
3513 8.821484901849683
3514 8.226264878189697
3515 9.596012860605576
3516 8.454175757834673
3517 8.092600593104443
3518 9.936551475865357
3519 10.640831953790423
3520 8.101794241340876
3521 8.519220772545168
3522 11.593748907647615
3523 8.606496139191307
3524 6.914586005230867
3525 8.73002423187153
3526 9.970661014391723
3527 7.870208398003886
3528 8.721831591201783
3529 8.310199593382606
3530 9.288697988371444
3531 7.529662448826544
3532 8.244112218720408
3533 6.908124669658611
3534 6.920298972414761
3535 6.660089287402736
3536 7.161089698141233
3537 7.787888393059375
3538 7.557180863012728
3539 8.526495870886887
3540 8.453339085358941
3541 8.90759091698294
3542 7.087859734334724
3543 7.1837444761352165
3544 8.629592774121758
3545 7.291021829425395
3546 7.058024462974349
3547 7.421323763690202
3548 9.78515390253195
3549 7.4344407970116295
3550 10.154209990269369
3551 7.90047292714015
3552 9.72975681512244
3553 7.226402506963485
3554 5.94280243481555
3555 6.0848912050697015
3556 6.834093746037436
3557 6.025140546985978
3558 5.120526423099718
3559 8.316514935322028
3560 11.001661446825686
3561 8.736890861343747
3562 11.306588116630053
3563 9.295894969512025
3564 5.845932262625167
3565 6.489543988701527
3566 8.112830704860768
3567 6.574388972559383
3568 9.259858729727767
3569 9.61262306516042
3570 10.576744485910343
3571 10.154199097970677
3572 10.124274974756672
3573 8.948922032027562
3574 9.286755787650005
3575 7.994886626848911
3576 8.787327516900875
3577 9.411911584053076
3578 10.088243478188865
3579 9.613662196832301
3580 9.619181117482169
3581 9.371436024157392
3582 6.027563260594659
3583 7.2949311284333005
3584 11.582272883534946
3585 11.814235995484815
3586 11.510572819653888
3587 11.438973392224147
3588 10.585436735973486
3589 10.502747508194728
3590 10.154473216004456
3591 10.219191270983462
3592 8.4565291647224
3593 10.179173356170049
3594 7.05725017012556
3595 9.558876441920408
3596 7.113756570796955
3597 9.360333862643037
3598 7.2094619428676765
3599 9.850270899221565
3600 8.62410750170196
3601 7.1365262824314595
3602 7.2528127434014324
3603 11.410442114399082
3604 7.810562543069832
3605 7.769642673538403
3606 8.269000851016978
3607 7.278296368673695
3608 8.141419523377843
3609 8.11367494242783
3610 10.63023829046648
3611 8.831210535122011
3612 7.256732113442465
3613 8.243030774762714
3614 7.6013712176253065
3615 7.251950382629111
3616 7.703809259823794
3617 7.618209474993138
3618 7.66623866423175
3619 6.32659735275006
3620 8.46829456213881
3621 8.544960426930455
3622 7.436184304950188
3623 10.640255032313826
3624 7.791316041559347
3625 7.59066087083107
3626 7.929029072258916
3627 9.419159915661231
3628 9.02649882581892
3629 6.845754994476534
3630 8.66361496116357
3631 6.972466417419599
3632 9.42720333148528
3633 8.099062988523064
3634 11.0769760511618
3635 8.690522591027898
3636 8.54839570961812
3637 10.459412679134537
3638 8.64382749870264
3639 8.38571815916745
3640 7.301821532208383
3641 9.098861161978656
3642 8.279818487241663
3643 8.289798360083493
3644 8.79507803496251
3645 9.020360913081142
3646 9.143280449690828
3647 8.293543078772965
3648 7.581598495500178
3649 8.684743975917405
3650 8.863341639672143
3651 8.017188508546164
3652 8.50838779219787
3653 8.658384349070554
3654 5.402297513649447
3655 7.274065706610672
3656 8.500301619653786
3657 7.546117049711496
3658 7.380171644950147
3659 9.974457511916555
3660 9.400660651863948
3661 6.807346772960813
3662 8.08391819745771
3663 8.501876542019989
3664 9.05375623890134
3665 8.338485888217972
3666 6.002893695915496
3667 9.020136471367968
3668 10.06723354397133
3669 9.873018136014284
3670 9.786617244917213
3671 8.519484998473338
3672 7.381241711500407
3673 7.4210258963377
3674 10.306433665654373
3675 8.515836135706712
3676 7.734402966435248
3677 6.938958142479829
3678 10.82413292813828
3679 6.718270407715889
3680 7.15667247520007
3681 6.807707018434407
3682 6.933015188457829
3683 7.62235564291401
3684 6.4124498697981025
3685 8.40231239992294
3686 7.376409073973433
3687 7.440660637649619
3688 8.891287917495344
3689 8.534631308726535
3690 8.341701895393733
3691 10.115473650979528
3692 8.115974641066273
3693 9.488662791773296
3694 8.327879948727785
3695 8.957124098330052
3696 7.625503230733714
3697 8.794726292851283
3698 9.100843390657904
3699 8.756398088862188
3700 9.790749030058738
3701 8.762196495775097
3702 10.447255022376112
3703 10.452800997040349
3704 11.578637112247634
3705 10.793148285133421
3706 11.374060427086027
3707 10.950996109682471
3708 8.130691172862411
3709 8.828562728815285
3710 11.539548583395774
3711 11.204592418197857
3712 9.416930831600578
3713 8.226434900008705
3714 8.673089002952848
3715 7.367012592740982
3716 7.226824731552398
3717 9.060633354881844
3718 8.993122130178758
3719 8.796907110881968
3720 9.562062496670164
3721 10.775628367557726
3722 10.867040900615452
3723 8.523395578476043
3724 7.561765656538897
3725 10.89103104511204
3726 11.323758036200413
3727 11.003543434275544
3728 11.443341215893712
3729 10.954593712600422
3730 9.78092452169296
3731 9.263646081762461
3732 7.98212944380472
3733 9.031607475796235
3734 8.014222260602214
3735 8.916617810665166
3736 9.667910136073733
3737 10.881371215918579
3738 8.82872743450537
3739 10.872008245633696
3740 10.425984457230403
3741 10.943676159922893
3742 11.202476097299563
3743 8.812908625062105
3744 9.52362223670957
3745 9.054624438829462
3746 6.720798034967177
3747 10.599167823939576
3748 9.672013581233562
3749 11.08402625632835
3750 9.145692682414964
3751 11.534551634352136
3752 9.020730027838939
3753 8.786720207460673
3754 9.309176053806231
3755 10.647857006517055
3756 9.724464650766354
3757 10.474150780029156
3758 11.246200475799283
3759 9.61524775149743
3760 8.609208040826276
3761 10.930857384409581
3762 7.9387971486331885
3763 11.081831985460994
3764 11.05403484223878
3765 11.45506588718529
3766 11.181162951679381
3767 10.700684871507892
3768 10.479262407297155
3769 8.310127868463589
3770 7.8237565348120945
3771 9.437640609893265
3772 10.191439989831872
3773 8.877024089245738
3774 10.695981522527008
3775 8.7968101227389
3776 11.402803542498148
3777 7.953778655543544
3778 8.172176215106976
3779 8.01918517745206
3780 9.171011652029486
3781 11.574254141399752
3782 10.410799936986251
3783 10.351242602667389
3784 11.689392849367666
3785 9.42032925584302
3786 11.716224679069231
3787 11.77864821883419
3788 9.86538129161032
3789 7.821140055447675
3790 8.39103173305983
3791 7.445624128660429
3792 6.96530205207243
3793 11.452542493486293
3794 9.754345094226442
3795 11.711301006287327
3796 9.330821413577384
3797 11.841939809479644
3798 6.799872183537293
3799 9.010107349169703
3800 12.744732741436675
3801 6.87174581712884
3802 11.602385586618901
3803 11.019956248652846
3804 11.344675171583047
3805 11.779956603900471
3806 9.53653805687569
3807 8.503788540399345
3808 8.103950670995618
3809 8.52289261493819
3810 9.616778803908048
3811 8.344107455606592
3812 11.973433814872557
3813 11.65587170795927
3814 9.865792622754366
3815 8.840663021255164
3816 12.212107827218492
3817 10.443664606319162
3818 9.465381537181795
3819 9.08673425314685
3820 7.741156874664569
3821 11.5801003699986
3822 8.897709676837147
3823 9.7661869535755
3824 10.857382165175604
3825 10.801669690809073
3826 8.882431976127576
3827 9.586252337227721
3828 7.967116440448661
3829 7.155655483701957
3830 11.036289566408998
3831 8.886845884930237
3832 11.408702641534102
3833 11.183016445116849
3834 11.19263550922336
3835 10.7950928974282
3836 11.5901297284217
3837 7.91489684133069
3838 8.610274032890276
3839 8.270452850781915
3840 8.705809254985777
3841 10.353845848241841
3842 7.966505348748289
3843 7.086942789146525
3844 6.506143414275448
3845 8.61347827759441
3846 8.627643030309258
3847 8.915086684979942
3848 10.65354053634622
3849 9.308114698527833
3850 8.629734693056578
3851 7.87883414163782
3852 6.912335086188942
3853 7.171647356992596
3854 10.029578194569167
3855 10.41673846482026
3856 8.470927703578571
3857 7.665267173168723
3858 8.15239460388298
3859 6.652352587948694
3860 7.211989102984096
3861 7.022812069694939
3862 7.15012638843011
3863 9.02178115560752
3864 7.857789100420739
3865 8.195223713571554
3866 10.462395229887928
3867 7.8697305266579525
3868 7.682584491074966
3869 7.201568409774098
3870 8.118497868426536
3871 8.545956027470838
3872 9.099878632370412
3873 8.803874043221178
3874 9.330484641448209
3875 7.333106563239576
3876 8.101326294369148
3877 7.4579378475881315
3878 7.9784796831326386
3879 8.269778298475767
3880 7.062334062194631
3881 7.217408779937
3882 8.496541406133149
3883 8.461600870983247
3884 7.437068325210128
3885 6.89108075595791
3886 6.733264528804733
3887 7.941066632289007
3888 7.8966676506544795
3889 7.850195343029332
3890 8.107783073592616
3891 7.0643081662136025
3892 8.8374543171021
3893 8.70109381859679
3894 10.361375847394946
3895 7.705551032445661
3896 7.986753727553723
3897 9.192355859580804
3898 10.48223398194405
3899 8.940852457277256
3900 11.279417326754412
3901 10.076479615402173
3902 10.63990783772487
3903 10.273155283066618
3904 10.536628775760656
3905 10.538964822089525
3906 8.87279582787194
3907 9.999137948847135
3908 10.342789284924388
3909 8.836872292569302
3910 7.918139447398754
3911 8.201013595531235
3912 9.493887831279837
3913 11.126102226202837
3914 10.263749327140113
3915 11.916162163952935
3916 11.44879761513856
3917 11.746964969198181
3918 11.486847745399597
3919 11.586436582097981
3920 10.088350381409791
3921 11.623062801923936
3922 11.505377216863714
3923 10.008873934150309
3924 12.124267604299925
3925 13.108288478210534
3926 10.388452144159587
3927 8.28510000597158
3928 13.10219374810101
3929 12.595798177917944
3930 11.76218993609845
3931 10.924650602956946
3932 9.240049664276862
3933 11.097228800038124
3934 10.517015650637893
3935 11.301228898718305
3936 11.416031180611773
3937 11.36113377166818
3938 11.126471143921217
3939 11.113916168252755
3940 11.226223617563821
3941 10.807334202680437
3942 11.436616220292123
3943 11.480904119270168
3944 12.005439169819562
3945 12.074785401916825
3946 11.232320189252263
3947 11.06812658671735
3948 7.943655943102945
3949 7.856030851345387
3950 9.635748767325486
3951 10.777707030748376
3952 8.69546125078072
3953 9.689522845914137
3954 11.138893027967786
3955 11.163924163091506
3956 9.298484465511933
3957 6.989214570634358
3958 9.221887173127493
3959 8.744099956029238
3960 7.631423975690512
3961 10.842285050748883
3962 10.748535181551963
3963 7.72214761163245
3964 6.888645062542224
3965 9.00172792082704
3966 7.347841228923553
3967 11.008365547093925
3968 8.524114405715144
3969 8.949894805515802
3970 9.208643567702305
3971 9.54006055022272
3972 9.687457395848433
3973 6.570225536079028
3974 11.035054987209035
3975 7.235719664857355
3976 9.876160479956003
3977 9.658889782975775
3978 12.00076977674499
3979 10.634185101845912
3980 9.98056657166086
3981 8.110351743079688
3982 10.719753078628631
3983 8.235923658520393
3984 5.868236326669663
3985 5.393894879808478
3986 5.360414431110758
3987 5.903212506456034
3988 5.723486418016541
3989 5.9065553784664795
3990 7.855568881583843
3991 6.166267713495903
3992 6.063201578224173
3993 7.173764310518603
3994 11.032437618329023
3995 9.65379668359732
3996 7.834618015974032
3997 7.838527404985559
3998 9.756622230863439
3999 7.215377939306652
