0 29.284849500146482
1 28.653321087512463
2 28.837751250220236
3 28.572393726118975
4 30.369331981079196
5 26.781072728369733
6 30.713398744072613
7 30.2133610182908
8 29.087833345850836
9 30.538560406737442
10 31.36308366954215
11 30.164499158201313
12 29.183971401059036
13 30.263321637522942
14 31.631842097596362
15 30.826805610644527
16 33.415117007095674
17 31.79325349149094
18 30.972897117311565
19 31.859338424701168
20 32.47519500831104
21 31.201502212889547
22 31.52660832565094
23 32.885443358274685
24 32.09831629556173
25 33.89669523135341
26 33.12742385960193
27 34.09987806961925
28 34.6661165280635
29 34.42061971995651
30 32.98307122789258
31 32.516216497647065
32 32.56403719673655
33 33.68106767670962
34 32.28444562999843
35 30.626804666533335
36 31.02117299432919
37 32.68438783881903
38 34.36721636032657
39 32.47294087671002
40 32.82479393869977
41 32.17197557626217
42 30.701413772634616
43 32.36432795643268
44 32.30908576999867
45 33.09355596974508
46 31.11682458064864
47 32.88740510140377
48 31.260439515264746
49 30.313106990745222
50 31.316089022001474
51 31.10014558343684
52 29.958156840147037
53 29.853083383621982
54 28.02577789960335
55 29.16357243141004
56 30.254124736583492
57 30.74910479581826
58 30.552560846415528
59 28.782349815712355
60 30.855345110959533
61 31.369941178378124
62 30.238567150793635
63 30.795998914597533
64 31.352986227232147
65 28.561839704207223
66 31.90490657591843
67 32.38006681468192
68 29.3944994902528
69 31.569861707169558
70 32.74080332243144
71 31.915949423318448
72 32.62027239081856
73 33.47143610664532
74 34.804393426958676
75 32.92717920187161
76 34.56229628296285
77 34.18544497587732
78 34.98167049469152
79 33.639319156358546
80 35.41954654445079
81 37.61541171770914
82 35.73404871076031
83 38.92316292417336
84 37.28581647897976
85 40.20989172466254
86 36.52063178347073
87 36.08235210884225
88 34.620862584451075
89 34.679442515310264
90 35.102395863832164
91 33.303674984790334
92 34.89531463238973
93 33.03836498599654
94 33.903516865634714
95 33.7032894079915
96 33.72322375762257
97 33.12305141925034
98 33.70148113033045
99 32.73332212604759
100 33.66562225366982
101 35.038034175918405
102 32.5421850798549
103 35.21168554232153
104 35.51614602666475
105 37.43923898595683
106 36.75854281751925
107 35.52478321229382
108 34.85083647090534
109 36.211949374200415
110 35.69478499310894
111 35.85701701849949
112 34.321193210953524
113 32.97821378147285
114 31.156616054557333
115 34.394036355651075
116 34.05236192524028
117 34.3719839480656
118 34.247438541984806
119 32.69570154101128
120 33.602162912710824
121 33.5990812195324
122 31.94006419984919
123 34.560099893868205
124 33.48848515299473
125 34.133852392747876
126 34.611349258196626
127 36.08270549372645
128 33.31042324433691
129 33.316330583629245
130 35.121620081159044
131 33.85640188682179
132 31.812522752659937
133 32.57307213808156
134 30.79354028640456
135 30.33350760450298
136 30.159484313757112
137 29.976442385762343
138 32.36327452087808
139 29.54625569858016
140 30.747267985626408
141 28.986381976911634
142 27.766111335404574
143 29.45917269121584
144 26.455597873144335
145 30.67970319751709
146 30.378716505699543
147 31.232199896750384
148 26.873126963517212
149 30.13137672165083
150 28.323913022011023
151 27.977817294392686
152 26.13076512211149
153 28.49130773727611
154 28.060438885927546
155 29.311114812879907
156 26.167439729101552
157 26.128536016104764
158 28.966062175135406
159 25.34621132414177
160 25.725915296137938
161 28.060785868138012
162 27.60877744575362
163 31.020319530933453
164 28.16759668903752
165 28.722242830731457
166 29.070136965071296
167 28.15969459429751
168 27.86930129228998
169 31.332812006271578
170 29.09323718178017
171 27.049513336238196
172 30.77189988600272
173 30.76927673348489
174 28.5139606974419
175 27.121979091667118
176 24.17746665188825
177 28.16670498235948
178 28.622752423906267
179 27.133772592021216
180 24.46875541059619
181 27.99023307421331
182 26.10530707980246
183 27.86105664614405
184 26.588130860474628
185 25.68726380245745
186 25.890241923502952
187 26.47846800877836
188 30.29622700797235
189 30.11633587676085
190 30.37920893005193
191 26.54101522576638
192 27.73441647923286
193 25.58239033667071
194 27.527892225293137
195 26.847551928141375
196 26.434398521184516
197 27.31054242313925
198 29.234320646053057
199 25.2307085397228
200 27.670416700129863
201 29.272863382533096
202 30.873240395084956
203 29.660506497101252
204 26.97180186158831
205 27.444658504384076
206 29.58298686014868
207 28.957303872163564
208 27.38362879387979
209 27.045478748747218
210 29.05053191795507
211 27.7726750382313
212 27.421129646900603
213 27.986717861822783
214 29.90195097499371
215 28.826030520573074
216 27.0077737215494
217 27.387896731087956
218 26.45317180731488
219 28.09447937077109
220 25.889295904685
221 25.205638965854252
222 25.0313009583187
223 27.362393177987233
224 24.833379118589715
225 26.618450965832704
226 27.043144910889488
227 29.22981393956308
228 30.278356776266243
229 29.945980575758448
230 29.989809672054967
231 28.86769028813589
232 30.52453388677716
233 28.173690609985222
234 28.428172832469343
235 27.127630160427916
236 27.719257321334045
237 28.4779958459022
238 28.420507228378476
239 29.706464579694202
240 27.496323032043176
241 27.507646858758974
242 29.19870973391028
243 29.319120274658907
244 26.118733436189125
245 26.28180893910055
246 26.080035833886793
247 25.38019228122588
248 26.072529992365084
249 26.167756851125954
250 25.89454742565304
251 27.1651621405107
252 27.703689416238458
253 28.757554910847123
254 27.038488203630212
255 26.58087992657565
256 25.961978473566955
257 25.765809632781707
258 26.191682218105875
259 24.582137244514445
260 24.715680655604896
261 26.820066407370213
262 28.25630326003048
263 28.42251602259194
264 25.71231955312033
265 26.254095305402497
266 28.133760497064852
267 30.202851559608494
268 30.858293782004026
269 28.646130507773538
270 27.419158665460575
271 24.61128948480137
272 28.512948493629956
273 27.632634104276153
274 27.46127957867784
275 27.757632590810637
276 27.546076429558788
277 28.781328070346408
278 29.078284194882237
279 28.183931657146086
280 28.50923880979977
281 30.13612260408336
282 29.37606310812768
283 29.140713503759788
284 30.844165159621742
285 29.927140659107106
286 29.38263774794484
287 27.798216898538154
288 26.961853993950214
289 25.559190214217068
290 26.467287942972373
291 27.15305155248384
292 26.622029998676897
293 27.6886290818921
294 27.474104163342535
295 26.41963406555254
296 28.92670075422533
297 27.986933783945783
298 28.194440139216063
299 29.59612644803417
300 30.442901487625004
301 30.494013327553485
302 29.06178101983437
303 31.079615331386602
304 31.178305874570896
305 32.19324572070642
306 33.17152532951796
307 33.9462202139516
308 32.235011321213214
309 31.21599311880512
310 32.1067376700058
311 29.96008507941273
312 28.636888099190113
313 27.44022628133145
314 27.040181345731003
315 26.161145653306278
316 26.70912120715463
317 28.785385843101036
318 31.284052301581475
319 29.28612386793317
320 28.693980508975795
321 30.13375631056772
322 29.90347172742566
323 30.56276957853517
324 27.65678420032686
325 28.62310005577409
326 28.65752242110796
327 26.57678363273472
328 26.141540490855828
329 26.544659148302486
330 30.25374327700132
331 30.12039248035498
332 29.29026607468743
333 28.017919133300534
334 31.221275007578257
335 28.05115021410314
336 27.768106910595918
337 26.868800098103517
338 28.116322944485397
339 28.04133636132819
340 25.730126968299846
341 25.542896293335687
342 26.11963607255302
343 26.96416422395518
344 25.90704958229632
345 26.73046976332257
346 27.560870435093484
347 28.4930953218543
348 27.448694091284807
349 28.61106494194786
350 29.8153206474023
351 29.611661480686042
352 28.272589127075864
353 28.92772699982576
354 30.162982796906682
355 29.188895677924748
356 27.54203980828593
357 27.967989849631724
358 29.236138229245036
359 28.95631971435927
360 30.23852197792005
361 29.811055552639814
362 31.38197651324259
363 30.186979132552526
364 26.41737625840856
365 28.375971167908805
366 29.780309594019297
367 28.743844644730576
368 28.684168533796363
369 28.806676494580675
370 28.606799996735486
371 28.743239645855944
372 26.955342122527046
373 27.772463339851374
374 28.910459169341262
375 26.956658989847906
376 25.706650132595865
377 29.650093872145465
378 29.788285121755344
379 28.42809466820415
380 28.931699726219254
381 28.507496975904502
382 28.179389362000904
383 27.839995189671736
384 27.317543287553963
385 27.466215322512692
386 29.087062111268487
387 30.86408636178563
388 34.307498536469105
389 34.5738284100982
390 30.188680398148552
391 30.188880799734942
392 30.999722912830844
393 30.758848152419432
394 31.748352519388842
395 29.318076833889773
396 27.971016287925096
397 25.421827971165595
398 28.794872492991516
399 28.26256999549939
400 28.946209191398907
401 31.556942489187772
402 30.9532490234497
403 31.21811491042663
404 32.144087246700366
405 31.469112639996823
406 35.37500802411159
407 35.086106437528564
408 35.26409384018112
409 33.10893339483183
410 36.580133401698276
411 35.6871679548888
412 36.70400205502933
413 39.1704195596969
414 42.986912362537026
415 40.821636224082305
416 38.0890557245602
417 38.3534324599974
418 39.16679955927321
419 40.81385185526163
420 42.844669293768064
421 44.752073991968885
422 43.865457097260986
423 38.855104668525904
424 37.13830689241283
425 40.13692398195241
426 40.962936344269046
427 40.101848069205616
428 44.243939055455236
429 43.542693328685424
430 44.336405257163364
431 45.70154580093116
432 45.691942643396345
433 43.709327791049276
434 42.53677941566926
435 42.385735998274356
436 40.67281406275431
437 38.941119923229486
438 37.505707480353294
439 37.89087251687316
440 36.59028902166853
441 36.14020866778507
442 32.54184703844852
443 32.176011136946286
444 31.280507939657763
445 31.051207119184376
446 32.34429467381094
447 35.03964306491128
448 35.96813953095782
449 32.141722005094586
450 34.34290522255292
451 35.165850622563674
452 36.08119348492175
453 33.18900651505956
454 32.04596657072699
455 34.36875589347257
456 36.45484276417168
457 36.328077497354805
458 33.909680289866564
459 37.33627477646028
460 37.854758151332135
461 34.15425833233721
462 35.22444595372114
463 36.62350458029517
464 35.97652175837721
465 32.24025341295615
466 31.535374322229877
467 33.3777161378144
468 31.104048735465327
469 35.550512704247026
470 36.18959356091843
471 37.8087755137338
472 39.0530930280662
473 38.20572188396553
474 40.49716133110453
475 37.958711941920456
476 39.89567602458557
477 37.79376039177839
478 36.64640018889632
479 34.12699087227301
480 36.28878338678843
481 36.93698885522878
482 36.07925519801471
483 34.977146651635316
484 33.7017856701706
485 32.41062380053175
486 32.5617602910761
487 33.39870777604356
488 34.65972963367146
489 33.32395655438611
490 33.13836257569037
491 33.10593134073548
492 33.80424914379839
493 35.593614244802346
494 36.866271727698916
495 37.10938125771109
496 36.52363435985286
497 36.408253778169744
498 36.17621718815079
499 36.81940273118179
500 36.3399994500406
501 32.973857676774415
502 33.38316998538084
503 33.98227681150324
504 37.12644444155
505 36.30866300381635
506 35.25599258810278
507 36.170080995424605
508 36.07247869288844
509 39.81405896904202
510 39.609810601426425
511 38.5920678214561
512 37.44955489029658
513 38.12687676814421
514 38.19040066643005
515 34.85157486435792
516 36.29726359286468
517 33.31265422003564
518 33.78654298611325
519 32.10130692827469
520 33.9888698453999
521 34.98686249486192
522 35.17590552472565
523 36.61908572852929
524 34.107556970971466
525 34.70173586362135
526 36.780104125686755
527 35.28341116364278
528 35.7826914944185
529 37.12879809325974
530 36.65211204552565
531 34.5697542345918
532 35.65948750492708
533 37.80887032491287
534 38.15754074000389
535 37.5346724769265
536 36.283976949717626
537 40.38002485174434
538 38.832068768132764
539 38.267783282039574
540 41.612412698046576
541 38.982454475065246
542 39.11553728640145
543 37.51359887882051
544 35.544383500375076
545 33.9275903195264
546 36.78558360138021
547 36.23107786985266
548 36.305855026692704
549 37.53030099777492
550 36.95459270650682
551 38.004812538700364
552 40.04600557158202
553 40.33879637930782
554 41.42048425341881
555 39.75031419023403
556 41.92689984164655
557 42.416151301169116
558 40.077559009619044
559 38.14340900463538
560 34.86631349632915
561 35.989927779969925
562 33.63305080797918
563 36.305629140731206
564 34.03544810593905
565 34.65693911327898
566 35.661726875520934
567 36.43125811019149
568 37.999941642473566
569 33.930669705558294
570 37.63724669096266
571 33.175455580068046
572 34.71592624180178
573 32.86913880136799
574 32.724124681003225
575 30.616727252486317
576 33.16427579378764
577 32.35759809698097
578 31.34069716678574
579 31.078370984133475
580 33.42703645034647
581 34.64352522275075
582 32.596940732040586
583 34.62812181769301
584 33.02872366146431
585 34.13076354243682
586 33.63511412393492
587 30.080237082111605
588 32.42106168570182
589 31.072362623736478
590 31.420259798041297
591 34.315914714726915
592 35.047243675286545
593 33.96998793103682
594 34.20988940497298
595 35.33739123842197
596 35.274934490476674
597 36.03280594281143
598 38.18846350433039
599 34.37879997745766
600 36.07487783895924
601 35.759408075416346
602 35.89370372174453
603 35.36623419611183
604 38.9530890486458
605 38.32199742241499
606 34.35366656751441
607 37.83811238263352
608 37.49221064429541
609 42.016863173825044
610 41.76115112666304
611 42.73411587074907
612 38.858468968127546
613 39.19247506213025
614 41.275151836747426
615 38.78098924114205
616 39.97945906843958
617 38.05767637156573
618 36.76740999402568
619 38.29344173721565
620 40.894813984037995
621 43.15876635614054
622 45.01481544601636
623 46.47481671916436
624 45.897532876865775
625 44.741215047993514
626 39.70011770009019
627 38.60926166177121
628 37.83028374359942
629 38.70142848648562
630 37.300028429473045
631 36.87948505524967
632 37.52268817085944
633 36.519790187245405
634 39.33610143844698
635 39.24020018169754
636 36.02966905118259
637 37.690378395174314
638 39.80269527616725
639 36.228952753139524
640 39.60451318116666
641 41.42595656713997
642 38.443683861489966
643 41.34478785864878
644 41.96734903559409
645 39.36375703527449
646 38.35377088012726
647 38.81441252881843
648 37.85453014911192
649 38.70075361320273
650 38.260951459638875
651 38.29617553539065
652 39.50179265327893
653 37.69297794216628
654 37.960684199250075
655 37.43678185168121
656 38.91152666061973
657 41.394065065413045
658 44.82375592307785
659 42.04452223212686
660 42.68573349994465
661 39.51161465259994
662 35.55831403554937
663 37.31991121759221
664 38.22500733754438
665 38.35059616852212
666 41.132628592307874
667 39.05471199738542
668 39.076859197152814
669 42.02350233883825
670 42.73809077157662
671 40.96206131169631
672 38.20188449688852
673 39.19619985087541
674 40.97659236469028
675 39.43981200934687
676 43.154667984954344
677 44.66061204352362
678 43.82656584967114
679 42.29269401263441
680 39.522758603393356
681 37.569515572033716
682 35.10121191741965
683 34.28721877808246
684 33.9721267269306
685 35.278813388124895
686 33.98875315684894
687 36.96279611842733
688 35.73608248902378
689 37.394562850890715
690 38.39954771892346
691 41.00642232736733
692 43.937657307801885
693 42.45546288239562
694 43.28254606454713
695 45.282208302996985
696 43.75316437556954
697 44.91449650700099
698 45.56410623853329
699 42.85426715161561
700 44.0756693183618
701 45.70677262277615
702 46.4195390595761
703 44.64428488421076
704 45.62586215799046
705 48.105671275373595
706 48.228823916030535
707 48.8046969535336
708 50.10397223629987
709 48.5393376921386
710 49.21063304940238
711 46.49728556409521
712 44.81151411987439
713 47.128513947499975
714 44.97888570712077
715 45.29074368661931
716 40.621640200111386
717 41.58697999391408
718 45.41793710587712
719 42.847676019647345
720 43.26520896734446
721 40.85194817964108
722 41.6751528617379
723 42.28115621949383
724 42.59201949719968
725 38.15931636208961
726 38.78301128531714
727 39.613775959604574
728 38.098198505578495
729 35.54327075851598
730 35.47630425968155
731 37.31579248036146
732 39.550832809840166
733 38.15363256509424
734 38.93725501711318
735 38.99046445546624
736 39.78273459186912
737 38.07096129513719
738 39.472429714321336
739 37.58033977801195
740 38.341285160965775
741 37.07535423485962
742 36.782808433801854
743 35.28603360873984
744 34.11626599943965
745 32.080450347515956
746 37.40713418229743
747 41.47200255250828
748 43.10828543192057
749 41.17344598094875
750 40.42439269472976
751 42.745105352386894
752 40.975821041207716
753 40.60610185397143
754 41.583436673945016
755 37.94797194307952
756 38.88724505993742
757 42.90120517636399
758 40.38103492006156
759 42.51830451068669
760 41.37830265485192
761 40.99878694266057
762 38.34109147931185
763 39.11795468757355
764 35.5930468010863
765 38.920701252622386
766 41.08770009496038
767 39.531271936123254
768 38.5660523662385
769 39.364815627616146
770 36.78770801460239
771 33.76671401736141
772 34.888002397327504
773 37.011410384612155
774 38.596835948515945
775 38.1977328019513
776 38.30882738143907
777 42.35465323280913
778 42.11241801474807
779 40.514883263690955
780 41.7737558054149
781 42.394051296405486
782 43.21616648816478
783 40.546776785307394
784 42.137459111970955
785 44.01256350115816
786 45.06970161323588
787 46.275028901402564
788 45.733114700210095
789 44.88342431084387
790 45.420375997022624
791 44.48196887440389
792 45.11982768638603
793 49.133945240096715
794 46.87632320534038
795 46.89806200825089
796 45.8704559229584
797 44.45527440529715
798 45.1775432171327
799 44.48430268618631
800 41.48061979268558
801 44.764486585343555
802 46.17401409900212
803 46.13035853209555
804 45.19767369300782
805 44.689251613458495
806 46.373067650228975
807 45.844963194587415
808 44.00208630277478
809 48.3067991882696
810 49.09416961503216
811 49.98860824212362
812 47.04318005720114
813 47.45304067268041
814 46.15217314572781
815 45.990805706216165
816 47.22453373910964
817 47.62159356080569
818 47.10662967751903
819 47.28078241932252
820 47.48365110498673
821 46.0381582763794
822 44.32011394285453
823 45.675266555228305
824 47.20217567842971
825 47.56929237011757
826 48.92431500833461
827 48.033443439413645
828 48.40864738289696
829 47.9982540926857
830 49.2222113334036
831 48.514518618137906
832 46.73890371190687
833 47.63356749449475
834 47.14544005200716
835 46.67656204540285
836 47.34618632195511
837 46.69539172091689
838 46.48457770108915
839 46.503657794967744
840 46.04291443272819
841 47.475384244173604
842 48.10806474897411
843 47.664611201363435
844 47.56299599825094
845 49.31062405920206
846 49.227456651284726
847 47.556808622152076
848 48.468458772927434
849 45.8377040957067
850 45.1070396289192
851 45.380558888629636
852 46.41579832549489
853 47.32412661042473
854 45.65258511779505
855 47.32726408894143
856 44.103986741119186
857 43.399362815732054
858 46.22251512684472
859 45.509960832610695
860 44.566516303956845
861 46.84546884319434
862 46.67040471287478
863 47.09919252386658
864 46.372574479104294
865 45.59398250046033
866 45.86404144498238
867 47.800946223246314
868 46.6262107268776
869 46.13364015774463
870 46.09508884832916
871 46.85925596266545
872 46.549933329928486
873 46.29242860826627
874 46.47639309619152
875 47.570640715494044
876 45.61595383473732
877 45.93103958375557
878 45.189541159739086
879 46.22661995154394
880 47.69996370360316
881 47.12493256186151
882 47.121353072176305
883 45.77938130970844
884 48.03644245925554
885 50.35972660719421
886 51.682651134194636
887 52.342315515741845
888 47.864123182033595
889 50.086790848080966
890 47.71554810975683
891 49.66500054681874
892 51.524924183765734
893 52.14359939705338
894 49.81469940173933
895 49.19414144568598
896 48.09112664267079
897 52.77021977827507
898 50.83851192338061
899 52.0061105791993
900 50.046854481345164
901 48.8651338289322
902 50.63594409829525
903 50.70809575585338
904 48.55609905754734
905 49.44827994241827
906 48.20538486713668
907 50.648815311813195
908 48.60433851770793
909 48.179358280490405
910 48.751391499384965
911 49.57274251957154
912 51.59606992238385
913 50.831558302744824
914 52.130645415790745
915 50.40305246673849
916 50.599627594308124
917 50.09727949245052
918 53.43554750820677
919 52.833933939606574
920 50.51954932245111
921 52.862040519265484
922 48.82485690658783
923 48.69898428789062
924 49.07017605135171
925 49.531936201186404
926 50.90592075708437
927 50.49985518880227
928 46.145117401937455
929 48.716090857192114
930 46.29140698077118
931 44.73885421454419
932 47.36922391241803
933 40.011793727575544
934 42.92716019931942
935 45.333787691484325
936 45.909561526764875
937 44.46541045459113
938 46.47903180412333
939 47.06937315576235
940 46.39436224754635
941 47.61437968818536
942 47.154893255765025
943 48.173710650708024
944 49.64334114541437
945 49.71209360289971
946 49.40332372968319
947 47.418813430284466
948 49.5367640855352
949 49.482695169294345
950 48.121520865023044
951 47.373970647245194
952 46.73625571093469
953 47.431722214666614
954 48.73570257338336
955 48.51993100295001
956 48.29117383925637
957 48.820683756558616
958 45.47255200165832
959 45.43436182685715
960 46.100684206270216
961 43.92982728399673
962 45.01687839813078
963 42.533002958006605
964 43.00448290294974
965 40.400739950824075
966 40.20246765352662
967 37.886836915483975
968 38.70681252092779
969 37.199472248624296
970 38.53220640205877
971 37.0574141548514
972 38.13232502088033
973 36.897259146074084
974 36.63949825862342
975 36.91307343847103
976 38.691804023793345
977 37.81687633425908
978 37.40435075829055
979 37.204932102402395
980 36.028363469970756
981 40.71535753835433
982 37.76674638195638
983 37.15625857758284
984 37.879835757244145
985 36.492591910157714
986 39.300691568292436
987 37.94101232415504
988 40.00837139896071
989 39.757297791431014
990 35.22896454706584
991 36.2521135081166
992 36.258356798256706
993 34.43238501299508
994 36.471682850009316
995 38.09280770044297
996 37.3090688321507
997 35.96816333531193
998 36.51373309060124
999 37.19879673195898
1000 34.87217409380675
1001 36.72731888282639
1002 33.82197704376391
1003 32.93612267645527
1004 33.445321475255255
1005 35.512013353397165
1006 39.38108039646851
1007 41.96529295278401
1008 37.31387216702111
1009 38.37617354346166
1010 39.42417032759651
1011 38.31072102032016
1012 36.43269627998746
1013 35.236428508622105
1014 34.59298298255066
1015 35.5094719701218
1016 38.10726346402509
1017 36.88603266778415
1018 36.656351676260314
1019 38.019819224507955
1020 37.41179649047773
1021 39.46619938988526
1022 37.77679308756741
1023 37.02523222764911
1024 34.433812457158865
1025 34.307880500719016
1026 33.42999892217952
1027 31.34443030211043
1028 33.37125582649767
1029 31.912252451701818
1030 31.24064542371862
1031 32.596902813995605
1032 32.500021404179414
1033 32.09505468936444
1034 30.34237139387411
1035 30.73514757313635
1036 32.11742917493056
1037 31.37801645277481
1038 32.69507011384847
1039 32.57650374488164
1040 29.304623578037006
1041 29.59941801253098
1042 31.153002460500154
1043 32.918959247140776
1044 31.62414735673637
1045 31.640988687753566
1046 28.012578264729573
1047 31.985255031866505
1048 31.51954823251218
1049 32.802479316237246
1050 33.02990336228427
1051 32.280008581432696
1052 32.708401371278406
1053 32.0808536326138
1054 30.010106998880417
1055 30.528681851775648
1056 31.896765428019798
1057 32.188938211336506
1058 29.584755999334195
1059 28.92832164956862
1060 29.730943480663107
1061 31.703784600331126
1062 31.386276085411463
1063 33.80441574096798
1064 31.626027875391706
1065 32.57911489188021
1066 28.32880741556598
1067 28.34759096148338
1068 30.464983302890566
1069 31.740563608227948
1070 31.09660990959751
1071 33.38853987451194
1072 29.672466337292164
1073 30.612606123417446
1074 32.27203373285644
1075 31.32033216701833
1076 31.054691289753276
1077 33.630254298267396
1078 37.05109773785062
1079 36.162269765057026
1080 38.40272441644254
1081 39.63382127580793
1082 37.90679834703567
1083 38.83357239508796
1084 37.01362674919285
1085 37.04349028887241
1086 35.61404704020723
1087 35.07449594754783
1088 40.26326999083598
1089 38.76287769401472
1090 39.30908933213545
1091 39.87806187042204
1092 39.51560103275363
1093 35.503498912885284
1094 37.42141733574977
1095 34.783156653567204
1096 37.4946293951576
1097 36.48051289971834
1098 36.50682447664698
1099 38.561042628193334
1100 35.80248074501427
1101 35.628763762887964
1102 34.02777376252499
1103 34.93992137667505
1104 35.066489120572435
1105 36.88797809539375
1106 37.677151664122334
1107 38.34194821565075
1108 38.935015309963596
1109 37.74931201775294
1110 36.68396538422217
1111 35.60228505914399
1112 36.4005295412349
1113 37.20323822584974
1114 36.43010679851129
1115 41.18680608365564
1116 38.26884057334638
1117 39.434072596114426
1118 39.451240711158256
1119 39.43123078806605
1120 40.01793563933575
1121 36.58476498479649
1122 36.44152391577312
1123 37.3326243088304
1124 36.194018068659865
1125 36.34199742167476
1126 36.60209222373506
1127 34.45250854172104
1128 35.10720889743286
1129 34.097914062456184
1130 37.39652228828085
1131 38.3551172694742
1132 40.10377232284582
1133 39.255882871436945
1134 39.13893447280082
1135 39.872268948719196
1136 44.19026262340159
1137 40.27581906798713
1138 38.742648316118164
1139 38.980953457744306
1140 39.69175774427885
1141 38.807941130841904
1142 35.28246301105199
1143 36.29419570396384
1144 32.89964342424242
1145 33.63134238063175
1146 33.94832771185531
1147 33.262964001340784
1148 33.12687285077215
1149 34.120700878817544
1150 32.02736606739709
1151 33.055082020458634
1152 29.608860860723304
1153 32.37512459701121
1154 29.77943394488613
1155 29.619552364928335
1156 30.615867309800194
1157 34.58860226334965
1158 31.165592568252716
1159 32.17972057231966
1160 36.22647244698884
1161 34.02929625601036
1162 32.035229213746376
1163 29.99447276146605
1164 30.106277842642907
1165 30.36409497949988
1166 32.30604197325614
1167 32.716013866658976
1168 31.690174662837766
1169 33.65263838158785
1170 35.63706423847926
1171 35.08275034580916
1172 34.07721349755629
1173 33.78868048729544
1174 34.146175548216256
1175 32.742158878307784
1176 34.34917140712868
1177 34.95967151441362
1178 33.71156503288517
1179 33.941254882235
1180 34.62781762476209
1181 35.684651312226265
1182 34.32104779745552
1183 32.87355695413469
1184 36.224398671510194
1185 35.2039256150483
1186 35.14770032205652
1187 37.56095763482887
1188 39.23531247131765
1189 39.176525776574785
1190 33.77017090349469
1191 34.255723926962986
1192 38.36326003863698
1193 37.29989097267069
1194 32.857567313303946
1195 34.147671006347586
1196 35.65438049899289
1197 33.432418517115366
1198 36.55041466243477
1199 39.18259441890982
1200 40.590647857913595
1201 41.09510729257882
1202 38.46900743802899
1203 40.6459310835613
1204 38.66228773470304
1205 34.366268085863155
1206 35.72703350275309
1207 37.530957625588435
1208 39.108894225153186
1209 38.134812756164685
1210 35.10026748662799
1211 37.064764998334724
1212 39.086467988220186
1213 38.085736263338916
1214 40.677694287371764
1215 41.97522622407372
1216 39.848555542175184
1217 37.415554703115944
1218 37.265608041999904
1219 40.66884697196873
1220 38.57509468675887
1221 36.92182034643022
1222 36.84079672626676
1223 37.51046050384203
1224 36.86899817599837
1225 33.982647060694234
1226 36.44700777031149
1227 34.33425690778034
1228 35.49029174639693
1229 37.607367474749296
1230 34.5148532177812
1231 35.39993468301814
1232 37.843769778024054
1233 37.80309869555494
1234 36.28606132038941
1235 37.706324604889005
1236 37.732295569888365
1237 37.52879535389006
1238 39.106066139554656
1239 40.35881837438459
1240 39.77231622935479
1241 38.87474101097957
1242 39.156177737646466
1243 40.90903785184511
1244 40.906970635458826
1245 41.40009801512652
1246 42.21591247538712
1247 39.8945961660781
1248 44.71505529135381
1249 43.006304970518784
1250 43.4085610860827
1251 48.03074300760174
1252 45.30652773920077
1253 44.62500191788685
1254 43.09573725958138
1255 39.61859317067579
1256 39.42459788707618
1257 36.59984569566185
1258 38.55263928352129
1259 40.42968486907402
1260 36.33330017344009
1261 37.0079455728734
1262 39.700374026672634
1263 39.10832598921681
1264 40.463765000528
1265 42.68180426359609
1266 42.31724850139898
1267 39.8097385276579
1268 40.37673562825948
1269 36.67762768728569
1270 40.03261590590567
1271 38.98217314586689
1272 37.20372758096619
1273 39.45107255437522
1274 40.400375653301005
1275 40.74797024736253
1276 38.67606716466539
1277 39.23943163878725
1278 40.9819322203277
1279 39.25265068655992
1280 38.9151597345859
1281 36.77000519753341
1282 37.89819265685865
1283 37.555402817435116
1284 37.155424315552054
1285 41.580593614726894
1286 41.08519719738548
1287 38.12648704558578
1288 40.40051779620787
1289 38.15389693980406
1290 41.760093228192886
1291 42.976927472279726
1292 41.28437161183607
1293 40.511292459122195
1294 38.60418938715877
1295 39.55985886439985
1296 38.47463589231893
1297 39.33810114860937
1298 41.14041508153809
1299 40.95806444066873
1300 38.531045832145736
1301 37.68888227641795
1302 33.50082393735125
1303 36.65284404520471
1304 33.262102180210555
1305 31.739398257196036
1306 30.192091104222246
1307 32.069050697149045
1308 31.731870188055186
1309 31.749406113739123
1310 34.573872813863815
1311 32.268879631501726
1312 32.241879553138844
1313 34.161017718797744
1314 33.82706834929589
1315 34.82268101586399
1316 35.42127205878357
1317 36.336252237461004
1318 36.996814002890794
1319 40.179429495611316
1320 43.98483348107908
1321 44.22528439908035
1322 43.54630098034202
1323 39.34531879349755
1324 40.288460533595
1325 40.767894774266054
1326 42.10909619241992
1327 41.39086343161777
1328 42.75304615667701
1329 41.547670899516056
1330 44.69091657446561
1331 44.80609224716174
1332 43.969682131806806
1333 43.9321813329027
1334 45.60975201269852
1335 44.12012971207062
1336 45.37275081671451
1337 46.267030836865366
1338 47.48800612614439
1339 49.580206804648796
1340 46.76055785192733
1341 46.97846546810527
1342 48.85682317366122
1343 46.72500196488934
1344 44.29383573677456
1345 45.39897853384137
1346 48.0633205228539
1347 47.09979498492619
1348 47.79163479563852
1349 47.50285478053662
1350 46.48813430377303
1351 46.16326066850647
1352 46.20852617238643
1353 47.46627642257481
1354 48.17490016308116
1355 47.609010715851994
1356 46.1381374142275
1357 45.866746785469005
1358 45.55595957339414
1359 46.14231273893585
1360 45.93434469618573
1361 44.41582742442194
1362 44.97702192914345
1363 43.642792168694235
1364 43.163482916414026
1365 44.96083682231505
1366 45.012472029629926
1367 41.45390137561249
1368 42.16595570536209
1369 41.40683425912029
1370 42.50308201759466
1371 41.277372752167814
1372 41.53117757329191
1373 39.01993105107737
1374 40.941770144872144
1375 39.99363294547333
1376 39.19930368491413
1377 39.75634568434176
1378 38.05630596261996
1379 38.88571904924642
1380 39.76569028429847
1381 40.69485852467565
1382 39.44692537697672
1383 41.16996165328943
1384 42.41657389867722
1385 41.12831060228543
1386 39.40592366100934
1387 35.287201276472295
1388 37.81910983521917
1389 42.46251054063563
1390 41.37863692103871
1391 41.740310933314845
1392 43.92899080389492
1393 44.46487139711648
1394 43.413399595994655
1395 42.278088945220674
1396 45.65151504705739
1397 43.39505554110208
1398 43.42632165852256
1399 41.93317012418014
1400 41.95790780728704
1401 43.74019181589834
1402 41.796546170858974
1403 42.57820969706001
1404 40.722256031732655
1405 40.07085250999576
1406 39.31307927578788
1407 41.731263193948294
1408 40.78757469944087
1409 40.94313919736649
1410 38.979585445710214
1411 37.66043559230644
1412 41.07908941836528
1413 40.62240553246326
1414 40.052710165584635
1415 38.8900078618122
1416 39.65006793209053
1417 40.31321923793682
1418 40.987477371735295
1419 43.00949155470831
1420 43.88166358873944
1421 47.450899904228976
1422 49.31365872586925
1423 46.9148826508642
1424 48.13405446931134
1425 47.4021390583638
1426 48.16033734377886
1427 45.641805392254184
1428 45.92667547192831
1429 45.30499783103555
1430 44.03156505767418
1431 46.867085063820944
1432 47.30416079007248
1433 46.57681992479758
1434 45.186431624612155
1435 45.64682330208749
1436 42.82681020665656
1437 43.2736118306079
1438 44.524526265657684
1439 44.84286363929421
1440 44.84023541082068
1441 46.48528442776828
1442 43.21070481087335
1443 45.620098547432
1444 46.25190009425627
1445 43.70443022669136
1446 43.51345379410349
1447 39.63521133354794
1448 40.36843716509927
1449 42.555880029424365
1450 37.90736408640475
1451 39.96727368960844
1452 40.83014593306235
1453 40.12587413473918
1454 40.446030424703416
1455 43.2966456204133
1456 42.20238130487804
1457 40.65364800935315
1458 44.362858475309864
1459 43.7292779600187
1460 44.49964209521771
1461 44.681633065462705
1462 42.47093299825656
1463 41.07869959494586
1464 39.723299969909746
1465 41.28044317078302
1466 42.06817196200498
1467 39.24101049903559
1468 39.56792630691328
1469 40.078281162172736
1470 42.058654993598914
1471 38.79130442229231
1472 41.65785048096287
1473 43.15923722569903
1474 39.2589524131228
1475 39.23258728057748
1476 40.58861342200643
1477 42.2389786659034
1478 41.106773939574246
1479 40.91609216634054
1480 39.97063100435844
1481 45.19056716568889
1482 46.0354153074009
1483 43.99031945702462
1484 43.96054920280957
1485 40.78301097516621
1486 41.17208914871245
1487 43.789306871760914
1488 43.96429545516648
1489 41.14224669485939
1490 42.69249325428393
1491 41.25621155445941
1492 39.39210513826621
1493 39.059297108345575
1494 42.28380692513309
1495 40.46917185704662
1496 40.52068991300236
1497 41.0756563804469
1498 38.01768678767074
1499 38.17157886785328
1500 40.27741679173102
1501 39.14005782122111
1502 38.56205620502155
1503 38.91597619964804
1504 37.73345746309241
1505 37.42676405865923
1506 38.597391853768926
1507 36.578168373603674
1508 38.17445284741413
1509 37.346521772467554
1510 36.94840622432602
1511 34.73512465041816
1512 34.42814651607149
1513 37.52967021758689
1514 38.06082315896466
1515 38.353473514157336
1516 34.395922674544735
1517 38.710934886377366
1518 40.189910486177325
1519 35.52242581842024
1520 37.79757771245862
1521 40.000154251645355
1522 43.39911002543909
1523 38.539426046634865
1524 34.45613242178049
1525 33.69713385444649
1526 34.968408634741955
1527 33.232305778476174
1528 34.22794516836628
1529 30.21804272684602
1530 32.48264888505054
1531 37.57075139410325
1532 33.99159198181486
1533 35.07616157118353
1534 33.174622566007315
1535 31.665702095075023
1536 26.448678615532167
1537 31.186473941351323
1538 32.67905576256117
1539 37.357325678502036
1540 39.209783330424116
1541 41.02976143340974
1542 37.287996390722405
1543 40.221640547660904
1544 37.71784482152006
1545 36.20003468057897
1546 34.15111469920227
1547 31.75125011654407
1548 35.53189641467885
1549 31.513295421741297
1550 31.28495730059125
1551 33.67560914700726
1552 34.4118276635885
1553 31.780912067554766
1554 30.754260439085524
1555 30.03785302575344
1556 35.20492106464232
1557 31.87841519222149
1558 32.59323010686735
1559 31.281067782529682
1560 29.30601815091141
1561 27.99031201897312
1562 28.19132903594322
1563 27.913519373159
1564 31.74800979750002
1565 33.79057378347536
1566 32.196897472451305
1567 31.58255860271571
1568 32.115798175304754
1569 30.53715197565813
1570 33.32463898739039
1571 29.058494874435333
1572 32.04060411978863
1573 31.1479432422236
1574 34.40023411440523
1575 33.40333701590765
1576 35.28461249179126
1577 37.3318215114607
1578 34.366034475880134
1579 33.987858450251736
1580 34.16653554113577
1581 36.30927164211934
1582 34.36249386660107
1583 34.12243378798004
1584 35.334288100381926
1585 35.50052026020001
1586 34.010462785890205
1587 36.03452686769863
1588 34.170119483720434
1589 34.565231598576794
1590 34.704428943819025
1591 32.53784837889713
1592 34.64721302999492
1593 35.58899124865426
1594 36.019038597763725
1595 38.082480225541964
1596 38.26214254121677
1597 37.85873425803457
1598 35.42961224692549
1599 37.80911474478871
1600 38.18851394862272
1601 36.30990478338295
1602 33.73389249107264
1603 35.525666418743825
1604 30.6212295174313
1605 30.0949697677841
1606 34.9361529945932
1607 32.77343018342027
1608 31.662999057797045
1609 32.077026442399585
1610 33.60517266431869
1611 34.7963760118466
1612 35.21535008446343
1613 33.64524698829552
1614 29.90509561085437
1615 31.825706960338806
1616 35.32243097389543
1617 34.7755603705277
1618 35.1992801692306
1619 35.85795178598506
1620 39.66902070582804
1621 39.5089399531062
1622 42.83999706022062
1623 37.480671148282184
1624 36.93047761805892
1625 36.292160904856374
1626 35.53972367203701
1627 34.57511608118098
1628 34.510941987509916
1629 35.515597762670744
1630 34.609155096250056
1631 31.054549613803133
1632 30.204299794266976
1633 28.866236179639145
1634 31.451927418801358
1635 33.34061403919376
1636 33.99041894060995
1637 32.788251535244704
1638 32.24626713528958
1639 29.831346107210475
1640 31.342972597925115
1641 32.17455825203671
1642 33.939324322769885
1643 31.524292884988764
1644 34.08123989926167
1645 35.36624087580455
1646 32.695206553069745
1647 32.88127287355487
1648 35.192748728134234
1649 37.003211023347575
1650 35.01925712143037
1651 33.4106050938819
1652 31.36951069712874
1653 29.09707243462678
1654 30.241285417711985
1655 30.59011640677069
1656 30.008146455848795
1657 31.467319242564372
1658 30.688141939093992
1659 28.06428684121132
1660 27.6787062641346
1661 28.85047430229476
1662 29.322988538664557
1663 26.851052044411087
1664 27.310313235572632
1665 29.15208513539653
1666 23.766147479772332
1667 25.56729706680659
1668 23.773995262460488
1669 22.764887260344196
1670 25.388615081469375
1671 20.419209875621892
1672 22.154727326962778
1673 21.06440454273624
1674 19.524621497864125
1675 21.657518564747264
1676 20.090441377386682
1677 17.648419753863468
1678 16.088694450442436
1679 16.087298867611896
1680 17.89621567584178
1681 18.2754331967179
1682 17.339451867583072
1683 19.25560622229497
1684 17.65088380178154
1685 17.063719793414425
1686 14.653928625441933
1687 17.900687557924034
1688 18.335350903487704
1689 17.79321503612236
1690 20.62988274621183
1691 20.163536190470047
1692 20.893717828186105
1693 19.471038674113668
1694 19.408898519513855
1695 20.431692077609075
1696 18.71919297423961
1697 19.03965391255793
1698 21.16750381304339
1699 18.60010228903892
1700 18.569709070659258
1701 16.47719778559724
1702 15.134955900835024
1703 16.25511591771402
1704 16.941131170023198
1705 12.101402386184501
1706 15.610839662316915
1707 13.865837613577407
1708 16.126317107348925
1709 13.934359555394082
1710 15.01670478299181
1711 16.209953738653443
1712 17.83339024800336
1713 18.37005328523462
1714 17.95871159223586
1715 15.977064778620651
1716 15.364242242655818
1717 16.149194824120958
1718 13.514478850896538
1719 17.314905374255165
1720 16.913268815158887
1721 13.436037446196673
1722 12.714014109542356
1723 12.120937999525959
1724 16.192839636811186
1725 16.287403615560244
1726 14.76599993337454
1727 15.090789651117904
1728 13.128756424031966
1729 14.86061719297801
1730 15.087328729630213
1731 14.704663854933065
1732 14.112997320477843
1733 13.5540427968946
1734 14.32670733965449
1735 14.603430042816575
1736 14.379912347948784
1737 14.636494970322945
1738 13.646612655358718
1739 15.319530766206011
1740 14.109676987187566
1741 15.530917881681237
1742 13.536505874472203
1743 15.876857962456388
1744 16.352941983556747
1745 16.479360957968634
1746 15.656504183618559
1747 15.888790168334728
1748 16.003589697660598
1749 15.5943701305243
1750 16.007259440458792
1751 15.004398015090258
1752 15.430338950729825
1753 14.509949434664295
1754 15.424701796231362
1755 16.839527759138825
1756 15.544157138949402
1757 14.541266824838944
1758 15.912040110142087
1759 15.306650729833416
1760 15.79946398372219
1761 14.367713987638325
1762 16.401557926309685
1763 14.846912966790146
1764 15.890919949371286
1765 15.07905954464744
1766 16.603326539204296
1767 15.264642808627096
1768 15.19923309401389
1769 15.280003217129808
1770 14.748098669472354
1771 15.044727855071663
1772 12.584002105227247
1773 13.653149173258374
1774 14.980351509812543
1775 13.725620778961497
1776 14.333839009857343
1777 15.46251449287893
1778 14.651041932761343
1779 15.867868073653467
1780 15.105060769769072
1781 15.1116426612286
1782 15.918080609102155
1783 15.57619921596273
1784 14.347677577425985
1785 16.210235221259097
1786 15.907149131443266
1787 16.283114342529434
1788 15.477727771991256
1789 16.407326937063456
1790 17.18155041255209
1791 16.04322664911101
1792 14.698712718316022
1793 13.483833961946566
1794 14.167886195167256
1795 13.14496220197276
1796 13.230112852095493
1797 13.089226127077541
1798 14.515894326402854
1799 16.437223995732385
1800 14.795430833097472
1801 19.134646778039038
1802 21.756171436133556
1803 17.35492194956981
1804 19.386027060596554
1805 23.25358822399613
1806 24.998512351030648
1807 22.253897991723623
1808 20.770756463411207
1809 20.039646679120747
1810 19.90536184060987
1811 19.240179562161778
1812 21.133555514748046
1813 22.55355806037159
1814 19.778564804498075
1815 20.1293933842506
1816 21.73922908619104
1817 23.36649730459919
1818 22.49842953480421
1819 21.46049198946588
1820 20.9577983728622
1821 20.80664881282862
1822 17.487978409849724
1823 19.48353005381943
1824 20.04627129402933
1825 18.568913962263775
1826 18.0222262483068
1827 17.005519057200978
1828 19.924809631913256
1829 20.137288436900143
1830 18.957607714783375
1831 17.647874835848175
1832 19.867807886866323
1833 19.618423095959432
1834 19.196028070050993
1835 20.457475473386065
1836 21.36104605467915
1837 21.26500982793135
1838 19.021198353761203
1839 23.427171659900207
1840 20.541149406075057
1841 20.469664420496336
1842 19.955063493162534
1843 18.048167694791793
1844 18.21652532210823
1845 16.384221803895127
1846 15.861434480725043
1847 13.483090744462059
1848 14.629535389975892
1849 16.769628676186414
1850 15.382399745232686
1851 14.887676289573541
1852 15.051603381519698
1853 17.79292827081322
1854 17.494248834838146
1855 17.567998385848746
1856 17.275371528777608
1857 16.821152392885576
1858 19.722832729628475
1859 17.9554105885452
1860 16.93480761917175
1861 17.55619992391145
1862 18.018156678270266
1863 19.367764871893364
1864 18.248705196928032
1865 17.728535976459483
1866 18.28731682943011
1867 20.268677740310757
1868 19.719151514575493
1869 20.26953094613769
1870 20.57601214759337
1871 20.64829536568334
1872 19.449165973791217
1873 18.36524683602132
1874 16.545060077138043
1875 16.430456599772224
1876 16.189642359066564
1877 16.065853726927234
1878 17.899037954163745
1879 18.227155286137165
1880 18.461991822016348
1881 18.45531755443955
1882 17.802941250705803
1883 18.82897855797663
1884 17.317718885833084
1885 17.785432886504246
1886 20.42873784605265
1887 17.538685874306474
1888 20.587410551880787
1889 22.566438960842763
1890 22.072691494511762
1891 21.678544865349483
1892 21.509369215010825
1893 20.50977850501675
1894 21.301947117214894
1895 20.76887572166106
1896 18.976624493689993
1897 16.47717623832074
1898 19.95476259770816
1899 20.298313978000984
1900 20.171219277218707
1901 21.838208925110244
1902 19.451064751914185
1903 18.1064616873692
1904 16.9808452958161
1905 18.311519528687565
1906 17.674478098405658
1907 17.185258794859987
1908 17.908184083984814
1909 17.511521239452602
1910 17.191884574936072
1911 17.85926075416406
1912 17.03009363204786
1913 19.409374740402985
1914 20.831741589539593
1915 19.568882206468004
1916 16.81668784160402
1917 17.285227338351618
1918 17.465124134600572
1919 16.902219766733854
1920 17.73831564741299
1921 18.94311254155598
1922 18.02185778097106
1923 17.44578088179632
1924 17.535604776992678
1925 17.389068417502195
1926 14.821357842530311
1927 18.05845156892617
1928 20.479125379966263
1929 17.909593364446945
1930 18.26083306461028
1931 15.633757430618635
1932 17.773650470099145
1933 16.814674180833823
1934 20.577505604357125
1935 19.758142245986395
1936 19.2160296803274
1937 19.974025329939714
1938 21.490108492179527
1939 21.32748123605538
1940 20.525365011288102
1941 19.496884186233906
1942 21.481365871013644
1943 23.86971645111942
1944 23.161990224708347
1945 23.648327384018813
1946 24.56710793149163
1947 25.767486855074345
1948 25.146750738051797
1949 25.53368047049934
1950 24.369494332608514
1951 22.430586804175018
1952 22.401077655015257
1953 21.33527079619695
1954 21.52594156676655
1955 22.98019491730251
1956 22.000738090407147
1957 24.83604371747015
1958 24.10758451279922
1959 25.485107141551307
1960 23.80835292279136
1961 26.197920910633837
1962 21.659567777378125
1963 23.298041877122966
1964 22.8555854483111
1965 21.242767693398438
1966 20.908317551507146
1967 20.956818609868574
1968 22.590193214398237
1969 22.76019337106365
1970 24.347336211520165
1971 25.99862612385051
1972 23.30438965888731
1973 23.281416079531
1974 22.66558510605848
1975 23.157224791183474
1976 23.057465361143567
1977 23.155253667123024
1978 20.853805331431737
1979 22.354306028031356
1980 22.309302655309732
1981 23.113385145021343
1982 22.532782299099104
1983 24.51654279487237
1984 21.395770807161004
1985 20.157405656283036
1986 22.270048158754566
1987 20.857871305097014
1988 21.09327047386458
1989 20.03785220011977
1990 19.323708913758924
1991 17.679729338726844
1992 19.13594284029331
1993 18.724983822526536
1994 16.717319727714976
1995 14.567474413185737
1996 14.265730851491565
1997 13.297361003499296
1998 15.61849378709461
1999 14.756941867194513
2000 17.980729522914014
2001 16.638673330780936
2002 15.12777908130803
2003 14.900343045379389
2004 13.508164391013988
2005 13.416698956017878
2006 15.17072305679667
2007 14.328918726742664
2008 11.487410330107082
2009 15.574178904431234
2010 15.28832375636504
2011 15.648289292406195
2012 16.293800544001304
2013 15.0689780738742
2014 16.56018056118034
2015 15.978925262136123
2016 17.30852471213331
2017 17.213175473488185
2018 16.735104495039398
2019 16.420577382800026
2020 18.171833829794316
2021 18.083216830052944
2022 17.960446115623526
2023 17.65937320803554
2024 18.665100321223594
2025 17.296472985068775
2026 17.970146673906385
2027 18.80913843889855
2028 15.855349248356859
2029 17.36972007327047
2030 16.863033118450904
2031 15.370388824542717
2032 13.862541362071838
2033 17.223370628140138
2034 16.13322233508465
2035 16.49316280510146
2036 14.843436358201211
2037 15.305995629698193
2038 14.39336967651092
2039 13.097849880054119
2040 13.553958703196951
2041 13.677037623469559
2042 12.034628251264477
2043 13.180526315309772
2044 12.865850928566609
2045 12.058058649394711
2046 14.36216743655651
2047 11.522033994543724
2048 9.031414247169442
2049 6.689820825243795
2050 8.331775931165224
2051 6.238313435449007
2052 7.11751427327117
2053 8.698109490125331
2054 8.842639158727126
2055 8.124274740901228
2056 8.915811377567291
2057 10.663801383356372
2058 7.008411386711424
2059 8.282707093518352
2060 8.725289908759807
2061 10.457174904883756
2062 12.294462843447027
2063 12.281116998650711
2064 9.848314094701605
2065 10.419430111916823
2066 9.60224750076622
2067 10.509486440047501
2068 11.131001331176984
2069 10.59204269556883
2070 10.030691931615914
2071 10.943845060801065
2072 12.256924514663224
2073 9.10868135674156
2074 10.542506589982688
2075 8.994772811871341
2076 11.81253499111574
2077 13.988348174323463
2078 13.316136173837613
2079 15.815091538775253
2080 11.695301083316846
2081 10.226539405969067
2082 10.3400652536501
2083 10.201186972743276
2084 11.136884053373677
2085 10.806721445122973
2086 10.284424789460774
2087 10.374216112429327
2088 9.681567974731356
2089 8.392384975008422
2090 6.310814534718381
2091 6.252586449723221
2092 6.988289817571756
2093 6.515637889004056
2094 3.992344891292184
2095 3.6291851733375164
2096 3.9856246947900855
2097 3.53243517329794
2098 3.288506973382283
2099 3.393872593502448
2100 3.5930633430734034
2101 3.318798978195534
2102 3.579007061127971
2103 3.5892537079515487
2104 4.346174699881768
2105 3.492740823967494
2106 3.554808914522022
2107 4.495282666244139
2108 7.83077640219981
2109 11.154213228342135
2110 8.943629936443449
2111 8.959356242233184
2112 8.667402110732919
2113 8.850017673838359
2114 11.61297752788418
2115 10.90294312783283
2116 13.615643109540587
2117 11.575042396800729
2118 13.43554214005589
2119 13.954161956050417
2120 11.25717843194131
2121 11.080108265133477
2122 12.621184464965154
2123 10.257599862783534
2124 10.517601113792436
2125 9.234925126161516
2126 10.351530830646936
2127 8.596769306134696
2128 9.578217210862464
2129 7.885396294724797
2130 9.917759065146619
2131 8.466099966744828
2132 11.111564091111488
2133 8.873580470994677
2134 9.452701965539447
2135 11.255216484184935
2136 10.624181465362712
2137 10.831294327007344
2138 11.576353273479764
2139 9.609743524382413
2140 6.813078987483454
2141 7.841389039648164
2142 9.705087744633467
2143 8.783199211572928
2144 11.438125092865885
2145 11.584420032147369
2146 12.044651382019813
2147 12.415081949657761
2148 9.494175073023372
2149 9.629728067484987
2150 12.231603039051699
2151 10.222102641629487
2152 11.99547044796716
2153 10.456900854026427
2154 11.63622775365986
2155 11.28347859584867
2156 10.071378751318854
2157 5.952141784538664
2158 7.118804647736375
2159 9.8720346576708
2160 8.493748877639874
2161 9.77950803617943
2162 12.283326644469
2163 9.000056183335667
2164 9.69296250109436
2165 7.702496853130743
2166 9.654467743675287
2167 6.2217097888392345
2168 5.91070135132976
2169 9.716507957651519
2170 9.033162677676795
2171 9.982365239012996
2172 9.237262749968487
2173 11.154408474830399
2174 9.564940805155382
2175 10.274076075779865
2176 8.961058524544162
2177 8.301841830984655
2178 7.635597204856834
2179 9.667549970484565
2180 11.931143352901046
2181 10.947047080918882
2182 10.692996021332775
2183 10.68591844584587
2184 10.249711419799565
2185 12.739014197964048
2186 12.190920343114598
2187 12.43556173682573
2188 14.82259268754449
2189 15.333474677871326
2190 15.89828126144518
2191 14.74700069983283
2192 15.691439449171686
2193 14.434495932783904
2194 16.88354928080247
2195 14.78497352461424
2196 15.598762980498758
2197 15.790525028662271
2198 17.2911879272768
2199 14.958608810100245
2200 15.425575163812159
2201 15.631969050167054
2202 14.225323536864044
2203 13.947359649202127
2204 11.74546095328661
2205 15.051778218181681
2206 11.762499712762047
2207 16.24132130715702
2208 16.12209503127002
2209 17.147290437040116
2210 14.126301848702616
2211 15.318356435429141
2212 14.150881937981351
2213 13.974647551665516
2214 11.064085852129663
2215 13.636395537944313
2216 15.457467998758027
2217 15.454564715020947
2218 13.721827720372957
2219 14.38220571220485
2220 15.198279540553205
2221 17.625379428246713
2222 15.840795447010148
2223 17.605748394823085
2224 17.13107660133285
2225 16.431844283840096
2226 16.37080524079435
2227 16.170819833082096
2228 17.851885005421938
2229 18.872901309978715
2230 15.996319977497016
2231 10.613995453083657
2232 13.790535193963185
2233 13.807694991168194
2234 15.127905692098885
2235 15.37486010748601
2236 13.384394958507178
2237 13.995168576242547
2238 18.392629997638398
2239 16.049516689372965
2240 14.725333315867685
2241 15.190961432189113
2242 17.542059176014547
2243 16.33018800909012
2244 15.656154688996512
2245 14.29466140491387
2246 13.070373963401027
2247 18.264252509376366
2248 21.136446992941192
2249 19.945611725190492
2250 17.368154679974513
2251 19.383281410949404
2252 18.314683999338154
2253 16.478228194666006
2254 17.910867273296198
2255 16.552717959607875
2256 15.326475103535811
2257 17.073985337038582
2258 13.92350583874407
2259 17.509364850286556
2260 16.169871106334053
2261 15.529255297319438
2262 17.1304040252015
2263 18.61163553549964
2264 16.388682628277124
2265 17.22478930196606
2266 14.165491728174407
2267 9.715959186981518
2268 12.034653844800705
2269 14.251080540656863
2270 16.687880238495588
2271 16.72260548942759
2272 17.5760460945434
2273 15.307457407563955
2274 16.364083096047082
2275 15.306894426185128
2276 13.154310391275647
2277 18.212578689315965
2278 12.91274617003579
2279 16.225710676408134
2280 17.270107397274494
2281 15.792601203504782
2282 13.978561679804665
2283 14.225650935487067
2284 14.53404630080656
2285 12.544362933435545
2286 14.034543403467383
2287 11.5719615116113
2288 10.946451955422392
2289 10.594312713485117
2290 10.226185969704895
2291 16.33815270842643
2292 12.238942331393465
2293 13.088427222596176
2294 13.416009821074937
2295 13.963033806791055
2296 10.975535090832311
2297 11.606489219758684
2298 13.612792376783542
2299 13.12337407186305
2300 14.761948700693196
2301 14.063880892794788
2302 15.19469815801244
2303 16.89346846853073
2304 15.377574685016153
2305 17.535230993998262
2306 15.088521067233172
2307 16.226407825736604
2308 16.431909287343245
2309 15.938953239824226
2310 15.709230216542986
2311 14.586699066737312
2312 16.877270904937202
2313 16.488848138946878
2314 15.554259935820358
2315 17.979703124153335
2316 16.005299984601688
2317 17.333011912636767
2318 16.849916906624205
2319 19.651836992940243
2320 17.031830258784904
2321 16.96089903053336
2322 12.080033240942871
2323 16.98186710608326
2324 17.070854680997122
2325 18.38378639815802
2326 15.090726773754788
2327 16.633635889320672
2328 18.53253024442289
2329 17.954947270298543
2330 16.497189579611845
2331 17.64928947246521
2332 15.584194785367375
2333 18.298544968701705
2334 16.092892447943587
2335 17.75783627221944
2336 17.900274001353495
2337 17.364864657042315
2338 13.414638666379078
2339 16.22345372990333
2340 15.979213335313071
2341 19.505655348876097
2342 19.62313016068282
2343 20.249496024453077
2344 21.359622639664874
2345 18.647044779228416
2346 20.309496865407105
2347 18.774489646007677
2348 18.763701064729975
2349 18.100630914730704
2350 18.723152982523473
2351 19.20699896443543
2352 20.377024779461003
2353 17.375530392321085
2354 18.02409004281719
2355 15.353658507357022
2356 16.382236284324456
2357 16.966110201415532
2358 14.016635436875122
2359 13.242110240020695
2360 14.783377635900518
2361 13.744251374869592
2362 14.757844958236063
2363 18.077749167931387
2364 16.278840516197175
2365 17.024285044803168
2366 16.290915258898423
2367 15.972208980175783
2368 15.409849579935859
2369 17.32917905655414
2370 22.06585477681374
2371 22.87771572369513
2372 22.059881317770813
2373 22.720231375384902
2374 21.955749615484542
2375 18.291953522400444
2376 17.252151845053852
2377 16.644006297026852
2378 19.772843706300872
2379 19.44233071770032
2380 20.51353780492869
2381 20.368145262757366
2382 15.625121004289527
2383 14.848115766993065
2384 16.84402157395842
2385 15.95615172108908
2386 16.599688748582718
2387 19.84070569645911
2388 19.13090539047545
2389 23.448471963974136
2390 23.446003118663942
2391 22.269635152949782
2392 22.212476208491545
2393 23.28295275948614
2394 25.450361082049863
2395 24.461883798926763
2396 19.646045172871094
2397 22.126028565538377
2398 23.22424502754525
2399 23.009204625605946
2400 21.43572901125545
2401 24.079114943838718
2402 24.072942212472615
2403 25.298088462487577
2404 27.780905807696
2405 29.631335085754934
2406 25.38745894699933
2407 25.645095489239544
2408 25.488910603745367
2409 24.692974581461776
2410 23.842626700302105
2411 24.29870386136908
2412 25.58565582198054
2413 27.38004265534699
2414 24.407632968965164
2415 24.162515766132785
2416 25.976680998522628
2417 23.60342905847812
2418 26.04080185390323
2419 28.449761310412363
2420 23.940771052618583
2421 21.60969088825512
2422 21.35661436517349
2423 22.19827983497575
2424 22.91968009825843
2425 23.266101430489858
2426 27.749041174231436
2427 26.603378692005837
2428 23.902263841729845
2429 25.74967063389608
2430 25.205163189071264
2431 22.83878991544583
2432 20.781859910431024
2433 24.033386661901915
2434 20.71994510812899
2435 22.84221374623308
2436 26.034035622438623
2437 23.507162081183864
2438 23.79429268886667
2439 27.086861496279667
2440 25.073815127552837
2441 25.50030185788009
2442 24.539992826088763
2443 24.569593899505634
2444 25.28171200666034
2445 25.164491182036187
2446 25.479894686524414
2447 24.70651085704842
2448 23.516441568044954
2449 23.15153674513963
2450 21.189147563890103
2451 26.317458658791576
2452 23.32899759830272
2453 24.148330234318028
2454 24.310105722782552
2455 22.220466811313617
2456 25.102263634824027
2457 25.03029292316953
2458 24.273107069655516
2459 24.717329808990495
2460 26.886543331054835
2461 26.999344860394107
2462 28.68255849234085
2463 31.1240681759464
2464 27.140096147306227
2465 28.1233660937227
2466 26.018730912372877
2467 26.53478262873487
2468 26.579753360931498
2469 26.253785601643592
2470 24.390590501667862
2471 24.054426034934618
2472 26.739841848076615
2473 25.391290609547063
2474 26.677701608504933
2475 26.529703846956462
2476 24.54388452145129
2477 24.40654029011231
2478 25.070109808504835
2479 28.198260040513397
2480 26.339479897620375
2481 27.76965287575223
2482 23.814009139551594
2483 25.36548145504787
2484 25.378797760991894
2485 24.381917268360834
2486 24.532154757317617
2487 22.79323717527398
2488 24.842166672948064
2489 26.484398898838048
2490 26.86075204721797
2491 31.73452279522096
2492 25.912112003876857
2493 28.363468579843918
2494 30.02207914054684
2495 26.700654971417567
2496 26.43928344476165
2497 26.088732190144913
2498 22.826916538463355
2499 25.82662643005582
2500 30.076618111430516
2501 30.07281824458145
2502 31.802255496320626
2503 29.424036034114554
2504 28.303432579380452
2505 29.744306651228673
2506 29.997972923157544
2507 30.40104084060228
2508 30.210025345794126
2509 29.96232741605596
2510 28.067367354814568
2511 26.590076298749675
2512 27.87461411856305
2513 25.013401621849106
2514 26.279266813726032
2515 25.218846236823936
2516 28.572712864505025
2517 30.645325501922883
2518 25.292239838707275
2519 25.94338394841907
2520 27.859428041616614
2521 28.78980647675738
2522 24.36348460478312
2523 25.43219209033421
2524 26.92003855573011
2525 28.90597197703017
2526 27.00156977724495
2527 28.26573860453743
2528 29.38691920632831
2529 25.4384925994749
2530 28.174641265949813
2531 27.470685696916235
2532 24.84177665420672
2533 24.71978208122103
2534 23.36308423185283
2535 24.728156031444634
2536 22.97347912286471
2537 22.96599357559485
2538 28.12401987663353
2539 30.370034431601308
2540 31.609474614992333
2541 30.721117063374688
2542 30.225132273876564
2543 33.01275961036278
2544 33.33812582461334
2545 35.66378860983097
2546 33.26158931299948
2547 32.10569395350203
2548 30.413860679184346
2549 32.35151380644532
2550 28.09074999587408
2551 29.704841512706206
2552 23.361326709112397
2553 24.44112955179157
2554 23.155023062366777
2555 24.4744864694347
2556 25.4194242885465
2557 23.86977309922764
2558 24.45258993206495
2559 25.213989592898148
2560 24.58169379713414
2561 24.309903435550908
2562 24.357168695569104
2563 21.835918802373218
2564 24.89176507160705
2565 23.654650387676938
2566 26.97843000875732
2567 24.38674770329477
2568 23.674735170083697
2569 23.874971259660985
2570 22.160026418670764
2571 22.953460952934947
2572 21.843680677488575
2573 23.878278440401154
2574 22.77578539968673
2575 21.91204984225166
2576 20.755009336896187
2577 21.22669884452249
2578 22.760742675501803
2579 22.63497423104166
2580 20.541418570027293
2581 22.267905652628976
2582 17.254448706225364
2583 16.71102283079195
2584 20.737967367802923
2585 22.971721827841247
2586 21.691330554639638
2587 19.17167576376434
2588 20.00759082661972
2589 20.262450225849758
2590 20.785441500769696
2591 21.004958659699888
2592 17.960202354595456
2593 19.941978512233348
2594 20.317986379940326
2595 21.54648382941966
2596 21.89760324638844
2597 21.639398729703228
2598 22.218321188525067
2599 22.316356406592806
2600 22.527151838628207
2601 21.885789178019948
2602 21.639511634806105
2603 20.983088689376075
2604 20.875340863372028
2605 20.643662186930545
2606 22.558141316966005
2607 23.72470286069878
2608 21.58750556615425
2609 18.99185903101093
2610 17.140086114130465
2611 18.492767785442425
2612 18.68742784442137
2613 20.357356337562635
2614 18.67061166271794
2615 21.415909079712172
2616 21.91825887577609
2617 25.62204562333924
2618 24.149912686237307
2619 23.056967286245573
2620 22.900490726297594
2621 22.758372632468294
2622 22.06178946152099
2623 22.31294434826139
2624 22.228340575761724
2625 22.31506900765793
2626 20.58718988924872
2627 21.39660320266423
2628 24.62362289355553
2629 23.693133610495142
2630 23.26443895293783
2631 25.345791806467282
2632 26.675622615859098
2633 28.08719571600192
2634 26.104826380514286
2635 27.648716268534418
2636 26.27297249454852
2637 24.803808371155846
2638 22.198590158743627
2639 26.657564738022984
2640 24.24418115142337
2641 24.959525160628548
2642 23.85734565193669
2643 22.54236510675614
2644 21.656437997291746
2645 25.378381394053804
2646 22.40147339627069
2647 26.965870992178424
2648 25.44723955492115
2649 26.75223800798364
2650 24.411485705427015
2651 25.363186700602114
2652 21.44312291051603
2653 20.71123880375464
2654 25.215018332104794
2655 20.03893201778334
2656 17.981760420937306
2657 19.194244101465813
2658 20.538960829834405
2659 22.05154701763667
2660 19.823571746879555
2661 18.014596803628546
2662 20.35099483119935
2663 23.577020754867856
2664 20.626234541724102
2665 26.231619340765555
2666 24.152985081695064
2667 22.641618994207782
2668 23.30923528495382
2669 19.515758142756898
2670 21.067716236963477
2671 21.879379539600457
2672 27.127716322074914
2673 23.396234288085672
2674 22.438434555907193
2675 20.223142631415207
2676 20.416430513179876
2677 17.739175928499876
2678 18.296134323573934
2679 18.287038350345178
2680 19.429784030297636
2681 17.56637372919383
2682 18.066790826070072
2683 16.666542110736945
2684 17.920671721706967
2685 17.816043415193302
2686 20.40276932614314
2687 18.840760540366826
2688 17.484385901075424
2689 17.661895171651086
2690 18.119950384267643
2691 17.676109790199686
2692 19.073325520828018
2693 19.174559231146894
2694 19.541809980657288
2695 17.61038236385634
2696 17.033477043186668
2697 16.244662369639045
2698 16.132388561958425
2699 18.530236267721666
2700 20.394122472646423
2701 19.680943102824752
2702 20.770188557644694
2703 19.665846228318262
2704 19.68691929550956
2705 16.479390239560736
2706 18.19470422023313
2707 17.280698182840496
2708 18.826604400946298
2709 19.64114043164012
2710 17.916421724945348
2711 20.886357374164724
2712 17.946019714806543
2713 18.445435355776958
2714 13.55497237167231
2715 16.72832787234303
2716 16.931462655927593
2717 14.168265639835361
2718 14.31634503189757
2719 14.182778314795254
2720 14.154137695826197
2721 14.298776212471804
2722 15.830432458672673
2723 17.019330307989417
2724 15.342836244541221
2725 12.358630161042578
2726 17.291398647515628
2727 15.067025440198236
2728 15.362228353828597
2729 15.988155853731808
2730 14.320514697372133
2731 13.40031865615861
2732 11.04435090853054
2733 13.421959074411133
2734 13.159842833489211
2735 13.17034372976383
2736 11.464973232304462
2737 12.756366153982796
2738 13.136075803366571
2739 14.26448694357547
2740 15.44789416403152
2741 13.556424489650706
2742 10.81136148485804
2743 11.841739836987951
2744 11.786730754083578
2745 10.478027468892332
2746 11.067464560600367
2747 13.030861312493139
2748 10.180491085955477
2749 10.472149407301973
2750 12.079286442410606
2751 11.471379199900008
2752 13.371265103899619
2753 14.326048280190628
2754 15.655004464356072
2755 18.106577275906346
2756 17.45179198881114
2757 17.50633686732098
2758 18.59667426649227
2759 18.958181554184495
2760 18.354210682792697
2761 19.373125078666522
2762 20.448030647120483
2763 20.51073734862274
2764 18.75158847593661
2765 21.792734567524068
2766 22.275034261481856
2767 25.45887933992846
2768 21.890241669842997
2769 20.456331703849695
2770 20.52993170493591
2771 18.089721600900493
2772 21.867336364256023
2773 21.36934017989929
2774 17.892516548566707
2775 22.510947945988292
2776 22.848939868880397
2777 22.80883408213073
2778 21.879182312391837
2779 24.363613315389983
2780 20.26572970010932
2781 23.671238208178547
2782 26.17662371047246
2783 25.30668768480829
2784 26.44046932895975
2785 26.799098757371954
2786 22.892835751680277
2787 23.675156833559967
2788 21.903580466067513
2789 21.19677687018774
2790 21.62921426522184
2791 19.61233739615771
2792 16.302234144515896
2793 16.356648190962897
2794 18.920894589973084
2795 21.339553121420998
2796 17.371283329772492
2797 17.483689592239614
2798 20.71208379454792
2799 20.14355178549144
2800 20.343350454330064
2801 21.27357674017018
2802 20.219799961147707
2803 19.174251391593334
2804 22.777493762735123
2805 19.40977841430898
2806 17.855733197237182
2807 18.292710184250307
2808 18.238733989758273
2809 23.366634238081932
2810 24.105421032569435
2811 21.428879884165646
2812 19.65327804924886
2813 19.790125522259267
2814 20.506256107329538
2815 19.8853144142661
2816 20.369793847321333
2817 22.15252979284785
2818 20.872468170013402
2819 21.213641505969942
2820 23.03024170352014
2821 19.187514547195725
2822 20.81137556221079
2823 18.470083269744094
2824 15.681409670861902
2825 18.740282423210473
2826 19.291092408846
2827 20.27102034614211
2828 19.99874483158923
2829 18.894868396564156
2830 20.26887314049743
2831 18.578589503728246
2832 16.373192187356768
2833 16.2341188343731
2834 16.662280921653135
2835 15.559192801478922
2836 15.657939699047938
2837 14.671035515257104
2838 17.62516039859419
2839 17.11131034839435
2840 15.855878978417268
2841 18.443048021338065
2842 17.741530550160693
2843 17.042735569855843
2844 16.29357714272493
2845 17.463269833313245
2846 17.423155129977623
2847 17.756620900425414
2848 18.704565771779112
2849 22.079644521918585
2850 19.55627716968788
2851 20.751483859266152
2852 20.89743915921112
2853 21.61549277854795
2854 20.194946955105475
2855 18.234189871716374
2856 16.895632771681704
2857 20.509677994697828
2858 21.623730505736585
2859 19.17683775249983
2860 21.564087771728364
2861 21.169331484107303
2862 21.42219565095794
2863 22.38057272374999
2864 25.0292161931519
2865 25.69739679224681
2866 26.067733870734926
2867 27.35063649328992
2868 26.911822052857364
2869 24.993274686339078
2870 24.555243610183727
2871 19.467075538233505
2872 20.26116797843107
2873 20.363894169128006
2874 25.798519772474812
2875 24.513237795722095
2876 24.244627910996044
2877 23.361153831390045
2878 20.520190717043945
2879 20.600436383592104
2880 20.84715740276631
2881 23.131646250845048
2882 26.88720822133358
2883 24.33897682266564
2884 26.050348007191605
2885 29.96210247565424
2886 27.667093747215112
2887 31.767243112200493
2888 30.442792954781673
2889 29.202403034608896
2890 28.54057343531962
2891 30.55397811597274
2892 29.231307055064033
2893 29.51744956468132
2894 31.92242051197345
2895 35.82804616497139
2896 35.73845535159287
2897 34.400315396115204
2898 31.816966137008464
2899 36.93598901426187
2900 36.697359881151996
2901 41.01860005810044
2902 40.34852176795781
2903 39.18611929240255
2904 35.24802209905803
2905 36.15636331255626
2906 35.62692135323061
2907 34.334770674870285
2908 36.03542923319757
2909 36.67147064785227
2910 34.114695305076104
2911 31.687007974909104
2912 32.97567979150249
2913 32.355211507343114
2914 32.07596476214444
2915 33.21087564918066
2916 34.19990747259085
2917 31.717258545766537
2918 28.40487092410334
2919 28.68657430836637
2920 30.63357465531193
2921 32.69679825642206
2922 33.952705465394374
2923 34.01672782219347
2924 33.46751526347567
2925 34.71359629845267
2926 34.71543106882454
2927 35.3377260648782
2928 33.27663090869672
2929 32.391975925937665
2930 30.66661486278281
2931 32.705541269347705
2932 32.09020016528772
2933 29.730535886258913
2934 29.503487135729177
2935 26.697357739839543
2936 24.272492210204984
2937 27.001215150488463
2938 27.644981949218938
2939 27.804699024451786
2940 26.659891038716957
2941 27.184459512007034
2942 28.050853010135715
2943 26.814305419455618
2944 26.097183403972416
2945 27.292552538529087
2946 29.77008270779292
2947 30.557759724559695
2948 30.391178615376184
2949 27.958764739305316
2950 26.933741510922992
2951 27.698394887110013
2952 26.582181348527378
2953 28.01986091578669
2954 27.901657591974796
2955 26.188558363625003
2956 25.618625459242434
2957 28.476042551594148
2958 28.419451014547093
2959 28.751136628519617
2960 27.15812912378878
2961 29.55898607645583
2962 26.914977276409736
2963 28.55394680804002
2964 29.378673812422374
2965 28.82849492205683
2966 31.16125803197893
2967 29.148251367913776
2968 29.32022321811453
2969 26.688269324583175
2970 27.260729978803074
2971 29.76601148489332
2972 28.11227760031303
2973 28.638097968892982
2974 28.66218395493954
2975 30.26783435032924
2976 30.912442242519063
2977 31.057253493165682
2978 32.95684728451117
2979 32.291357233687805
2980 31.63680740311052
2981 25.734431491045882
2982 28.473685933461805
2983 27.470940739611336
2984 28.30436486558756
2985 27.498855374712292
2986 27.275310827568592
2987 26.323605564404144
2988 28.81415887506438
2989 29.185419920832647
2990 28.636297285256283
2991 28.483929970968923
2992 27.0598963403146
2993 26.549869951535
2994 26.072603674389942
2995 29.28208460273928
2996 30.211232878994103
2997 31.507695355275303
2998 31.82050493147545
2999 31.95138267670718
3000 29.67753672536497
3001 30.6798295520419
3002 29.836808123863687
3003 28.25247418959267
3004 26.77475533749294
3005 27.73076681140508
3006 28.065828984729396
3007 28.998547049457343
3008 28.429737008448416
3009 28.08418807657674
3010 28.874514623674205
3011 25.591971254941
3012 26.894669211648072
3013 26.618085474642477
3014 24.798763553841166
3015 26.225621042659764
3016 25.532369734773948
3017 23.360897102687254
3018 25.02007188287372
3019 22.654772235345636
3020 21.83190890256756
3021 22.44452766991924
3022 22.83704342948112
3023 25.987908218613658
3024 25.674661197756464
3025 24.406350771228375
3026 26.392239441031077
3027 26.332346566747095
3028 26.70127494791351
3029 29.05425884665694
3030 29.758746948449836
3031 27.78673961447952
3032 26.111652821768544
3033 27.666642113778796
3034 28.060969528414724
3035 24.971821992744676
3036 20.58370148548812
3037 26.0560107815634
3038 23.61713222611052
3039 23.860611703838497
3040 22.126205114622426
3041 21.326436681526328
3042 20.902307963853342
3043 20.124205700166332
3044 23.510829317814718
3045 22.012465209141553
3046 19.512823104559935
3047 18.067982533015073
3048 19.244226801556184
3049 19.599132108120894
3050 17.19157565445613
3051 19.932412245477526
3052 19.939984667909563
3053 19.308400508237888
3054 19.013269767838437
3055 19.19254992827977
3056 20.797394486076566
3057 20.50164772118874
3058 18.844507660512914
3059 22.451284348435873
3060 21.346125341197435
3061 20.531743220691915
3062 20.4333347541534
3063 16.99234880245434
3064 20.446330724983707
3065 19.091625245687915
3066 19.10310348801755
3067 17.67245351250437
3068 21.935640079093517
3069 22.950465321608167
3070 25.027773470845723
3071 25.574643029933025
3072 24.537012932445503
3073 26.063335349435473
3074 25.03818284037805
3075 25.024790895308573
3076 24.11085695466475
3077 24.02606051872445
3078 21.275051080278633
3079 25.781817232524453
3080 24.883552030181132
3081 24.459894446941377
3082 25.16752453825637
3083 26.747179587840854
3084 24.850263023431083
3085 25.872841234890082
3086 27.31401847920278
3087 28.537271739890716
3088 26.41779319970175
3089 28.296559622247408
3090 29.558676390465212
3091 28.377388752151408
3092 31.593682987794157
3093 25.708214791611162
3094 26.735609609057594
3095 24.710205409262848
3096 22.70477708550092
3097 23.37650780243748
3098 24.72595211325692
3099 21.422186343970058
3100 18.958724716180555
3101 20.70084807114308
3102 22.77924305124101
3103 22.39510629867494
3104 21.20799831055851
3105 21.25598956864688
3106 18.544152006336887
3107 20.43378828927266
3108 19.791054103932606
3109 20.96774171120637
3110 19.90280705255986
3111 20.742008749136488
3112 17.207389860281975
3113 17.5477820274109
3114 17.91746455820184
3115 17.603784517027606
3116 19.409320510308092
3117 20.58169696216687
3118 20.22373043684564
3119 22.70584836475575
3120 20.35663984036197
3121 21.026179120202578
3122 21.980419283589804
3123 23.058412440493353
3124 22.4244099258074
3125 23.13199734531779
3126 20.98654729044077
3127 21.435201459403576
3128 19.477803768118275
3129 19.85101681310163
3130 19.283772483886388
3131 18.715115338644996
3132 17.916175028193766
3133 18.595758777807266
3134 17.781842636067402
3135 20.607980833674752
3136 21.01628002217332
3137 19.64134813512294
3138 21.09626996353378
3139 18.885065031958852
3140 18.254552697302014
3141 18.347478828263174
3142 17.789077360526736
3143 19.145306988885622
3144 20.225084646046554
3145 19.6006559665455
3146 20.25337920369641
3147 22.912450399807373
3148 22.344929915156065
3149 21.195341687109284
3150 22.347498943004272
3151 22.42786723847265
3152 23.26039194062986
3153 23.63410131040348
3154 21.04579839110977
3155 19.17858401374235
3156 22.480231951751588
3157 21.018720723996466
3158 21.647834218419884
3159 23.047133246119007
3160 23.137471675799663
3161 21.04192500688159
3162 22.017836160849274
3163 22.12152327421402
3164 21.495154113633983
3165 20.65623378483518
3166 24.417420132620638
3167 25.407651642998633
3168 24.460265261937217
3169 22.318671619211138
3170 24.5889790069481
3171 24.753961804550983
3172 23.82335135802019
3173 23.13834644097647
3174 23.75646208179821
3175 28.14854283732854
3176 28.69228981745922
3177 29.328761537280624
3178 25.038770965525885
3179 24.638740263272418
3180 22.89766984176986
3181 24.585228068865497
3182 24.996948914027183
3183 26.672501884856853
3184 22.7426104819754
3185 23.090131581747976
3186 23.419212905453648
3187 22.847461152153922
3188 21.775949355303442
3189 22.674496435061577
3190 24.85202123515794
3191 23.563441357155675
3192 23.47660738926966
3193 22.450718890518722
3194 24.39322633065465
3195 26.703609762463667
3196 24.075557386975753
3197 24.78437774929716
3198 22.55774994803445
3199 24.8560945666985
3200 26.11896195604802
3201 23.871143091055153
3202 23.35058525969276
3203 24.56334007317646
3204 23.664834626098223
3205 24.991439515958522
3206 23.065996315785053
3207 23.646160450079993
3208 21.51715636764717
3209 20.999342595909052
3210 23.718466735174427
3211 23.269476885866908
3212 21.77033792655616
3213 24.21419568315645
3214 19.410151485313317
3215 21.908372703186338
3216 22.874125279675145
3217 24.27054160605524
3218 26.396136609272915
3219 25.911454204196655
3220 27.36244567354472
3221 24.7925356687207
3222 25.196298805333264
3223 25.34500776980031
3224 26.862611598556537
3225 26.696322432720034
3226 30.318490224070484
3227 29.775268157013326
3228 29.529609125122164
3229 31.656719710042267
3230 27.450180253341642
3231 26.93793723772929
3232 26.02936022925589
3233 26.839694860308533
3234 25.47416025164442
3235 24.6235996031717
3236 23.29011370460237
3237 25.08983208079241
3238 24.60433385377804
3239 24.039604783872463
3240 24.95059287264458
3241 28.303170047504725
3242 26.70084172372038
3243 28.161869286712854
3244 26.124675346004864
3245 25.806179602282374
3246 24.687276446683192
3247 25.090755630617103
3248 26.66432268292309
3249 25.066984089895833
3250 23.835711808539937
3251 26.749705535309193
3252 25.54844477886567
3253 25.904856566182293
3254 25.70322086509616
3255 26.451826108745433
3256 27.04937664579626
3257 28.20198582882394
3258 26.332129758895547
3259 25.438659678267786
3260 23.432630923089675
3261 23.507084362435876
3262 26.042099005919273
3263 26.93935575087576
3264 26.8285370218846
3265 24.532590993354777
3266 25.3077386865521
3267 25.22506851327793
3268 24.94014480493282
3269 26.197762335581707
3270 27.252523463198578
3271 25.12266795932513
3272 28.276905477505988
3273 26.675881887254228
3274 27.245447970399233
3275 28.560679123307434
3276 28.449127644309122
3277 26.53608966382206
3278 25.98402931975813
3279 25.236262859348354
3280 26.261300794583388
3281 26.2919120432865
3282 22.70140263041694
3283 22.545003704666136
3284 22.764111103870434
3285 25.012298093360343
3286 23.469618634250253
3287 25.406142029988235
3288 26.10517685848421
3289 22.71661559785314
3290 24.434776128758234
3291 28.561531486509082
3292 28.592135737369578
3293 27.7150698769659
3294 25.763717946725773
3295 26.691931971676983
3296 25.678513122583745
3297 25.432993903015323
3298 27.068229706913886
3299 26.318996703247727
3300 24.055470232701676
3301 24.90626102475233
3302 26.812173958389092
3303 27.125336084708305
3304 26.88903565430974
3305 28.53004584123596
3306 25.15175236114195
3307 24.063048670819363
3308 26.67182955932793
3309 27.540230191065522
3310 25.088233898722418
3311 25.61914981674932
3312 25.30768087577264
3313 25.123289159403694
3314 24.17932749210403
3315 26.406850715935878
3316 25.493786764400838
3317 26.161196882418672
3318 24.036110273604898
3319 21.432730529928
3320 21.360164101103045
3321 23.55144730201524
3322 26.83566636627891
3323 24.01213218962986
3324 28.303465402414997
3325 28.139858618139144
3326 27.875478787541986
3327 26.966396583899677
3328 29.796628869600273
3329 31.482790022143938
3330 30.56873022718215
3331 29.487801868785866
3332 29.326382349170792
3333 28.764842174641903
3334 25.706697773716144
3335 26.545595335357703
3336 28.01251027470567
3337 27.048492107461396
3338 29.80607195266385
3339 27.699291458322215
3340 29.765351386513654
3341 31.119549127148638
3342 32.70573733536286
3343 32.83501027528371
3344 31.002583714296392
3345 30.176349005139173
3346 33.0056176217858
3347 35.153768604768096
3348 37.499077773415536
3349 36.33394908813515
3350 35.8996647076158
3351 35.98990928020005
3352 38.60225069723533
3353 35.34961645177894
3354 35.25213151059924
3355 34.60691295337194
3356 36.046536591348065
3357 36.3712193191811
3358 32.02830693692368
3359 28.843304359931416
3360 27.49980301701007
3361 28.546636841084478
3362 30.42064322963697
3363 28.395491118575034
3364 29.323102174302935
3365 32.19202283116616
3366 30.498586481618005
3367 32.53785562185795
3368 30.94343864733843
3369 29.85685641631871
3370 29.519863499941593
3371 28.827266978012595
3372 29.89623936269569
3373 30.034681553683633
3374 31.622580731694697
3375 26.150389819728712
3376 29.100069225136377
3377 28.065456929408
3378 27.89038222815966
3379 25.432385467311175
3380 24.147349008886547
3381 28.063440558486054
3382 26.622542102963543
3383 25.290213477047057
3384 26.223885961809117
3385 22.440461759321057
3386 24.20355772300099
3387 23.32725844783839
3388 23.03730207126361
3389 21.183052160313082
3390 24.554665611369554
3391 25.428447874895582
3392 26.436454242777508
3393 26.12957937228432
3394 27.32808180955682
3395 26.453732154740543
3396 26.793949917132103
3397 26.57562360769677
3398 24.71693173866608
3399 25.585269451343922
3400 26.71723676914569
3401 27.826495674466386
3402 27.890203015566104
3403 27.350067759997103
3404 26.80336752885257
3405 26.33113934235871
3406 24.834978683005716
3407 23.662867974239955
3408 25.222926002029784
3409 24.481223199001658
3410 28.538989418939373
3411 26.949072663196837
3412 27.463354268582812
3413 30.14769708161711
3414 27.913993189088803
3415 29.57110835250265
3416 28.876451670404546
3417 28.08193439981798
3418 27.776841104348577
3419 27.981563878978054
3420 27.760189379006732
3421 27.22285443638707
3422 28.473402039471534
3423 24.510279278792606
3424 24.973104298091563
3425 26.10396792602825
3426 24.951861551821104
3427 25.94549829323343
3428 24.6821105136598
3429 25.780212707293558
3430 24.438906772405808
3431 28.892096657913285
3432 27.995913836069544
3433 26.105902143045846
3434 22.08104633031163
3435 23.906229964171494
3436 22.59568234794896
3437 23.872155833092666
3438 22.38964507688182
3439 23.49996291201162
3440 19.786441025994847
3441 21.13951925947915
3442 23.635487258758918
3443 21.1882148031796
3444 23.28393936076728
3445 22.363402187785834
3446 22.432655853340727
3447 18.892205468836057
3448 19.444662962554364
3449 21.361673153815925
3450 18.951547269403896
3451 21.243096472849075
3452 24.312436210177836
3453 21.739609519807484
3454 19.487619579847554
3455 23.678879432813588
3456 22.857848774873933
3457 23.9846643336333
3458 25.03842566911321
3459 28.652821145102003
3460 28.068110261705733
3461 26.5764658243803
3462 27.28760016856273
3463 26.9614886416699
3464 26.54856384272056
3465 25.55993277421492
3466 25.74959393214286
3467 24.485761563455018
3468 25.068131079845497
3469 24.26437973205909
3470 24.78265456714936
3471 24.63967881384941
3472 26.004009718495855
3473 25.307376722612805
3474 26.20386898547677
3475 22.471468317903973
3476 25.30489213274493
3477 25.736859963154274
3478 25.19989539096758
3479 25.02010778100416
3480 23.891668924834356
3481 23.117769068571114
3482 21.497875603405934
3483 22.32655523219812
3484 24.060902697910265
3485 25.11868481405862
3486 21.957696978254404
3487 21.96929768117708
3488 24.56942673744692
3489 25.5944125278334
3490 26.55117367200148
3491 26.823862656248004
3492 25.851130649858575
3493 25.874562112066428
3494 29.6087346031704
3495 27.959903858753076
3496 26.530796902442656
3497 27.16136621578469
3498 25.208952071928636
3499 27.69707541634003
3500 26.78880795069953
3501 26.820430401959698
3502 27.71398146825691
3503 26.638521152385827
3504 25.607846825049702
3505 25.92223741485364
3506 24.047089259289166
3507 23.542826113482835
3508 23.11161058021993
3509 22.96193505918209
3510 23.52160193149142
3511 23.421009115103818
3512 23.83174166264204
3513 24.475267350156898
3514 22.657347513844222
3515 20.673374165802198
3516 22.417156757037954
3517 20.8261093822518
3518 23.68344061379438
3519 22.818205482817586
3520 23.35634467769918
3521 20.74338505233182
3522 22.612542106177514
3523 25.591880369156836
3524 23.63185318609194
3525 22.606470130448898
3526 25.303007514545303
3527 25.11208438220244
3528 27.01180166705447
3529 28.871917756048685
3530 29.14101326230875
3531 27.188083330574763
3532 28.17301020199209
3533 26.996748032958923
3534 26.063848056276687
3535 30.719963124433733
3536 27.97345872002819
3537 30.11277401829287
3538 30.407195014016818
3539 32.15043599260047
3540 31.148464987865555
3541 28.340704101396746
3542 26.3308775867949
3543 25.61703846829849
3544 24.611744837298748
3545 24.852218350986387
3546 25.69194090006818
3547 27.47132985613975
3548 23.643745816080347
3549 27.18650634845861
3550 28.934709874344602
3551 27.59265244146514
3552 26.770116550376507
3553 23.03822796691632
3554 24.773993004917003
3555 26.145263231201838
3556 27.150832039916803
3557 24.652941250987485
3558 25.068706588301204
3559 27.271788780135378
3560 24.542262320666715
3561 26.232257280706833
3562 23.933887243269137
3563 24.07234041097226
3564 22.80981877012651
3565 22.27246352030244
3566 18.358929947781377
3567 21.357310868046543
3568 21.13259018854109
3569 20.74281280812015
3570 17.615992161162037
3571 18.28757957062398
3572 18.15572977181702
3573 18.268109966607415
3574 16.63843675874283
3575 16.47361083669955
3576 18.65417374054003
3577 19.638588467093083
3578 19.174947396666138
3579 19.97810968171273
3580 17.46867880488272
3581 20.04071766408002
3582 19.599361091015645
3583 18.867362108797163
3584 15.481952991598634
3585 16.72971787609564
3586 19.084964204415105
3587 19.678350354248593
3588 20.502937791569227
3589 20.940627054663928
3590 20.856988938803507
3591 18.054362092663826
3592 20.746786227493367
3593 20.93709051261479
3594 21.671702926302075
3595 18.696337237267876
3596 19.202853222133072
3597 20.277113943052854
3598 20.73930452125877
3599 21.131808281436914
3600 19.613110391774228
3601 20.86030275124347
3602 21.180612166059852
3603 25.292140543236037
3604 24.38133477743607
3605 22.420370655136843
3606 21.926027656510485
3607 21.559015061546795
3608 20.23572242594906
3609 19.75041386305609
3610 18.417488671544557
3611 17.42490608269499
3612 14.241403417563115
3613 13.808962023761755
3614 14.932461842741187
3615 10.472836048815012
3616 10.875571003423289
3617 14.379210406095348
3618 12.321248839330751
3619 10.478410493406138
3620 10.131454177528845
3621 12.391730991507954
3622 12.513988043733972
3623 11.772184113434658
3624 9.151740740055295
3625 10.825080879554234
3626 9.732751394112237
3627 8.799259018478198
3628 10.037678449039914
3629 10.287127930070179
3630 9.300873196156761
3631 10.636958201970392
3632 11.138819065987587
3633 11.498423187673648
3634 11.801824958703826
3635 11.422657682345141
3636 10.895782143727713
3637 11.12993564934854
3638 12.44268044482489
3639 11.885907279604702
3640 13.026363174048491
3641 14.131047480514395
3642 11.951998905963068
3643 13.042403376149732
3644 9.560072484354903
3645 12.22105240399706
3646 12.169403699087253
3647 12.021545912519905
3648 14.528606280076447
3649 16.18512665242291
3650 15.287056595068151
3651 15.117567478947361
3652 15.01783462496675
3653 15.447018923362723
3654 15.49675175371343
3655 13.989324544893849
3656 12.437047020590283
3657 13.825338278515645
3658 15.314409234764133
3659 13.670557857667655
3660 12.471947101490885
3661 13.23724990848625
3662 17.01414674592675
3663 17.446259844774694
3664 18.124293903393202
3665 13.405508174822364
3666 14.12534785910568
3667 18.074912176083263
3668 15.639099326161205
3669 18.043028604783608
3670 15.863490755775997
3671 13.859859765701211
3672 13.747790813103272
3673 13.141967395619336
3674 11.818887283106875
3675 12.586139901634711
3676 12.497314699730824
3677 12.16494374370838
3678 10.97562257345093
3679 13.431197970226886
3680 14.82551496449627
3681 13.316500306397808
3682 14.550121688140658
3683 14.168323798706849
3684 17.672807463520318
3685 16.504218601457477
3686 14.682154237351074
3687 14.649935990373711
3688 14.87950157982579
3689 15.936275119641753
3690 14.119713303869
3691 13.56974253378513
3692 16.26269213446877
3693 14.899434222459357
3694 13.848738377683576
3695 16.112347114159547
3696 15.088031402035508
3697 13.421765586762577
3698 14.107484650476318
3699 12.154036270917128
3700 13.083919016646279
3701 11.178009066881275
3702 11.660000151307365
3703 11.145889949253167
3704 11.914068817019036
3705 10.801112343233797
3706 10.57847611119011
3707 10.077134268978808
3708 9.366900695412763
3709 9.47310686951545
3710 8.47990455402871
3711 10.838428753900363
3712 9.225580499402003
3713 9.171297022831203
3714 9.697918996800544
3715 7.416090291688203
3716 7.923861867509596
3717 6.796051908886619
3718 8.423471659768792
3719 8.562183940593105
3720 8.514631225373114
3721 8.905985972261023
3722 7.722153209103652
3723 7.832318661009973
3724 10.661486566937256
3725 8.02998400570375
3726 6.372597009009176
3727 10.664542889937648
3728 8.886080664218658
3729 10.340801316990683
3730 7.256803387768269
3731 8.678445994041883
3732 9.65866527299937
3733 12.361023320672883
3734 11.175511179831975
3735 11.289935542072289
3736 10.54141203106104
3737 10.57453923819449
3738 10.895057577998939
3739 9.07986960703612
3740 10.851288963952666
3741 8.875712520172462
3742 9.950591102404445
3743 9.639194487168961
3744 11.220838981053078
3745 10.846262414998996
3746 11.490226480401608
3747 11.829808334084243
3748 10.8520857569585
3749 10.106401399745648
3750 11.061916121772146
3751 11.553020122689482
3752 13.113510489661012
3753 12.954558375898898
3754 13.34609459658306
3755 11.295701423650458
3756 12.074742319985914
3757 9.573665783617264
3758 10.285890200781694
3759 10.308016874856294
3760 11.32254228075769
3761 10.942814562820246
3762 10.592783890414172
3763 12.324424982910502
3764 11.2254816398215
3765 11.66857443473766
3766 8.600025608368504
3767 9.53192872087084
3768 9.398575057662919
3769 7.887290350766775
3770 11.905921423924639
3771 12.061134491722513
3772 13.524146515261803
3773 12.076616760549035
3774 14.287729412741722
3775 10.818586051114137
3776 9.308699472494443
3777 10.997968218748838
3778 11.960559469359403
3779 12.741434720541463
3780 11.792803479213374
3781 11.348576664233759
3782 10.983328596776287
3783 9.590541267289723
3784 9.496252088787852
3785 9.267679779628477
3786 10.00118141625538
3787 9.86256093226001
3788 9.134646656831357
3789 8.849151127476587
3790 10.927312432329103
3791 10.18180067484036
3792 9.005577814954282
3793 9.404729546859643
3794 9.624957430809234
3795 8.343616185126153
3796 8.717388184945362
3797 9.081797956124927
3798 8.460994050045969
3799 8.819650615835185
3800 7.537136464909354
3801 9.736876515895972
3802 7.873242045965939
3803 8.936706444285601
3804 9.307504621967894
3805 8.48528352487762
3806 9.597634430445275
3807 9.097533412809968
3808 9.879693799823368
3809 10.480690807312024
3810 9.770681540596074
3811 8.46081631720368
3812 9.325297489903015
3813 8.638373155408226
3814 8.098387610450201
3815 8.7545947527923
3816 8.117717859912593
3817 9.783134995004673
3818 9.801366972432927
3819 9.335934243662981
3820 9.892731721494517
3821 9.566372517922371
3822 9.452223151566127
3823 9.145554111986902
3824 8.339669407375863
3825 9.6037090792262
3826 9.359318388983166
3827 8.726285826609596
3828 9.021970138093026
3829 9.072325018818875
3830 8.411521622486203
3831 7.751610282239109
3832 6.552135943898132
3833 6.001438908861338
3834 5.994227828356072
3835 4.851368954193969
3836 6.340869323119769
3837 6.309294424885264
3838 7.105372055607644
3839 5.474638049865787
3840 5.747190921670959
3841 6.77942241590891
3842 6.702253038061712
3843 7.554346263319282
3844 5.175876814975842
3845 7.7131576013224485
3846 8.143652909486786
3847 8.59886762797766
3848 6.603639173149164
3849 7.6500178518239705
3850 6.5314643147691624
3851 6.892133163823268
3852 6.4545110509123
3853 7.059782735357083
3854 6.565959626116433
3855 6.729205558946684
3856 7.136527905761744
3857 7.1730931496364345
3858 6.990511384736816
3859 6.920661120810865
3860 6.262584645700747
3861 6.514745457518993
3862 6.741976612442884
3863 6.443787206529913
3864 6.705235362154137
3865 6.36538630245673
3866 6.1542140305448925
3867 6.670884778688508
3868 6.286323268457356
3869 8.253716692384858
3870 8.244716766571646
3871 7.582735742457544
3872 7.640232994629545
3873 6.738040781452425
3874 7.782009485499896
3875 6.479640895712393
3876 7.276058564504112
3877 6.7611240051885915
3878 10.21176174044168
3879 8.938411399073155
3880 6.687308292521054
3881 5.981437400514408
3882 7.338168247530912
3883 7.4561521469467475
3884 6.286477193207822
3885 5.7081707201141505
3886 6.102188961967978
3887 6.4179028798770945
3888 7.607821655820449
3889 7.091572023877259
3890 7.2622576328653805
3891 9.012339702423212
3892 8.550403107252503
3893 6.9153592756804905
3894 8.258967582571055
3895 7.045594086555289
3896 6.155074906680248
3897 7.460588113295408
3898 6.672634289232113
3899 5.794864637481475
3900 5.986625938775078
3901 7.012271962857326
3902 7.870041339473334
3903 5.94060627901436
3904 5.7916749397417915
3905 6.212032546428837
3906 7.348520689212577
3907 7.9879958092585115
3908 8.116362676563025
3909 8.517215793785178
3910 7.635964875549799
3911 7.959644505976252
3912 6.599808971166399
3913 6.898696225667763
3914 8.318946141267082
3915 6.130590100084462
3916 9.133236969066726
3917 6.965010615613497
3918 8.636518798321122
3919 6.765530082217021
3920 7.466263090112226
3921 7.1051893834504245
3922 6.614389307839266
3923 5.858993152100705
3924 8.045463138646776
3925 6.775908009084401
3926 7.356136417359561
3927 7.122185750292049
3928 9.181130267918169
3929 8.37956833878545
3930 7.372540650428675
3931 9.279207480314
3932 9.681167771383638
3933 10.693620613647438
3934 9.443917368177251
3935 10.354516036181328
3936 13.472113241709362
3937 10.283907808143907
3938 10.040854293501708
3939 10.15365323438367
3940 9.48535647672272
3941 9.506529091656207
3942 11.035963482572667
3943 9.13891230255173
3944 8.021031849830488
3945 8.831203412169232
3946 7.2487276078560425
3947 7.046113115263919
3948 6.710144608937905
3949 8.260518606799321
3950 8.881936395586422
3951 10.081150703557162
3952 9.883155122206343
3953 9.847013847867048
3954 11.492552824370666
3955 7.664575015183046
3956 9.660864628152831
3957 11.59224245546865
3958 9.344523053346261
3959 10.775814840491883
3960 9.338840495410018
3961 8.627817636016555
3962 8.521194791513429
3963 9.211767461596638
3964 8.369375332401319
3965 8.8463773988933
3966 9.642249550124841
3967 9.582751478273169
3968 10.567969946850635
3969 14.24939097585637
3970 11.552541117560743
3971 11.090508257304803
3972 9.876498828528531
3973 13.090043950981709
3974 12.85445731940202
3975 13.44346623725543
3976 12.001413764403665
3977 13.605155890410188
3978 9.884509611151561
3979 9.741728750048514
3980 12.842279137612348
3981 11.328268400679935
3982 10.546284206626144
3983 10.00607568425148
3984 9.468655651066534
3985 8.621049036526063
3986 7.392998257200798
3987 8.449056711372304
3988 8.534702774588308
3989 7.01875481006779
3990 7.114952399938335
3991 8.268061399095828
3992 7.412892777561707
3993 8.539729832658393
3994 7.729500719491906
3995 7.307172784087781
3996 7.648524398428908
3997 7.747061809391445
3998 8.022837610936241
3999 8.851620218688362
