0 15.947476399348206
1 14.253747516502925
2 14.680742896483187
3 12.874941929171964
4 12.673383839281199
5 13.94192449413981
6 13.807899877175432
7 13.857022625317276
8 12.783026394015964
9 12.093506178847539
10 12.523194470986754
11 12.139638436470701
12 14.114528056178358
13 13.910115272771593
14 12.862742182034225
15 12.548094077743437
16 12.853826739102479
17 13.060370013723304
18 11.712788664089235
19 13.385886608795806
20 13.505536906551644
21 10.103652899964416
22 11.333358499154064
23 9.984720123854396
24 10.641624034930521
25 10.958541274740252
26 11.15005110125505
27 10.947266564505794
28 11.124240486116147
29 11.277144831830606
30 9.832951379616004
31 11.403341889249138
32 12.794866616039911
33 11.877646415634619
34 13.280163981974475
35 11.46020398690504
36 10.255703281551103
37 11.28345554191147
38 11.93001373570536
39 11.49230069088796
40 11.593413174688093
41 11.30475243027527
42 10.500974744684516
43 8.048693238267424
44 11.462547510337632
45 13.07847380069078
46 14.728068258497675
47 14.974045325299361
48 11.880754473050027
49 13.410761344903099
50 12.5901640054778
51 11.448556390037776
52 11.684815334895431
53 11.361758566934745
54 12.967333118223358
55 12.75891509264623
56 13.226652149085641
57 11.727341253349685
58 9.732626502792314
59 13.013718654447104
60 12.937286539043306
61 13.060048220587557
62 12.220865254375035
63 11.137377924596834
64 9.753913590384908
65 11.226263788149325
66 10.964435946005683
67 11.371634450601919
68 10.5356982557975
69 8.979190440778904
70 9.778211599017151
71 9.192945784115654
72 9.901484034649831
73 11.672995355658072
74 11.846360908568133
75 9.371923749215513
76 10.606198750327112
77 12.656068454984272
78 10.826717900017217
79 11.06850834271588
80 12.684797070266923
81 15.95984699122407
82 16.426492750191027
83 15.334439367395838
84 16.53542367807257
85 15.838988983095481
86 14.900284803311145
87 13.886096505422694
88 12.038109006741365
89 10.662176893094937
90 10.08996129276671
91 9.419717635318902
92 10.454731004351325
93 11.279368056279846
94 11.990195346496575
95 10.637360197885847
96 10.249236495348764
97 10.033489988787089
98 10.995293502956766
99 10.045529592982001
100 12.860686600755283
101 11.41748388332553
102 12.11384725303074
103 11.05186930953024
104 11.264738377504173
105 10.056674418641348
106 10.014388380635998
107 11.640697630996359
108 10.914877659358067
109 11.162264850033543
110 11.439918561801749
111 12.451827731509404
112 12.973582227477658
113 11.649434331346654
114 12.383133250232992
115 11.88323880547511
116 12.049319166411161
117 10.564571447687928
118 10.864879023990833
119 12.973298170359266
120 13.922237079456758
121 13.527804872408062
122 14.930301613176798
123 14.694569735707423
124 14.484924923140651
125 15.458855568951634
126 13.340592684681011
127 12.277537855533424
128 10.951799998274941
129 10.977027754662556
130 9.395768490465937
131 9.652678078802452
132 10.231363854823844
133 9.38977506520639
134 9.579496822643632
135 10.233306860926392
136 9.215179145039244
137 11.658885760991438
138 12.415816937061763
139 14.83275258634611
140 13.718108279240727
141 12.291959384973191
142 11.39055225686706
143 15.343268941898675
144 17.098867986009594
145 17.50582469957748
146 13.25717898377038
147 16.33926137463636
148 17.022836949270214
149 11.177332204318434
150 13.06293299717815
151 11.763167876909582
152 10.487513109327285
153 12.407054710103267
154 13.075119626217484
155 14.52865557020122
156 11.47183309903141
157 9.438809210463068
158 10.319301963464754
159 11.281501309737278
160 9.915818945645405
161 10.460503675455467
162 11.445881581909559
163 9.877380642775579
164 10.232057562020008
165 13.146636192188824
166 8.476160469624975
167 9.752798750700926
168 9.98781572996472
169 9.80959330311265
170 9.429656023352807
171 9.286310435407081
172 12.559459307815224
173 8.242979167038383
174 9.760396128355373
175 8.853728631499116
176 8.2686302606611
177 10.547727347248498
178 14.09503928281773
179 11.469386272209682
180 9.892837335221737
181 8.734062290659978
182 11.515087507003903
183 10.574003753267503
184 11.308763573343194
185 11.003273093605412
186 9.493008341689405
187 13.975962274098539
188 11.743274997959713
189 12.756098329389852
190 13.760279076551306
191 13.739330071000618
192 18.174441475898206
193 12.815370766384445
194 15.28050288939167
195 13.534058190353566
196 13.621860932153469
197 14.9776758377373
198 15.05877526027512
199 12.758193959435284
200 13.395353556329555
201 12.914254891078013
202 13.333330425313973
203 11.826575687353593
204 12.009056426758315
205 11.127811604509118
206 15.831846997407506
207 9.788700716978381
208 9.819980885437083
209 13.703494742039364
210 15.114486640117896
211 15.422911994421364
212 18.977199596478012
213 16.194607785713742
214 15.874831267818294
215 14.67198158909855
216 12.642490646333819
217 15.953369309589263
218 17.100888934248896
219 12.657404809383213
220 14.071763712377763
221 14.01923492571772
222 13.76503544187987
223 14.609375799335117
224 12.239895105664298
225 12.59570363363944
226 12.163793344526574
227 15.12609934501705
228 15.1119445837601
229 14.269157209804714
230 16.293831653277955
231 15.638123675476033
232 15.267246116021107
233 14.701779470746509
234 15.00602764966577
235 16.354985009883894
236 16.26189437475324
237 17.170227716298484
238 17.117706268415425
239 16.583503874932816
240 16.256010127973948
241 16.858750705582732
242 15.601629462721487
243 15.504742914193026
244 16.555686570728433
245 16.631546181025655
246 16.851229062674594
247 17.188227849043813
248 15.868165752163346
249 17.7882817817636
250 15.895022930381318
251 16.613404200790303
252 16.112138521585866
253 17.53430900110095
254 16.3326298039051
255 16.461188162268044
256 15.72708724290145
257 16.274890664310977
258 16.66068217796209
259 16.227875204560217
260 16.605704271602487
261 15.982508136849685
262 14.47058065219041
263 15.059745396935485
264 16.15722735321287
265 16.879853949815413
266 14.687330281079396
267 15.952593507120037
268 14.35014687412912
269 14.38636634847227
270 14.371160859460916
271 14.322788504199012
272 14.68933493059985
273 15.130285609771018
274 13.60292759270692
275 13.183546709059607
276 14.764399775744714
277 14.922710058435202
278 16.495607993315755
279 16.31275339780249
280 15.836174438822043
281 15.158620460979666
282 15.471414799917834
283 14.73688697718081
284 16.468306802327383
285 17.77063074098713
286 17.351573353780022
287 16.3864520814066
288 17.746725137144438
289 17.280823253416354
290 17.92188495282524
291 17.150659862934234
292 17.010499774385273
293 18.061524576144713
294 14.611780581841938
295 17.02600944153827
296 13.724631699541957
297 11.768290914577737
298 12.568479613374434
299 12.05054721901607
300 12.002975096117762
301 12.221085576466947
302 13.299378868139907
303 13.763914692820753
304 13.2583050730601
305 12.825932455950088
306 12.753843719831872
307 11.385336761466998
308 14.754882199549286
309 15.555525649414273
310 18.331523169538947
311 16.28711558106493
312 17.679802806401568
313 17.090888515524
314 16.068782187536534
315 15.523855268866017
316 14.628635869941101
317 14.536366946604186
318 14.978945040476514
319 14.16226846351531
320 15.201804759046505
321 15.230200528881076
322 14.005389805289443
323 15.755776677220656
324 14.914110870720299
325 14.808872659035378
326 14.403764188572175
327 15.337864719799382
328 14.69616147122729
329 15.025899358066695
330 18.57921868580746
331 16.763390449649492
332 15.015974611329598
333 15.041745316401514
334 15.38366509270589
335 14.290105076891283
336 16.01956877337247
337 15.066840610452513
338 17.06300713477844
339 15.932320780588233
340 14.618825758507034
341 14.47712846275044
342 14.264374871481325
343 14.319161642047973
344 15.407730058096371
345 15.237128683096909
346 15.561097606599626
347 18.115921766675562
348 17.30401918219921
349 16.32555518711313
350 16.31829630162455
351 17.120556503787935
352 17.601577454860966
353 16.82797871696387
354 16.555202004927843
355 16.51450652698274
356 15.73546761942557
357 17.927619801220292
358 15.922941632890028
359 16.55569109410416
360 17.33860994612077
361 19.8784881026279
362 16.936956279246523
363 14.348656321499965
364 16.149766803273337
365 17.250910275879566
366 17.866185035107968
367 18.83277577019633
368 15.56451876593052
369 14.063107364062576
370 14.797617803730356
371 14.66527243399449
372 14.635893779970706
373 15.036077417719595
374 16.30209976824488
375 16.664888599019335
376 15.419787729950965
377 16.814399564191014
378 17.642404637129854
379 15.356220693578303
380 15.024969596330555
381 15.560998744371027
382 15.920883279805734
383 14.84130293863205
384 15.464435539178185
385 15.844078692329683
386 15.456706931242469
387 16.029341679498188
388 15.705433611341114
389 18.186324469907312
390 18.81115554894833
391 20.119096678719337
392 19.133801731692422
393 18.48395288961423
394 19.96058864101108
395 18.762816702732263
396 19.437946573610713
397 15.182960409439634
398 20.388779932005896
399 17.29906731257822
400 19.007924861640358
401 18.718141129325893
402 24.457328408640063
403 21.45789103112454
404 21.16305957137121
405 23.825663458399227
406 24.672177005588743
407 25.84327807683523
408 28.68496981520793
409 23.11778662353867
410 25.353548354192576
411 24.682317145086042
412 27.45490711611265
413 30.625022023481275
414 31.046537168970033
415 30.554172727710913
416 24.893456541238745
417 25.476253623918275
418 26.84480585088679
419 27.47211742044788
420 28.115093332262465
421 34.600819054173634
422 30.29406925282329
423 26.33249483193537
424 25.78302223494945
425 26.470253008813707
426 21.452583169249557
427 20.138674042396225
428 23.361833059659304
429 20.62628471202203
430 22.120571681485618
431 21.790127798643763
432 21.241563731831075
433 21.070451723524762
434 22.056533763325582
435 21.167837513915877
436 20.804168613369818
437 20.047569084896868
438 20.028770070544166
439 22.037691760878527
440 21.025665215063068
441 22.25000848574026
442 24.384436143864555
443 16.818758764054042
444 16.633921826012276
445 14.803911876958223
446 13.638034755591036
447 14.63018267237428
448 15.4296783162569
449 16.179208504095495
450 17.88106681241918
451 17.874427395383073
452 19.029618929192864
453 18.751233478563364
454 18.964154216335917
455 18.685820907601894
456 15.754599608010071
457 17.231492291018686
458 15.279354204232066
459 15.425536145864797
460 13.661678652187007
461 12.751846596156456
462 11.50743813696607
463 11.799388664495758
464 11.66545010910075
465 9.713392525748997
466 9.020327808471682
467 11.03213230638644
468 7.803970764646526
469 13.045720720470998
470 13.371292832910942
471 12.966408004209656
472 14.969052021946421
473 14.422553673074544
474 14.655458939018668
475 16.88726117306264
476 17.343566899792094
477 16.93301416474143
478 13.862034786081473
479 14.07371776593895
480 16.10679350335334
481 11.095737949590967
482 13.268860750622357
483 11.885865962537851
484 11.208100905438293
485 8.168088474683836
486 11.811072982376954
487 9.833134041926618
488 10.249186864500285
489 10.804802894978407
490 11.213620241720504
491 11.868931068283942
492 10.675406546070219
493 12.048437569900614
494 12.87495394389976
495 13.832873636060727
496 16.46526028204147
497 17.311844764896993
498 12.429927709157832
499 11.438156979197117
500 12.708161392351684
501 11.54796570047156
502 10.221122079264696
503 16.910226604651534
504 18.13312497782878
505 16.43535509109043
506 13.701594413257538
507 17.825371222667616
508 15.663381711458372
509 19.06038299948576
510 20.366250061389398
511 18.254261605341537
512 18.843588542596194
513 20.240481397376797
514 14.43898975797161
515 15.23401683933856
516 16.192420180021504
517 18.6881123448811
518 18.637299955638138
519 17.54420069649936
520 18.097003762829058
521 18.650968267388997
522 17.100053003415464
523 16.83172853027399
524 16.999605710304103
525 18.894161842723303
526 20.760778651728604
527 17.52546577089702
528 16.566543108803106
529 16.499112153183276
530 17.009238048954643
531 17.10216828524224
532 17.735084660188498
533 16.560723630624643
534 19.285521783481038
535 19.271180159562117
536 18.34049007571165
537 20.96580588854782
538 20.16455473949405
539 22.529875929584943
540 20.84698486692199
541 18.835678507040623
542 19.759721750151176
543 21.303523702796742
544 22.507039490484395
545 20.546481543923054
546 23.195514899021234
547 21.195142682278068
548 21.529189062904656
549 19.023965684079016
550 17.832482044119587
551 20.548186299164424
552 18.545153729779134
553 20.510581695061298
554 18.845287203328642
555 20.58819349824398
556 20.23423019217145
557 23.88976989337466
558 20.661606900658054
559 18.012618089697227
560 23.568749478020845
561 22.289717924866903
562 19.899865384169317
563 23.170541491553713
564 23.8445972410588
565 23.76216017669105
566 23.752516459759747
567 20.66555500578959
568 22.84642628464304
569 19.2784128810692
570 22.656139421855517
571 15.174921943958532
572 12.012657842312715
573 11.314331693129526
574 12.692536701592356
575 11.763139971857633
576 14.30472197306645
577 13.973243626757093
578 12.674695961612978
579 12.480506393818734
580 12.745935475402007
581 15.224364029038455
582 17.22442484551687
583 16.031684679585513
584 16.28535590639857
585 16.529872909796
586 18.672718769034
587 19.861204699216024
588 17.729835299652528
589 13.931628753195408
590 16.93748156641664
591 16.214399677995676
592 10.936189833269953
593 18.214844390897895
594 16.76206668767549
595 18.650860735281082
596 19.08495104403472
597 13.905842265553767
598 13.918769169371382
599 13.612666922250568
600 11.469680505277765
601 13.799437408246183
602 15.296311453571304
603 17.201859964046044
604 17.760552666850636
605 11.301642844739797
606 13.239704031164473
607 14.7152581930171
608 10.517071169360511
609 14.430755812254993
610 16.204788817384294
611 15.710736440385634
612 20.752730863514344
613 16.327844915461867
614 19.737366398156333
615 19.68576665498574
616 19.001300174043106
617 16.39560909955115
618 15.436487569649929
619 15.715902784201687
620 17.117329184093094
621 16.175988014139666
622 19.07513313450312
623 19.73074027968978
624 20.874723792910412
625 20.186831547950177
626 13.647353639112074
627 15.15165913940346
628 13.182769349430675
629 13.164968098701673
630 14.977953943816368
631 13.599456996261859
632 13.441243505290494
633 14.73979299491725
634 14.988180088057396
635 14.346719061290147
636 14.050356213082084
637 15.816290354699076
638 18.591486115291563
639 15.231247838592669
640 14.698884933928017
641 17.582232332453003
642 16.723793163301345
643 17.658191586263644
644 18.353130526689508
645 17.782370961886834
646 17.257834090626098
647 17.665407056995452
648 16.887116398560583
649 17.19659916502161
650 15.225977375174038
651 17.926073710396807
652 20.35145133059958
653 18.390178063505672
654 19.46973846984932
655 20.591910938303815
656 21.309688360644834
657 19.84952414029355
658 23.232677779035903
659 18.831056740986842
660 19.907972454795214
661 16.640153548763074
662 14.88513098894854
663 16.929764276106447
664 15.679890563374341
665 15.622215794950149
666 17.148951930843978
667 16.181895238303756
668 14.441483428723862
669 17.824202800310886
670 18.994842593498685
671 18.192231799930063
672 19.996301299535922
673 18.368629747658012
674 19.18324546033791
675 14.035375796924662
676 19.587225727358238
677 17.76143659034973
678 17.258956045326467
679 15.846965156746702
680 14.445568170452681
681 13.435219323895494
682 11.71628887951374
683 12.924039868466776
684 12.978137165385823
685 12.720675817958732
686 13.304704707995807
687 15.942344996801257
688 13.785065017540937
689 13.821670612610653
690 15.430035115965453
691 14.497904255377243
692 14.821298062529973
693 15.540882408750594
694 13.251245623658779
695 14.873363823351893
696 15.099886225498675
697 14.69592463321262
698 16.044706736975023
699 14.991772269585889
700 16.793287735940556
701 17.489422770438647
702 19.042551580205075
703 21.009878525609107
704 20.40405658091571
705 21.3886263128781
706 21.037144272320628
707 24.21150611732457
708 27.89049222411462
709 27.282100893827156
710 27.10508428657583
711 25.264677981548314
712 19.68442144531606
713 19.975905328954184
714 19.00440640623375
715 17.337493814325367
716 13.035070389706005
717 14.948123113912128
718 17.11032733084829
719 19.314917097844486
720 18.44346218368091
721 14.591389795949802
722 15.115005018988985
723 16.072289508950607
724 13.168553139901801
725 10.035195110170507
726 9.555988381761624
727 10.900659813797116
728 12.07933806009998
729 11.662855835584685
730 12.854273999316977
731 14.188585412343185
732 12.52052750943439
733 13.021825838429283
734 17.873244642103206
735 16.232656313308283
736 19.10461819938727
737 15.239655640296121
738 15.270740376922179
739 14.261948950370325
740 12.307184833377981
741 12.46836492831691
742 11.422048605331458
743 12.407321767533812
744 12.998853290076584
745 12.78528414088712
746 12.378752959217005
747 13.269816472313664
748 11.75004942231837
749 11.697038647997111
750 12.510650721661435
751 12.428125164444422
752 11.11901872779671
753 11.681428107382041
754 12.022964742249856
755 13.453895277929002
756 12.913701241971484
757 14.402932513727247
758 13.941121094823108
759 14.437208590350117
760 13.302928096391794
761 11.894411549829478
762 13.723654171398218
763 13.033708665282663
764 15.004815615229726
765 14.43015289699254
766 14.82335211216103
767 14.68910191167506
768 13.862042087196112
769 15.032173807215035
770 13.710591736183021
771 12.265317680684664
772 11.905021568812701
773 12.084978852529922
774 13.726023145866842
775 14.829728819768658
776 14.567958981820587
777 15.27420731724765
778 15.088265241681357
779 15.103024835073931
780 15.2508147174345
781 15.100403005611573
782 14.244184164546558
783 14.853874722747326
784 15.146001639440613
785 14.772281494498086
786 15.657898844194724
787 15.104432847767322
788 16.34228536397672
789 18.08479593058715
790 17.290046485997827
791 16.394470000178455
792 17.54005483346844
793 18.41850335015298
794 18.52347575256536
795 18.388935630367996
796 16.23206798326109
797 17.4326324755201
798 17.447025417621912
799 17.846266175453326
800 16.287218262414378
801 16.03580440031804
802 16.077741386873086
803 18.017352229194117
804 17.95646102759767
805 18.50217278197915
806 16.281787727508423
807 17.1843995295007
808 15.434283172125896
809 17.19608514074667
810 14.991306897004126
811 15.756721247580858
812 17.344164202137627
813 16.14522609090507
814 14.251559015826311
815 18.15001112538675
816 19.233194092199348
817 14.97052448851116
818 15.6178923122529
819 14.782223262705314
820 18.36886598128669
821 18.247824017010505
822 16.56765247211276
823 23.24330684996715
824 18.992028520026214
825 17.907974370776603
826 22.81767160761237
827 21.572366338941517
828 20.052837549806682
829 17.63533638975636
830 18.239357619088317
831 17.88732174166657
832 20.018645636079675
833 20.592668361570517
834 20.568527513207787
835 19.14691268176197
836 19.4811288797866
837 19.767935833172597
838 22.389480757938117
839 16.015406094838543
840 18.021654629177167
841 15.587398844350027
842 15.825497894024572
843 16.33990036959962
844 16.952669853242966
845 16.864141620467755
846 17.97345505287756
847 16.21106187922262
848 18.76515325735578
849 18.946099829764915
850 16.123650995127708
851 17.146508048209565
852 16.146961245803375
853 16.4129275692172
854 16.23583551832159
855 17.309500927266967
856 12.229316324350586
857 14.3331539522533
858 16.208175784624334
859 15.99871586638074
860 16.621824610339676
861 16.729899053313645
862 15.891626659097481
863 15.774296995437368
864 18.06745402314416
865 18.042672648232504
866 20.51067164827072
867 22.947988048514613
868 22.435533999473364
869 23.454441056288896
870 24.64586120278051
871 22.885093172796818
872 22.68427375795185
873 21.319963661658903
874 19.186569417070032
875 20.07923874607515
876 19.30627521715165
877 20.417845434984894
878 19.807235466896934
879 21.36705607578105
880 20.039477741321278
881 20.946887208616776
882 22.632566308499772
883 22.726551235795142
884 18.917426767920638
885 23.905272334604263
886 23.787729352347004
887 23.74662415808941
888 21.65405525032259
889 25.102255093350408
890 20.836463013139152
891 25.13592593814696
892 26.440673306219708
893 25.504710187940834
894 23.219114589230568
895 20.943478168479306
896 21.209003808154694
897 20.182593510352483
898 16.2704667246969
899 16.716789878075
900 18.347228760953826
901 16.399340627096027
902 19.903116119942336
903 16.690994672795014
904 17.625320278174335
905 18.169752665058624
906 18.037327875877416
907 21.777548076449254
908 16.182679972854938
909 19.038308702531616
910 24.953626843557384
911 20.53879252814958
912 21.260340329969274
913 20.12098113274884
914 20.491095109730495
915 20.781035291055666
916 25.273834106093272
917 27.287259363050648
918 23.43424790804334
919 24.177685618860473
920 23.27964815791664
921 24.082300747484414
922 24.23176814234868
923 22.059775682927242
924 25.264055606824407
925 23.641999016694292
926 23.960510183106813
927 23.223422937144722
928 18.289266118786735
929 25.604441517595088
930 22.982774258636933
931 22.881246466286317
932 23.254920993170934
933 23.46074002519936
934 25.42007335487103
935 23.851200618458964
936 27.86900584143417
937 25.840443391284904
938 24.519224568648976
939 23.387884690795662
940 23.949412702868013
941 29.072542032652336
942 23.38465263614234
943 22.05753792537296
944 19.419132259435163
945 22.949334411532668
946 21.873404854576773
947 22.07292199936791
948 25.44250688939533
949 24.726850371037113
950 26.60913472465593
951 30.669020042835427
952 28.45202653688688
953 20.52707912307714
954 22.376050634602443
955 24.816321297801945
956 18.739707381814494
957 19.8681304441972
958 21.08413320891594
959 21.337862951914232
960 18.73767728995096
961 24.36432063371373
962 24.541354978732006
963 25.811642837472334
964 20.830563856892073
965 22.986045046317308
966 20.230696324004903
967 15.160488308298294
968 16.513403682227572
969 17.847546816735548
970 16.908395689596947
971 16.884145624604393
972 20.721954084415213
973 15.960650029653566
974 14.320177548040148
975 17.4561729261896
976 16.03798279582662
977 11.405181950366906
978 12.806904725427772
979 14.213691156401596
980 14.090857719029538
981 14.060961458385371
982 13.756565331437868
983 14.67406598960052
984 14.196933992694564
985 14.475557695713514
986 14.713952588845583
987 13.169602375240421
988 13.721662275399858
989 14.838294570424257
990 16.35405209669356
991 16.47588363379405
992 16.218803808062624
993 13.975446008584258
994 12.48311230089094
995 13.656811382426257
996 14.11256960417206
997 11.8209283925048
998 11.763725056662533
999 15.068621082742414
1000 11.462051181003565
1001 15.958584830735639
1002 15.150056370482377
1003 16.550612188478006
1004 17.073638847689644
1005 19.997757897704215
1006 22.9329307521307
1007 23.621768706085696
1008 18.470365526765296
1009 14.699361389316795
1010 15.41089287890838
1011 13.631457518189855
1012 14.237846080219812
1013 15.048531857175167
1014 13.813351571987848
1015 16.115481247537797
1016 14.652216410169379
1017 12.443978708119722
1018 14.463768645634552
1019 15.79597121430609
1020 13.67035916681776
1021 14.226554889694123
1022 14.619572983485378
1023 13.74790811905324
1024 17.450568991904994
1025 16.296415228563067
1026 15.332117555507386
1027 14.500713340183873
1028 13.65058477399662
1029 13.91278036251856
1030 13.479308755589175
1031 15.063662830944807
1032 15.352695297073112
1033 15.6362122637011
1034 12.094231929234889
1035 10.384903076407875
1036 10.852841130501462
1037 11.713084329691405
1038 11.348388607484772
1039 11.074770729688865
1040 11.421759803106735
1041 11.716518536138663
1042 11.465114999697029
1043 12.457307908009243
1044 12.426986738416348
1045 10.695191953690642
1046 10.054884800460211
1047 11.84716394888283
1048 10.467991481481585
1049 10.891268484294772
1050 11.950182200324356
1051 10.72615677719774
1052 11.126949207202413
1053 10.53280048211199
1054 12.109207680431439
1055 12.004565633987221
1056 11.388270506494164
1057 12.025294641991469
1058 11.884693250120685
1059 11.320369139949433
1060 11.407652849076603
1061 10.296589278390947
1062 11.939561474144941
1063 13.08706946178311
1064 11.269051932161853
1065 12.761336635018987
1066 11.013787209616728
1067 11.466751520725722
1068 10.532250829353151
1069 11.773074829100526
1070 11.152404351437472
1071 14.294819034224895
1072 12.287028584820915
1073 12.246815169100472
1074 12.06614947221993
1075 11.715054489995236
1076 11.533185057856906
1077 11.134544676512027
1078 13.573258155828107
1079 14.078692730570788
1080 16.37251859567187
1081 18.031204513406053
1082 21.265621973536152
1083 19.628426716793932
1084 15.156627264677471
1085 14.979190377465637
1086 13.502495377260129
1087 14.017103799606375
1088 18.43547934656633
1089 18.080891786992318
1090 17.285374941955688
1091 14.41059306066849
1092 13.90243801606621
1093 13.554857141900008
1094 13.849948534201792
1095 12.837414064779594
1096 13.544035041260406
1097 14.00270615970509
1098 14.380070091400473
1099 15.130573011231714
1100 13.27854955878642
1101 14.653743980892461
1102 13.233756080326229
1103 14.005651337722608
1104 13.576719715561788
1105 14.533456773183202
1106 14.085517252377254
1107 15.302504913304043
1108 16.085185641047875
1109 15.92434884676591
1110 16.4650060030979
1111 12.437628000862743
1112 11.691192688128496
1113 14.277864109130576
1114 12.081643206513231
1115 13.96812176707899
1116 13.000508845374936
1117 12.408230895914723
1118 13.615761522922819
1119 13.453728987199538
1120 14.924460553462701
1121 13.073246727397954
1122 12.468809802988376
1123 13.268047680978553
1124 12.55263526341775
1125 12.483211700603178
1126 11.911536644987901
1127 12.344779809402725
1128 13.881371802449648
1129 11.781642182543504
1130 11.84551343569862
1131 12.581824118905136
1132 12.571269872037622
1133 11.755430365877663
1134 14.356743452635648
1135 11.743010806938452
1136 12.319868258068782
1137 12.809696816973632
1138 10.390401373967197
1139 11.028680356264532
1140 10.51710281418603
1141 10.367141583719194
1142 9.831161595902731
1143 10.278720434915735
1144 9.662580128975362
1145 9.823689915799665
1146 8.998748371391338
1147 9.555547727642834
1148 9.343627175365558
1149 9.973012649935972
1150 11.866634597904543
1151 11.581133250631055
1152 12.46956720013975
1153 14.023190536721692
1154 12.733788577317293
1155 14.439321951602146
1156 14.612827612984317
1157 14.030036766929635
1158 12.886077498286204
1159 12.571678407862828
1160 13.31061409612382
1161 16.12670707462604
1162 13.033074863031231
1163 13.116227077495106
1164 11.887704252196736
1165 9.251345479777804
1166 9.816021201412612
1167 11.554790898224105
1168 8.396120097927602
1169 8.293163694686463
1170 8.406165053168413
1171 8.119604693781648
1172 9.878914329588932
1173 9.254336248748704
1174 10.358458234421725
1175 9.771830879532
1176 10.443840247554254
1177 10.60267978181597
1178 9.028140321667458
1179 9.222782829223698
1180 10.234144353819246
1181 8.955047094375795
1182 9.701139100073584
1183 10.606163861457755
1184 9.88840264797602
1185 10.775988679021873
1186 11.030718382812363
1187 12.383635640038856
1188 14.750970040704015
1189 14.948018990859167
1190 8.434239268732647
1191 7.503183340640004
1192 10.301366140874757
1193 9.775079127937294
1194 10.126039711764438
1195 10.135434659984151
1196 8.846197933434116
1197 6.923546869323743
1198 15.146694525523708
1199 10.822379259918426
1200 11.782019602832232
1201 15.131821540163708
1202 12.629594876647062
1203 14.497565357949119
1204 14.584966647170132
1205 10.10608728904842
1206 11.006469098196856
1207 15.911843343876813
1208 15.603513546965777
1209 14.455247694938935
1210 14.010832769482432
1211 13.20365975860367
1212 14.689827078414945
1213 14.52885315972287
1214 15.317014499367119
1215 15.963065313554473
1216 14.039837882051733
1217 14.349679657734272
1218 14.289442071639044
1219 16.20725810838079
1220 13.840481551750718
1221 12.057456648222903
1222 11.93291402519991
1223 14.137776402025242
1224 14.241314543097436
1225 12.005745891562485
1226 11.57501179198778
1227 11.815078404698909
1228 13.537942310763746
1229 18.741776860425784
1230 17.110232962417818
1231 13.644628077987845
1232 14.092542574086874
1233 14.948107400024996
1234 13.447128069721593
1235 13.552263004599485
1236 16.0892257000778
1237 17.21694849548862
1238 17.36726881442481
1239 19.89172147131361
1240 16.611281475046017
1241 15.940309285331262
1242 15.645382223710925
1243 17.007117093605203
1244 15.33106147694265
1245 20.651977301987824
1246 19.09558994501649
1247 20.32649233048826
1248 20.751164106064543
1249 21.60552817095286
1250 20.795770283365748
1251 25.545886129154916
1252 23.133750552150108
1253 22.452589448354246
1254 21.099316111498354
1255 16.137306805859005
1256 14.308949152520682
1257 13.585955919738414
1258 12.689788650822972
1259 14.714264217294096
1260 13.52989900109217
1261 14.736281199259762
1262 18.80204796990438
1263 14.607989495386645
1264 13.98259368788109
1265 15.952526860930107
1266 15.636401012609857
1267 15.318310443035452
1268 15.940575880333226
1269 12.499876672337919
1270 11.898517386749766
1271 15.95807538991777
1272 12.25468947477229
1273 15.50034592565968
1274 16.902798615290283
1275 17.06234852912993
1276 17.18532948864468
1277 16.48649659313811
1278 17.986905285149234
1279 16.634625264494396
1280 16.478310189382437
1281 16.096500722640187
1282 13.863435065955603
1283 14.226011950849033
1284 15.36037708657421
1285 16.75722468031115
1286 17.350926350714502
1287 20.623730570294832
1288 20.187524572046254
1289 18.80890327195007
1290 17.84508007898559
1291 23.855146849250996
1292 18.818455934620218
1293 23.340948893586095
1294 20.00473274817686
1295 18.18651326447148
1296 12.183658191812375
1297 14.830519027619017
1298 16.07467591483047
1299 15.903151219988523
1300 14.123518542681639
1301 13.265158637970952
1302 10.676455371699044
1303 10.629581974889323
1304 10.736150034881721
1305 11.514434237061518
1306 11.716272679434708
1307 12.748200753955167
1308 12.690895086764899
1309 12.594843287077806
1310 14.461126762024444
1311 12.442370339087622
1312 11.149356318257288
1313 14.63828761493984
1314 14.212155668391144
1315 13.28585922558643
1316 16.17276355136722
1317 13.276769272141168
1318 15.697028301128347
1319 17.928543248600757
1320 20.356243854406813
1321 20.938654172371653
1322 23.42774418380073
1323 17.92751408807658
1324 15.589030514506815
1325 15.531516187101811
1326 16.841423731327485
1327 16.678695807777267
1328 17.140059573701105
1329 18.633178592446292
1330 20.808190915561877
1331 18.086974009412685
1332 17.894200813114505
1333 19.5897885419162
1334 22.76291139766546
1335 17.390417126523225
1336 19.325582796961417
1337 22.958628935512184
1338 21.686059095695278
1339 26.421768678226286
1340 22.688660559519448
1341 22.10276537185289
1342 23.470024314134463
1343 21.508295346023857
1344 21.14189601184985
1345 26.379904118686387
1346 24.75840358077335
1347 24.44475131790853
1348 24.670886670065414
1349 25.22321570306189
1350 23.41050131367283
1351 22.18647572258385
1352 23.748945531385253
1353 22.631959141041264
1354 24.635728075556443
1355 23.549874639408138
1356 25.462992451956712
1357 23.33559133137349
1358 24.342574800396395
1359 23.01378868992616
1360 23.87187393251263
1361 22.340438566494747
1362 22.13253766581419
1363 23.892574204851705
1364 23.55197685649993
1365 23.60553454510165
1366 24.79316729151747
1367 22.339798971320466
1368 22.358738284543975
1369 22.594728277446745
1370 22.951887073194047
1371 21.790512190389496
1372 21.349752442126267
1373 23.93299388025381
1374 24.859506343512223
1375 22.362187495200292
1376 22.515081047209147
1377 21.310072828349497
1378 24.548737561982552
1379 23.424867849818522
1380 20.951007224895964
1381 21.676758013450446
1382 21.849450757760444
1383 21.972163188117253
1384 24.78625559447555
1385 24.4732688960646
1386 28.594314759515555
1387 26.576916570240463
1388 30.394393851147953
1389 28.7419727014515
1390 29.119159725567428
1391 32.9685251243442
1392 25.700698065229673
1393 24.079277359930806
1394 26.357844706415523
1395 27.774022331909094
1396 23.547035211480793
1397 23.57457184012501
1398 22.7738356355993
1399 21.754954569022196
1400 19.732881024498074
1401 22.163456061081376
1402 20.130661162444188
1403 22.441049177510727
1404 24.202746735326404
1405 23.226149886968354
1406 24.56116256836395
1407 23.40508623450472
1408 24.456364667837995
1409 23.438303401211336
1410 17.811522422689265
1411 21.02180942627214
1412 19.93610478086085
1413 24.64759905213901
1414 22.47275437688955
1415 18.377981667268475
1416 22.679941151024078
1417 20.38426121559757
1418 20.481837842821996
1419 21.31959107776753
1420 23.833054183449903
1421 23.141515721284115
1422 25.93624449116462
1423 24.760692539912153
1424 23.71310342128773
1425 20.43300689528949
1426 22.59747733708499
1427 24.139718387093154
1428 21.174571770301004
1429 23.138986777022392
1430 23.302496958154407
1431 20.074397905224103
1432 20.833106603530716
1433 21.67449080812688
1434 20.691236160795228
1435 22.586440039689062
1436 16.80143440148052
1437 18.168294159685573
1438 18.937229144430887
1439 17.538429386735178
1440 22.24661920037457
1441 22.382203853147963
1442 21.699525350994957
1443 22.36296665710201
1444 23.698991201886752
1445 24.13649982043793
1446 18.476360308910902
1447 19.052879567358843
1448 22.130731386631318
1449 20.856560394828318
1450 16.53734839536415
1451 17.461253741176513
1452 18.471946116920787
1453 20.796589620918255
1454 18.08806415055872
1455 20.389768942004917
1456 18.992884697056095
1457 18.73807795198162
1458 21.9635163244322
1459 19.804404128191525
1460 19.919695045350103
1461 18.53303649760066
1462 17.230299147958025
1463 16.316010909544087
1464 17.646469583718993
1465 15.15881071095777
1466 16.56637016449979
1467 15.841846923885774
1468 16.22172816669593
1469 22.201657464485027
1470 21.04635388955537
1471 20.059182901041645
1472 21.445841031316142
1473 22.03633404359259
1474 19.766797135280594
1475 18.943985371521
1476 16.682511936576315
1477 17.22795160288836
1478 16.46608911535119
1479 20.193887475061793
1480 16.595481167444166
1481 18.689101130777924
1482 19.279086934962045
1483 17.671208404896817
1484 17.75654054141034
1485 21.615966572388263
1486 22.247039379025964
1487 20.668982069918417
1488 18.768028226392175
1489 20.810305347489066
1490 20.60900248962488
1491 20.56819976944766
1492 19.982390537132023
1493 19.19868513468145
1494 21.90951439968319
1495 18.109236320855103
1496 17.46821139484754
1497 17.551295587197746
1498 16.156525033395635
1499 16.94686358670383
1500 18.213459110120564
1501 16.27738359547301
1502 17.30691375816436
1503 17.333696006462446
1504 15.172631341401411
1505 18.370382658877773
1506 15.353772433447933
1507 15.991308668515872
1508 18.482079258051492
1509 21.22547939592846
1510 20.494257784125537
1511 20.279504918517567
1512 18.758910707469962
1513 15.939808126181811
1514 17.211852016123522
1515 17.95732703583578
1516 18.44376759470042
1517 20.66560535566359
1518 21.379724160807918
1519 21.425508720169045
1520 17.221418897300847
1521 23.06308636475064
1522 18.908877313937737
1523 19.9379510853612
1524 20.279072800891196
1525 22.845005183948093
1526 24.613869549645816
1527 20.34523190843963
1528 18.028685860043108
1529 18.435968005109928
1530 17.522872003200565
1531 19.128899804865508
1532 18.516958057019856
1533 18.6457088410419
1534 21.87303977211364
1535 22.36689639074093
1536 19.971433551102148
1537 17.771420721977506
1538 16.634126512412198
1539 18.60317990737594
1540 15.60284920492061
1541 18.889120576750628
1542 14.197910105175856
1543 12.665049061801284
1544 12.38927624774051
1545 16.24147913750599
1546 18.208447437674433
1547 18.550463307747336
1548 18.916753051773775
1549 17.367628386390184
1550 21.7230872827749
1551 22.23612468131249
1552 18.982523247138595
1553 20.216236946942388
1554 17.957729150532998
1555 22.258443558312212
1556 19.396961814975864
1557 22.041652897123697
1558 22.886670539693306
1559 20.389926770356645
1560 22.505713004211255
1561 20.71155446568368
1562 22.459287014532162
1563 18.521092374264764
1564 21.859462316162304
1565 20.788520430320318
1566 21.901211612979523
1567 19.762954737762396
1568 22.87519391059338
1569 22.497808634881043
1570 25.88947457935821
1571 24.54787095646052
1572 22.335080029050804
1573 22.203084044108746
1574 25.816357212992546
1575 25.03900463475551
1576 25.914724793174802
1577 26.860042031541134
1578 22.88082470387126
1579 20.763199153665262
1580 19.67130713855883
1581 18.280708750174227
1582 18.9447608613718
1583 19.744995605412687
1584 18.898197379067344
1585 20.43623698722409
1586 18.990361741472046
1587 17.861344160159057
1588 16.26514363090043
1589 18.842509147143932
1590 19.285415650536706
1591 20.123997042106797
1592 19.886177246308623
1593 22.714246503532728
1594 21.11003088494771
1595 19.219509434202486
1596 16.58393960724212
1597 22.028000999562792
1598 18.26466012702261
1599 21.706901754406097
1600 22.96970077767897
1601 23.746391031957334
1602 22.314975552457494
1603 23.967294719852546
1604 20.89786007221705
1605 19.21105701290967
1606 24.135748953159084
1607 22.77981555947573
1608 23.494248964264006
1609 22.35521437019634
1610 22.53501255258
1611 28.129780276858114
1612 25.98640860841032
1613 25.82652679623069
1614 25.52366563262355
1615 24.580043399837137
1616 27.963942549089705
1617 26.769642102950797
1618 22.93320311951177
1619 23.937184498742887
1620 32.33952623170417
1621 30.758955992635112
1622 25.05828322075178
1623 30.330295577594654
1624 25.528897114081946
1625 25.193852557621753
1626 17.25941933830183
1627 14.49116491455402
1628 18.743151626010086
1629 17.478553346755568
1630 16.01079018460671
1631 17.072052691349608
1632 20.228972147552263
1633 20.12385630778005
1634 17.79272070403728
1635 15.2808707025944
1636 18.447968794099452
1637 13.014608016975005
1638 12.225100270751241
1639 14.467466781850353
1640 14.421111957784456
1641 14.263857411850381
1642 17.407940154088728
1643 15.99796716224821
1644 14.340984917999704
1645 18.10578612118263
1646 20.86566038015116
1647 17.429572280027443
1648 17.19944561943665
1649 19.928722158315765
1650 19.091471566438504
1651 22.183205624426783
1652 20.817804899588747
1653 15.356193684365072
1654 11.435678829256533
1655 15.8549609520516
1656 16.198303933258586
1657 14.434419695188826
1658 14.661560372052577
1659 13.806848768094259
1660 14.706332321615877
1661 15.633512826229461
1662 13.647859867873384
1663 13.870137524108808
1664 15.009790616691857
1665 17.32619162218967
1666 15.940137857378065
1667 17.87989075967055
1668 15.858838269840456
1669 14.545959155451705
1670 15.410237743544846
1671 15.228734596531764
1672 18.181696667531668
1673 14.000738599773108
1674 13.644654342196569
1675 12.052741983608291
1676 11.573228414239422
1677 12.072004331384177
1678 10.279785647177846
1679 6.893275155872874
1680 9.363366029060154
1681 10.198019944208166
1682 12.400048508481
1683 11.060951656207282
1684 10.04492452430427
1685 10.033951239221823
1686 8.681136198612244
1687 8.124033185311564
1688 8.333211791663611
1689 8.496539180068126
1690 11.376562644512179
1691 13.82157179498951
1692 13.096414757875694
1693 15.447436756457646
1694 15.364315311026932
1695 12.402212579126617
1696 12.299831636444186
1697 12.30835303624547
1698 11.51360901956711
1699 13.116499768752334
1700 11.811070730370076
1701 9.335965900888715
1702 10.381790249911806
1703 10.984800826423456
1704 11.788088653208577
1705 12.509253799198317
1706 10.965259213088721
1707 12.253884153812347
1708 11.550058727524338
1709 13.182250484179546
1710 10.742946269291265
1711 14.68428796217554
1712 13.824230499817535
1713 12.662727716029469
1714 10.032517791147798
1715 8.220581868831598
1716 11.139701143491715
1717 13.432721963141148
1718 14.632816666972435
1719 14.143570994622715
1720 10.278736064022418
1721 8.869598401235121
1722 9.754117583350993
1723 9.572285716898254
1724 12.106991560336619
1725 10.462309998389214
1726 12.101827710023475
1727 10.89080058487582
1728 10.347149991607058
1729 11.038304962021355
1730 10.65500341150976
1731 11.574305856821363
1732 12.730283563453765
1733 13.621121811893461
1734 13.584871774176845
1735 14.263390460249045
1736 17.486687369873305
1737 14.905546413410006
1738 16.92601871844559
1739 17.082609158882423
1740 15.8409397450988
1741 17.74117703790445
1742 15.520906373416889
1743 15.682464799067015
1744 15.85380139369767
1745 14.931948659312814
1746 15.808866909766461
1747 15.778094252689957
1748 16.073110658954814
1749 15.76376959126385
1750 15.547276080185634
1751 15.980055037727343
1752 17.140891366440876
1753 16.680663314952064
1754 18.041037171980847
1755 20.34799194160285
1756 17.340196159885473
1757 19.949752713214487
1758 20.557678218978598
1759 20.98068410665265
1760 19.541814718091455
1761 18.768265442924164
1762 15.153773653555005
1763 17.290154660618075
1764 15.968520850165616
1765 13.917329362450044
1766 15.118177716640059
1767 13.950114176468427
1768 15.049947190844781
1769 14.784576976970763
1770 13.31965912426003
1771 15.749127671379773
1772 15.382872543028896
1773 14.880307542022315
1774 14.684181322155183
1775 15.23417653261695
1776 15.498884510427846
1777 14.359257553528614
1778 16.221916197049055
1779 15.395241867742508
1780 14.729015909012038
1781 13.9389370667194
1782 14.735781413281822
1783 15.567890351993054
1784 15.088666948606058
1785 15.667378110447352
1786 16.000125862218578
1787 16.42313624073946
1788 15.550346952435756
1789 15.050206085644145
1790 16.46017384695831
1791 15.902048208972062
1792 16.22008487521742
1793 15.034132680561736
1794 16.212512427593712
1795 16.3467683743598
1796 16.99015041607568
1797 16.741001862476338
1798 16.27586255526465
1799 14.990477264348717
1800 15.61646436246935
1801 16.00698539119641
1802 16.050718045940325
1803 15.380513934830306
1804 13.967848480642505
1805 15.69103721548142
1806 14.666620239814609
1807 14.608283265884172
1808 14.98198173761592
1809 14.922703153142718
1810 13.39883098217384
1811 17.903213330988986
1812 17.438741703251818
1813 19.329208906729523
1814 18.881567852758973
1815 19.121826100087407
1816 20.357448566765388
1817 17.42737953747292
1818 18.574930651672517
1819 16.720977943179594
1820 19.755767443414996
1821 18.951048316926524
1822 18.61683393020467
1823 20.086860094238205
1824 17.445731814460164
1825 19.876422022023828
1826 19.67433309107884
1827 17.217195511733358
1828 18.3599289325823
1829 16.77359772413663
1830 21.063718311480915
1831 20.115025132521776
1832 20.139490461678275
1833 19.155142113396344
1834 19.418057236048742
1835 20.275418571523108
1836 20.615297661778374
1837 21.32486960200127
1838 20.59280356849711
1839 22.206747810648693
1840 21.895624218005473
1841 20.155076389606975
1842 21.696470843614467
1843 21.91677993462411
1844 20.232283527595595
1845 21.575791890702718
1846 22.43811727267504
1847 21.78663367472321
1848 21.82147573133106
1849 21.24951243955822
1850 20.613232518307314
1851 21.00384823298557
1852 18.73771088257533
1853 17.40078882325002
1854 20.370590841068882
1855 21.04925304715548
1856 20.604098986018247
1857 20.86653905661627
1858 19.542724801587347
1859 20.320692399982196
1860 19.42927840603063
1861 20.72404105963713
1862 21.17862672415347
1863 18.748860772391946
1864 21.313005176112807
1865 21.37550919373089
1866 20.880359224795914
1867 21.341778515988903
1868 22.95811754757724
1869 22.642856633199635
1870 21.733766144728015
1871 22.829759623242893
1872 19.061288182927523
1873 18.530212876535657
1874 18.851848052020934
1875 17.50844336160558
1876 19.231347370741524
1877 17.426282874192292
1878 17.483616570979883
1879 16.643791228081206
1880 18.374961725832318
1881 17.532546303654815
1882 16.71700114904135
1883 16.67502207052674
1884 17.296308781849852
1885 17.820963788377142
1886 17.810013454202796
1887 18.00727768303372
1888 18.053170330677137
1889 18.12671106396956
1890 17.543554271582092
1891 18.018528617593354
1892 17.877232460288926
1893 18.26284174252701
1894 16.955109809573273
1895 18.38384780152787
1896 17.108608723476465
1897 16.744439791859076
1898 17.488972021152687
1899 17.86633843766227
1900 17.604820452052557
1901 15.781425633745902
1902 18.768548650888743
1903 18.253806989505293
1904 17.891175651321728
1905 17.451286018558495
1906 19.572721869933602
1907 21.605721575515968
1908 17.434367148312482
1909 19.182758620174717
1910 17.739297089643696
1911 17.520495532923846
1912 13.643931409282306
1913 16.8261700638249
1914 16.128044601156766
1915 16.244480955430706
1916 14.660106739914673
1917 17.38503018129642
1918 17.81594178922152
1919 18.773269042308595
1920 19.31857012789288
1921 16.812876308192052
1922 17.788012712090225
1923 17.07663268956457
1924 18.762576382541308
1925 19.73381929863436
1926 17.759369504365374
1927 18.664718647589883
1928 20.26841679937299
1929 17.704353523726034
1930 17.414669201827806
1931 16.6319472292809
1932 16.52423759003975
1933 18.276589359033128
1934 16.787668304110625
1935 17.354181162545565
1936 17.672862876984997
1937 14.13053955028952
1938 15.064700562507007
1939 15.574606134886107
1940 15.640202972196732
1941 15.500434601298018
1942 15.6760760121211
1943 15.401519190911577
1944 14.930310279016497
1945 17.476471822332783
1946 18.10628899886369
1947 18.50411936720904
1948 18.842404552372795
1949 19.614881747717316
1950 18.774104408952606
1951 17.646412464629638
1952 16.385905563858472
1953 17.204202851441323
1954 16.058792954662405
1955 16.753370711229028
1956 16.862955913456346
1957 18.07826612308557
1958 17.301248521929836
1959 17.150176555690607
1960 18.25412760769728
1961 17.72734673118562
1962 17.700340945115734
1963 19.68725789681712
1964 19.741800704829153
1965 17.994512610927412
1966 19.623816097080617
1967 16.982742026663548
1968 17.195995713488635
1969 17.647558072822335
1970 18.85144692121719
1971 21.30612866419645
1972 19.048432332201916
1973 19.134855310831743
1974 18.759913927427355
1975 20.416330276641965
1976 18.259632718668065
1977 18.079895770200416
1978 16.114269308917333
1979 14.079454688115785
1980 12.471129874448314
1981 12.495959453298228
1982 18.02200372180459
1983 15.908495022123002
1984 15.971469496100436
1985 15.631213291108683
1986 19.612218461576305
1987 19.532985440061903
1988 18.1628461495779
1989 17.249500610040766
1990 18.53451410852529
1991 17.460764478938575
1992 19.087845216160762
1993 17.08713002226362
1994 14.58174139268066
1995 14.33561210873711
1996 15.76683884465702
1997 15.042503848237436
1998 13.822144703828982
1999 12.595904006767006
2000 13.001270096249646
2001 16.044407374287715
2002 14.865940991662791
2003 15.011195180339975
2004 18.11519456047748
2005 17.610652622043993
2006 17.652440541905268
2007 17.05018198219144
2008 15.31863775751805
2009 15.65758877465271
2010 15.367242548823326
2011 13.759236121679459
2012 12.54708878252388
2013 13.198472100776453
2014 12.666630087327837
2015 10.753906464698913
2016 13.611524230677391
2017 13.777052729755694
2018 12.981760361914805
2019 11.758833714104524
2020 11.923299014516179
2021 9.481208384207182
2022 9.986542370902225
2023 12.060465018197558
2024 10.690957312712827
2025 9.086071929810098
2026 9.385525232934041
2027 9.80421338057384
2028 9.557963774565287
2029 9.012101903319937
2030 8.029913965251126
2031 4.31343166553323
2032 4.492677974627595
2033 4.182486485045822
2034 3.6546871766197992
2035 3.4481530113868404
2036 3.2806320227663357
2037 4.922547406241214
2038 3.9195890399844138
2039 4.9280805623767625
2040 4.539357598923178
2041 3.7882659067538764
2042 4.720806965055148
2043 6.00264161612746
2044 3.537069497361418
2045 4.304998332611944
2046 5.777942487848693
2047 3.5581989600879913
2048 4.192671209227041
2049 4.171988901538912
2050 4.05298998080819
2051 4.644878173908464
2052 5.314493402111834
2053 4.118240863562671
2054 3.836918995210016
2055 5.2993371368458915
2056 3.7876586272730512
2057 4.257288155542551
2058 4.320891950780346
2059 4.031325886140436
2060 4.2046436674861605
2061 3.549414567789716
2062 4.19851828460011
2063 4.431127579319837
2064 3.8705496963205612
2065 3.6917484647160457
2066 3.3489737136443507
2067 4.20366530272114
2068 4.160559947272336
2069 4.131233172047234
2070 4.1899997833449
2071 3.7523430036935452
2072 4.670351807470969
2073 3.938514511989292
2074 3.4162593072022474
2075 4.39854970283679
2076 4.152562557116262
2077 4.053649629547601
2078 3.9902511869494615
2079 4.14070343933703
2080 6.349178130698546
2081 6.273670753480824
2082 6.2412632892567075
2083 5.824427237943081
2084 6.508909896325594
2085 4.178146593726296
2086 4.377474710258573
2087 6.013629736484629
2088 6.339428247296572
2089 6.436305686048865
2090 5.91936262615445
2091 4.59688540903799
2092 4.332737466711349
2093 3.9642464554459886
2094 3.743697380280234
2095 3.3842995564722105
2096 3.893908817909044
2097 4.280963811299404
2098 3.802308980458527
2099 4.125544305765376
2100 4.251515678213302
2101 4.031636742161665
2102 3.179444634546827
2103 3.8437107900281364
2104 3.319856554965963
2105 6.486703564400176
2106 3.841584252831505
2107 3.985522850032651
2108 4.028683820606309
2109 3.3395538356320347
2110 4.042399353531848
2111 3.406959523734096
2112 3.377405823137448
2113 3.859785231096246
2114 3.8640270796176934
2115 3.4174741103040827
2116 4.211192732633107
2117 3.8175944054252433
2118 4.147287911027954
2119 4.094564447314464
2120 3.6311732854303913
2121 4.060988820402687
2122 4.115520898617799
2123 4.163438048679714
2124 4.0685826418373665
2125 4.083052523416344
2126 4.20554744481738
2127 3.739743392327575
2128 4.185379737945191
2129 3.7745317482874556
2130 3.7347499293512847
2131 3.715720086375944
2132 3.5690238054045174
2133 3.7571508635831377
2134 3.5556076397069942
2135 3.436551480446675
2136 3.7476898683204403
2137 3.207247834818092
2138 4.439725586435426
2139 4.078834990288569
2140 3.4860427299376857
2141 3.6254229771814965
2142 3.956497403775205
2143 3.710060831076222
2144 3.794080706832399
2145 3.3916928506575363
2146 3.8008507388651953
2147 3.607586833825429
2148 3.6691896408809956
2149 3.4831554472555335
2150 3.276784472291115
2151 3.497540364379779
2152 3.8064701782963875
2153 3.415979243709954
2154 3.350883754780624
2155 3.68437811520922
2156 3.5038048964397257
2157 3.4834770097164798
2158 3.4188576874509646
2159 3.816132233784156
2160 3.276264686512227
2161 3.4201996289749372
2162 3.3741006535026923
2163 3.403984773708608
2164 3.569808868271775
2165 3.5576036112383
2166 3.5647770233004747
2167 3.355898257797235
2168 4.292536776985449
2169 3.54159303048039
2170 3.2736665896423283
2171 3.7627591852569395
2172 3.5181151706864573
2173 3.6363200272241976
2174 3.7577277177892605
2175 4.015008664733387
2176 3.7481417814583526
2177 3.8186049823290102
2178 3.865560327495457
2179 4.0932210361248496
2180 4.091579238435509
2181 4.174771163933436
2182 7.25151596728418
2183 7.230039396436827
2184 7.287699444551087
2185 6.657184018587626
2186 7.544398045135534
2187 6.569662503857921
2188 7.788296907526592
2189 8.221404650562867
2190 7.090640050645041
2191 6.228301509963183
2192 5.861444876601498
2193 4.762764525397632
2194 6.586431935705356
2195 6.8701749358661965
2196 5.103121302410079
2197 6.055759756771671
2198 6.360128896891375
2199 6.899706409551597
2200 6.004997302166604
2201 5.924098628746474
2202 5.92093912301055
2203 5.861438448573124
2204 6.3106086080581445
2205 4.472600622952878
2206 6.009248359780153
2207 6.204188684091324
2208 7.4049023646161904
2209 6.255683323585478
2210 4.7459981010324075
2211 5.938591764461352
2212 6.000514527913239
2213 5.5639595138001425
2214 6.4070556108725665
2215 6.065693729650212
2216 6.283430637501747
2217 5.169060158020508
2218 5.880292880839422
2219 5.677435606689759
2220 5.116270227105243
2221 6.465440797599546
2222 6.6049441116742
2223 5.878243478676112
2224 4.260734396946652
2225 3.4991937633235515
2226 3.6673462441380322
2227 3.6212047627910042
2228 4.0693783682593505
2229 6.142533166565749
2230 5.5091159630580275
2231 5.506539778732621
2232 4.690749317200421
2233 4.900076178451101
2234 6.08298020420834
2235 5.283561671048781
2236 4.089588841455807
2237 6.106021004847828
2238 5.856866985483691
2239 4.924796873514571
2240 5.845547137805855
2241 6.060875580622644
2242 6.463481134132753
2243 5.810265134247583
2244 5.291319986861647
2245 5.874991432349703
2246 5.041609939098081
2247 6.5580581542340575
2248 6.069706715727013
2249 6.502765042820254
2250 5.5743599871889735
2251 3.8985363701760796
2252 3.6264826246477377
2253 3.2870624050024695
2254 3.4327325832112443
2255 3.78890139304652
2256 3.547682931821596
2257 3.2745387857082564
2258 3.863329927085268
2259 3.332982374105447
2260 3.4308073193036366
2261 3.7399374881031733
2262 3.4159376303939117
2263 3.730360978736657
2264 3.454178728546279
2265 3.825643207520347
2266 4.354436006646999
2267 4.3179730896631945
2268 3.972498482761764
2269 4.413309601186439
2270 3.7483502431847713
2271 4.415974218686323
2272 3.274550677790306
2273 3.5791162312965676
2274 4.448475261351452
2275 4.0179566097159425
2276 4.536623012830325
2277 3.495576839834192
2278 3.7564712454937768
2279 3.7520195565341083
2280 4.124618914480125
2281 4.222474820080085
2282 3.8833458718658087
2283 4.2796756936336715
2284 4.107018335338654
2285 4.125209848711471
2286 3.9893581346988505
2287 4.16348922865074
2288 4.1966308047427
2289 4.337529501702853
2290 3.3327796735590023
2291 4.273705454402019
2292 4.118629249401488
2293 3.870096366644273
2294 3.230402981982822
2295 3.948755309166628
2296 4.397327054306709
2297 4.231939117082358
2298 3.9698939478397515
2299 3.9630238544271257
2300 4.3761854557377555
2301 4.1145197071477
2302 3.899402126812209
2303 5.024109621801449
2304 4.449460912353357
2305 3.4622616373696764
2306 4.015759499451718
2307 3.9437319385782406
2308 3.273948806657409
2309 3.4199428685219346
2310 3.398984428680172
2311 3.972803268040977
2312 3.642130336463671
2313 3.3535253374934624
2314 3.190706908706132
2315 3.1822924897953753
2316 3.3168467869663956
2317 3.5652650807232353
2318 3.3915561530186835
2319 3.4222336950319265
2320 3.3152321921027244
2321 3.3781612762226274
2322 3.265218936602699
2323 3.864658561674961
2324 3.3489571282665143
2325 3.3535232961678147
2326 3.4337917291146183
2327 3.8520627031052004
2328 3.2061646505414574
2329 3.380686537324798
2330 3.22015796233103
2331 3.4696244265646063
2332 3.382391653615268
2333 3.283629231010528
2334 3.3435909873704412
2335 3.2679049754693525
2336 3.439657742917961
2337 3.527235913871175
2338 3.4170371746358943
2339 3.529399261086845
2340 6.025421150008026
2341 8.058083061940057
2342 10.023805543582633
2343 10.014050799783279
2344 8.44014038254821
2345 10.884062645741048
2346 11.069203522246315
2347 8.948329223537305
2348 11.252930500402003
2349 11.308602089771005
2350 9.08053145651856
2351 10.355071392436665
2352 9.701149747220892
2353 9.994974585064366
2354 8.254756254793161
2355 7.628624534740196
2356 6.955297616518949
2357 7.183094736084926
2358 7.502081433769001
2359 8.314170905714299
2360 8.089830800210752
2361 7.8091584449027955
2362 7.923514191435766
2363 8.294601260616362
2364 8.584696812746724
2365 8.654682549690587
2366 8.820450081920045
2367 8.683008846183359
2368 8.84350300296832
2369 8.813450485746325
2370 9.455897969179503
2371 8.925586521876557
2372 8.792835217288994
2373 9.746520290852269
2374 7.218256774144847
2375 9.128534774898858
2376 9.338703681810752
2377 9.644481551093508
2378 10.009716539091706
2379 9.437848869175038
2380 10.488075232664752
2381 8.958506972946253
2382 8.306115226156399
2383 9.198843555890234
2384 8.707580334798113
2385 8.260318396661303
2386 7.772461476743373
2387 7.339209633482281
2388 8.11089908486877
2389 7.272147392388481
2390 7.596412110562581
2391 8.216797555720387
2392 9.349431119516225
2393 5.771745890871623
2394 5.730622966903593
2395 6.451173074250582
2396 6.924672311049859
2397 7.581589983349563
2398 8.731914859002057
2399 8.663551010997105
2400 7.620293043714847
2401 8.816434247686015
2402 8.377128894181498
2403 8.104850180075161
2404 5.491341234888667
2405 7.211664913802599
2406 5.676197650984917
2407 8.833635229243402
2408 7.28257506837524
2409 6.02496466457051
2410 5.465936958874491
2411 5.616806899772741
2412 5.043372587776075
2413 6.603714823349897
2414 4.927481785495925
2415 4.975144092321358
2416 6.581103564470645
2417 7.054871489928824
2418 9.17027512941585
2419 5.75603614281162
2420 6.14608068904648
2421 8.181484506112579
2422 4.743602135153707
2423 7.395554583116068
2424 8.705801721358764
2425 4.364121533322708
2426 6.864202177406613
2427 4.94339835236711
2428 5.682978623463694
2429 6.886551635884677
2430 6.404813806191415
2431 5.80526239290936
2432 5.041471542280207
2433 5.920890295140533
2434 6.839889192519807
2435 6.056211321499834
2436 6.111996774985342
2437 4.469839644513663
2438 5.779639962851538
2439 5.845217418509294
2440 8.434018792506999
2441 11.574902170383886
2442 5.514603505026938
2443 8.613315335360374
2444 6.8360068362957485
2445 4.6721802080211265
2446 4.773168213307052
2447 6.675543853521469
2448 6.48940730056105
2449 4.720573654716442
2450 4.536295282966925
2451 4.966957290841038
2452 4.8028563517582645
2453 4.682332013626196
2454 4.496265384627963
2455 4.763623765892708
2456 8.958179183457624
2457 9.364738719418991
2458 7.193002796034768
2459 6.845504217587671
2460 5.808326058664253
2461 10.605501832795213
2462 10.226696459277944
2463 13.539987586532698
2464 9.906502034598308
2465 8.338053818906994
2466 7.180692980143223
2467 6.616634811796038
2468 6.50179972397318
2469 8.082960374991686
2470 10.667748394839416
2471 8.534022851364648
2472 11.206491263431074
2473 13.034798353086359
2474 11.198478946712038
2475 10.334764835354457
2476 10.85724616290546
2477 12.05930727046369
2478 13.969172351982683
2479 14.052327127829754
2480 15.012557802862428
2481 13.40392795267461
2482 14.889572273176897
2483 15.330265289773573
2484 15.651179696961659
2485 17.03876322857827
2486 14.473319865180013
2487 16.681382883216983
2488 13.680137872074456
2489 15.81542677573149
2490 15.868428329453492
2491 19.32074106778314
2492 17.628689692633632
2493 21.02531538841705
2494 21.22731355569828
2495 16.11320561706999
2496 16.54112107836568
2497 16.889918268347888
2498 15.082641343903516
2499 13.610911272915995
2500 12.51502089558306
2501 8.326419755727136
2502 11.715596324475309
2503 12.849476787973405
2504 10.691623385483291
2505 9.998601708504381
2506 9.24934274899029
2507 10.057410392490466
2508 10.898668725995936
2509 9.831040998341033
2510 12.144216558341505
2511 9.613009618190215
2512 9.003296867974731
2513 9.909592727213786
2514 9.988505318825226
2515 11.484473820017348
2516 13.404270107334487
2517 16.225938761089466
2518 12.651297792494749
2519 15.719821777248272
2520 17.915350907097736
2521 15.72344026368009
2522 19.420154158495325
2523 18.47106566230131
2524 11.108964123172619
2525 14.586196923607469
2526 17.432580395650533
2527 13.685108652809157
2528 17.154834626239996
2529 13.295994183044014
2530 14.849770277158035
2531 11.965480684853762
2532 10.181698831958226
2533 14.021725965346066
2534 15.62437857973445
2535 18.27369420717859
2536 14.688612820001516
2537 13.213764381480464
2538 10.806731295047017
2539 14.232824525000083
2540 13.724123202078625
2541 13.403157061473562
2542 11.859566296090064
2543 11.029047583309483
2544 13.450160206092283
2545 14.756987070910359
2546 10.852981635189778
2547 12.751057112900682
2548 15.541121062433147
2549 12.98063143641144
2550 14.976543053844193
2551 18.400825506627616
2552 19.866577638384367
2553 14.50049012231996
2554 13.368704819783924
2555 15.896956945857243
2556 17.841324708221354
2557 16.066226785660255
2558 14.00830390787834
2559 13.962420282342995
2560 11.405125587206603
2561 12.293428589219829
2562 13.965263190557838
2563 11.11998063004041
2564 13.297864779500728
2565 12.648042444341534
2566 11.698018773286295
2567 12.25936676705701
2568 13.00120191603338
2569 12.462014907413089
2570 13.138431881188389
2571 14.843914556021296
2572 11.738524727775436
2573 11.946467877720405
2574 11.972303296657724
2575 11.5574852918603
2576 12.121441673546189
2577 10.323718582330015
2578 10.293856776794094
2579 12.08644798940722
2580 10.381382945858896
2581 5.776587022359615
2582 12.237418454123375
2583 11.564308228985666
2584 11.837982176015961
2585 11.825176503371305
2586 11.894076809353821
2587 11.78660536401127
2588 12.469330982070488
2589 12.29524716140421
2590 11.764767302491391
2591 11.36372713347715
2592 12.04304481997325
2593 12.104596630693878
2594 8.579346085592682
2595 11.354497420335651
2596 11.973342768130633
2597 10.775255143351416
2598 9.63754553038759
2599 10.71790096068299
2600 11.730399032053171
2601 10.984076985582393
2602 10.857106460161924
2603 10.650102353545115
2604 11.473260192144084
2605 12.67549474006129
2606 11.635182397605943
2607 13.183949883896986
2608 11.966069467941578
2609 13.089359130706223
2610 10.05393397265167
2611 8.955406695281889
2612 7.619390390426678
2613 6.223241409621629
2614 5.755692048000607
2615 13.500327108022782
2616 13.632819593064463
2617 9.371745470912348
2618 9.583188539356732
2619 9.63237402126753
2620 14.340564776492178
2621 8.5298195531059
2622 12.990160244309727
2623 14.199322322608538
2624 10.974526594318219
2625 10.363181085466547
2626 6.731972878656065
2627 5.464346671797594
2628 4.976600165613429
2629 6.660567611485717
2630 7.181174338928892
2631 5.542897392775825
2632 7.065595674256597
2633 6.278874421384994
2634 6.8379428832984415
2635 6.242293319099011
2636 8.53878547950698
2637 6.916126979403063
2638 6.249564122420331
2639 10.242740509618312
2640 10.211662437208242
2641 11.256818553603066
2642 11.019253997407256
2643 9.381839093515717
2644 7.573677373952717
2645 6.376694048828269
2646 9.309425102948575
2647 10.259962793810354
2648 9.23684690995148
2649 7.483845543775975
2650 8.725020352460318
2651 10.299271341585284
2652 11.152983461520007
2653 9.990474037530568
2654 9.614351579872052
2655 8.091886014909592
2656 11.085183853049687
2657 6.4905545204422905
2658 5.7059305968313625
2659 5.807890598281412
2660 5.199944415383097
2661 5.804838935137282
2662 6.865274951224572
2663 6.066883732387611
2664 5.601259805359126
2665 5.375693040950291
2666 5.693008887534592
2667 5.3786615874871
2668 5.550484615935665
2669 6.168458203603508
2670 6.564102160200998
2671 6.840127291862429
2672 5.443164875377521
2673 6.322784365207661
2674 5.521797531631876
2675 6.238972648200564
2676 5.780205788081081
2677 6.1459709251259325
2678 5.926041036850917
2679 6.506354768406102
2680 6.769400727403948
2681 8.104293130811676
2682 5.91500985455202
2683 6.967194649739391
2684 5.552189023950844
2685 5.628749562009001
2686 5.298344401230718
2687 5.042574276184446
2688 5.680409518582993
2689 5.584504684494179
2690 5.7388251861655855
2691 5.6868469771086545
2692 5.813475439365718
2693 5.363142093593838
2694 5.190038040642614
2695 5.7280411672470395
2696 5.893322782384802
2697 6.785277670707928
2698 5.570941937553511
2699 6.6002037687241675
2700 6.461213121900706
2701 7.832555983029812
2702 5.567829994419306
2703 6.22814506714878
2704 6.1352685178874395
2705 5.798381524252597
2706 5.4605432320999405
2707 5.643110067426723
2708 5.472919294549704
2709 5.588878327362052
2710 6.145378628677313
2711 5.837611594095988
2712 5.097895787095124
2713 5.673804669188487
2714 7.451939480232118
2715 6.5067907466268755
2716 7.042488216247279
2717 6.309111004478351
2718 6.668497510861033
2719 7.251024553283642
2720 7.077527536143291
2721 8.055355809768157
2722 8.954182641952455
2723 8.741238547781984
2724 6.961825029887379
2725 9.224011556975839
2726 6.659663136599557
2727 7.2140337228131495
2728 8.879139989662177
2729 6.983315104588825
2730 6.69522761729669
2731 6.914181711925241
2732 6.639747441568841
2733 8.377859777239228
2734 9.490241960831163
2735 6.885822849994196
2736 7.260572311499443
2737 5.986469394589393
2738 8.343016997610373
2739 10.410851651639225
2740 9.4398949494712
2741 10.011810233000693
2742 9.100425749428643
2743 8.805581062250393
2744 8.709957184739993
2745 5.17508164930936
2746 8.910776931574967
2747 9.130086292873544
2748 6.974841757851819
2749 9.727233049605431
2750 8.287342459058197
2751 10.449266372637739
2752 8.36977601703264
2753 8.686666527950264
2754 10.60414618775586
2755 8.892400043225912
2756 9.624320783737355
2757 10.103599374434495
2758 10.615295101041568
2759 10.23369508080811
2760 11.340244279644068
2761 12.252714761656806
2762 10.963537531839195
2763 10.91031605138172
2764 9.709076020283476
2765 11.462634335672876
2766 10.754768630430693
2767 12.469693277632643
2768 10.476808087062095
2769 9.713390660261284
2770 11.397210065922536
2771 8.68853755615037
2772 9.30031587623119
2773 8.520826479289283
2774 7.216537850674611
2775 9.761642590786229
2776 9.460555717229353
2777 9.39444823244583
2778 9.082975421563916
2779 10.674863207364213
2780 9.6388383886352
2781 9.90493622941637
2782 8.911818452657043
2783 10.69200795890433
2784 11.539014739691677
2785 8.487079720371053
2786 7.668874727053435
2787 3.5093809347445912
2788 3.5984301014676277
2789 3.797411973661531
2790 3.470393588605236
2791 3.351163539599635
2792 3.756155014970281
2793 3.5126285651151883
2794 3.4725846766881014
2795 4.735357655438513
2796 3.316425017445768
2797 3.3921021248137566
2798 3.625718308465591
2799 4.883423623597014
2800 3.4410843440921033
2801 4.5513401182140445
2802 3.8978945472689923
2803 3.559471668826875
2804 3.44189009574187
2805 3.3389503275568613
2806 3.44292580861991
2807 4.343831783783415
2808 4.096800700884994
2809 3.328080919567576
2810 3.679467661965174
2811 3.4886031314751906
2812 3.6589205115919765
2813 6.300889570447133
2814 5.48943823034389
2815 3.7777601664310394
2816 3.5925520781745885
2817 3.4855539727147344
2818 3.534715866887402
2819 3.35689976491833
2820 3.496422447094022
2821 3.4189882566089613
2822 3.914383643567218
2823 3.434032531101687
2824 3.4769235344267773
2825 3.5074984031883076
2826 3.403272389471136
2827 3.494192078598731
2828 3.494627189737251
2829 3.4714377590039516
2830 3.5222193037883653
2831 3.50341586801515
2832 3.4942707045942054
2833 4.31742461154203
2834 3.3820196578305186
2835 3.3989278166521513
2836 3.618056459039463
2837 3.499930458249224
2838 3.5922000874836075
2839 3.6877557143013275
2840 3.420613360122821
2841 3.4793252730991657
2842 3.7402142429661716
2843 3.534659268605295
2844 3.4650669498203945
2845 3.7567321779813065
2846 3.5324596451612473
2847 3.444467024734164
2848 3.7130672869464494
2849 3.5329449971383236
2850 3.4356145616384155
2851 3.5533497653682113
2852 3.7639311948931162
2853 3.532452630070928
2854 3.5905019701944565
2855 3.5381270320001588
2856 4.417149753242105
2857 3.4075285497408165
2858 3.45656402151736
2859 3.450225238795782
2860 3.733610559844551
2861 3.5274622639820867
2862 3.4950430183998025
2863 7.08408810043204
2864 6.740577835475357
2865 6.041370446220799
2866 7.0015549282663665
2867 7.3367722009729555
2868 6.923384948578497
2869 6.6540970636188765
2870 6.737169677544711
2871 6.391097758947245
2872 5.733205718785029
2873 5.565698337553856
2874 8.125485749905142
2875 8.277729857092952
2876 8.333116674628554
2877 7.092632613564874
2878 6.960123590443926
2879 6.851901816076079
2880 6.261514425694074
2881 6.946191205383891
2882 10.33212270617407
2883 11.012246193184932
2884 14.885495886027837
2885 15.839498643998112
2886 16.40620746311149
2887 14.795810374632323
2888 16.918024697189498
2889 17.2110971902864
2890 10.736270975299131
2891 15.275900072429353
2892 17.39928610185011
2893 16.826010297955534
2894 16.52407039281166
2895 18.94408169549723
2896 17.51577875217451
2897 14.991756589076287
2898 13.028854548682544
2899 15.67125121733953
2900 18.86320165684154
2901 18.096495411945746
2902 12.782299634792194
2903 12.910123162310027
2904 10.069632833597993
2905 16.888848140923507
2906 15.12143260513614
2907 13.465734887927331
2908 14.663133558227086
2909 18.53777320862686
2910 16.63155634961248
2911 15.260421902349789
2912 15.726720197473647
2913 14.632073502462037
2914 12.544636151533616
2915 14.621048188021009
2916 15.606099895571512
2917 16.103589260410647
2918 13.701745637578433
2919 11.09188445942163
2920 12.47945402693418
2921 10.328385833893904
2922 12.293455921656559
2923 12.438786850586856
2924 10.530594197560072
2925 11.564295992644633
2926 13.211894502044641
2927 13.217400122396436
2928 13.477913825280282
2929 12.613920985141725
2930 15.017718036142169
2931 13.656816904870762
2932 12.159365795408064
2933 12.109558064405975
2934 11.623849292941491
2935 11.729437636648521
2936 10.842703292635038
2937 10.813885070995942
2938 11.433508068148466
2939 12.005466813973936
2940 11.714558587536445
2941 11.541491176866518
2942 12.040363177682233
2943 11.987244186591273
2944 12.190525806785462
2945 13.291986498786345
2946 12.822524028961995
2947 13.102127746183609
2948 14.081592931338292
2949 14.67136571644869
2950 12.367673925441213
2951 11.233114425245608
2952 12.976931905362662
2953 12.299129792593085
2954 12.93332491331043
2955 14.696107914766658
2956 13.492455084573596
2957 14.130872370670557
2958 14.87516947549333
2959 13.617013044549056
2960 12.643524188989835
2961 13.575438110943464
2962 11.864845051958829
2963 11.789706785273891
2964 12.153716913389687
2965 11.60503306104633
2966 9.109949232533957
2967 9.201654739280162
2968 12.078686513676061
2969 11.207938007241287
2970 11.195261215742578
2971 10.820479460302412
2972 10.739663238798878
2973 10.673551695330243
2974 10.508505086707487
2975 11.821920174398365
2976 10.615344633391956
2977 10.641840935536054
2978 10.26261944428168
2979 10.907072831243523
2980 10.322505100214919
2981 11.63633423508964
2982 11.435965465814228
2983 11.004686920116507
2984 11.398526141078513
2985 11.970632286649016
2986 11.770246976363039
2987 11.136940306846592
2988 11.540417705753965
2989 9.60083047713869
2990 7.8484027460794294
2991 9.304975796095858
2992 6.08088957895619
2993 7.686315483242539
2994 6.41228473325679
2995 8.615385199241208
2996 10.447186373502097
2997 10.11205245099739
2998 9.751281562449387
2999 8.559236884438684
3000 5.548072367025245
3001 6.131262424016327
3002 6.378303938992596
3003 7.071866282229045
3004 6.0878477999782366
3005 8.886897264320128
3006 5.830938759972844
3007 6.073923270230176
3008 5.6547070201104725
3009 6.042594595538604
3010 3.597051891878389
3011 3.5465718903002292
3012 5.797487903211345
3013 3.7606813358099243
3014 3.5788539072335426
3015 3.875757654916348
3016 3.47056168052268
3017 3.4187579242829904
3018 3.590783524396248
3019 3.493458211779717
3020 4.123849133530558
3021 8.991492193354054
3022 4.819707189846929
3023 4.214370393207703
3024 6.327071171861452
3025 4.719698605487297
3026 4.1536455952545115
3027 5.202405558228601
3028 7.287639564102345
3029 6.133414741928017
3030 6.312374681224086
3031 6.224468689028912
3032 7.56977976991865
3033 6.826899687812677
3034 6.356053082028549
3035 6.418112292699174
3036 4.642104958892503
3037 3.900910258695595
3038 4.906139530410703
3039 4.444614118341721
3040 7.71632042685678
3041 7.192237166350268
3042 6.416475178182234
3043 6.344961682888849
3044 5.465038759606477
3045 4.602457333720638
3046 4.152781677862102
3047 6.134975559322249
3048 4.9710926394837625
3049 5.340590506187136
3050 5.6765698856855495
3051 6.975983799664942
3052 3.56297471137678
3053 4.053640710374742
3054 3.495253225534152
3055 3.791288699313138
3056 3.4945839720584977
3057 3.4052113378725983
3058 3.4790205469690383
3059 3.7220562816963594
3060 3.986530942674737
3061 4.1735248926040605
3062 3.4846756187608614
3063 3.4151468070912365
3064 3.828172459680354
3065 4.037367009097231
3066 3.454145002465171
3067 3.5976891257009402
3068 3.8116996646467562
3069 4.328666817848659
3070 3.6260488661195076
3071 7.07891586144802
3072 6.64769862418243
3073 5.598157775821093
3074 6.2511652948007495
3075 6.611687291065201
3076 5.2387316918525
3077 11.902342447089476
3078 12.701549402972478
3079 14.762330793300409
3080 13.514901837146427
3081 11.525431888452296
3082 8.194029790973635
3083 10.059318893044676
3084 14.489897795732272
3085 13.238539474410851
3086 10.247956483656141
3087 8.917571756865344
3088 5.9134527212966805
3089 6.483340742390334
3090 5.193187189678722
3091 6.255762930627254
3092 9.424927719944023
3093 8.87056006878391
3094 8.156939274577786
3095 7.611331252826815
3096 7.137974905505068
3097 6.676349124619232
3098 8.022243589192774
3099 6.582397372607038
3100 5.6487252907626395
3101 6.0537468508085315
3102 6.2175321503865195
3103 5.716313395623068
3104 6.34852830810482
3105 5.9715642757677925
3106 4.491337051945843
3107 5.315629819598625
3108 6.317707020616037
3109 5.758929649604723
3110 4.502395200716583
3111 4.2293102687850395
3112 4.064748341429245
3113 6.018221575522052
3114 6.164264121451086
3115 6.326268128416563
3116 6.569699749995148
3117 6.0322343673585115
3118 6.549036342253444
3119 6.489506913828547
3120 5.7987045866993565
3121 6.602205331490074
3122 6.569810699899693
3123 8.413739810599719
3124 5.853564706170117
3125 6.952448796899499
3126 5.8139552991998995
3127 6.070249551012885
3128 4.332067187280797
3129 5.170082273224673
3130 6.358543012674859
3131 6.634222261300376
3132 6.430184202435479
3133 6.322572554842412
3134 6.465906033690536
3135 5.834678621407548
3136 6.634040282712885
3137 3.6014867640237873
3138 4.024055675095723
3139 5.125458894788589
3140 6.49786486953783
3141 5.35799814869557
3142 5.6237587730738
3143 5.873833762598146
3144 7.2414572978071625
3145 4.321292216184771
3146 4.2598889094696055
3147 4.6270151272542215
3148 6.087209386953524
3149 4.724727330675338
3150 4.939803374978041
3151 4.896296333182942
3152 5.538142706703929
3153 5.009383964269246
3154 5.118403624713554
3155 4.27123155730465
3156 4.255009503223709
3157 4.350185065199183
3158 4.321387722723619
3159 6.703710565785824
3160 6.352943291410284
3161 3.8954709561696252
3162 4.332276668833115
3163 5.848902569371674
3164 4.431530078966337
3165 6.10464638975908
3166 5.843378216377669
3167 7.021611344716274
3168 6.2417528421466395
3169 6.258609989468929
3170 4.84114109628028
3171 5.444861540491557
3172 5.901588198632352
3173 6.033670549009216
3174 6.820455248094057
3175 6.3317519671578495
3176 6.869476022461377
3177 5.020123628209027
3178 5.523400940896738
3179 6.49950435674104
3180 7.445778799763196
3181 5.3664621201580545
3182 6.78661312892032
3183 6.726727648324808
3184 5.9838895421753495
3185 6.845021568321149
3186 6.519843228570282
3187 6.210625886266066
3188 6.44198419586316
3189 5.951850117668206
3190 6.7007073012906835
3191 6.379292827654654
3192 6.535678056582513
3193 6.312989392535496
3194 7.18276928569533
3195 6.3957233463312715
3196 6.7615597222951465
3197 5.860609268145605
3198 4.205246093800161
3199 3.929468674247255
3200 4.4950015006492885
3201 3.9797158362544782
3202 4.453941569558634
3203 4.159394059700493
3204 3.918850350422864
3205 4.253365897360396
3206 3.9304462430241736
3207 4.538510450071206
3208 4.051719391167889
3209 6.09448844101147
3210 4.386636231994054
3211 4.0711105786367225
3212 3.820724097539016
3213 4.237342375320129
3214 4.45683248751627
3215 4.329163109742905
3216 4.268209205569163
3217 4.041457463893863
3218 4.437304809094795
3219 3.7140200477044965
3220 4.321800467265396
3221 4.177683221774433
3222 4.369168432146971
3223 3.35196543208024
3224 4.204173408525387
3225 3.810036418567048
3226 3.8605413454910904
3227 3.6108071879539856
3228 3.3711760277982026
3229 3.9844287595199552
3230 4.263143908083529
3231 4.310962494459761
3232 4.204800273257832
3233 3.9355799146006185
3234 4.472032368970291
3235 5.480646618896422
3236 6.153378799049138
3237 6.833914134561152
3238 6.769166059789773
3239 7.267239544672228
3240 8.756385394421002
3241 8.22269990915442
3242 8.27214933470005
3243 8.145918443390832
3244 6.803550539942001
3245 6.457249621822436
3246 5.038687850559272
3247 5.4601494878501535
3248 4.302286129776612
3249 5.360124286059344
3250 5.120760375193318
3251 4.501061218133441
3252 4.857951410817745
3253 9.184787391309674
3254 10.38091090557017
3255 8.637748332546385
3256 8.69068236860322
3257 8.963848922286864
3258 8.468819942282519
3259 5.669229047215353
3260 5.328297577686183
3261 7.474618127438238
3262 10.001205091873285
3263 8.810255257176832
3264 8.829538550701665
3265 9.738011397646142
3266 9.320476514680864
3267 9.337388356003407
3268 10.580279379255314
3269 9.580027449426998
3270 9.194156744510789
3271 9.353447523310743
3272 11.903016029544464
3273 11.785150140279242
3274 11.963815385749344
3275 12.359678788518025
3276 12.790230607779584
3277 13.52804422790346
3278 14.387861300636468
3279 10.078005050409937
3280 14.079633649622343
3281 13.432739887747772
3282 14.89178927110836
3283 13.910527884033444
3284 13.250950438492975
3285 12.023834202168214
3286 11.701156217225472
3287 11.407787309994875
3288 14.271438022244379
3289 10.37188910158785
3290 14.028767048250256
3291 12.942711674079785
3292 9.953910560841903
3293 9.433784841702439
3294 10.661189747390393
3295 10.179211298190987
3296 10.427670660317217
3297 9.634409068141908
3298 9.170398974127373
3299 9.75836977753355
3300 10.131634492629436
3301 11.102948272996464
3302 12.961757136107392
3303 14.141737964912931
3304 13.847353165268824
3305 10.99872369895492
3306 9.841940184758169
3307 8.71852031829633
3308 9.336872518740872
3309 8.611156740902512
3310 9.990310744015643
3311 10.821389958193746
3312 10.67948789747014
3313 11.623447145826084
3314 10.009151510665939
3315 12.210800120401519
3316 11.27772428947198
3317 10.191007119110196
3318 9.801591234205825
3319 11.417878693132026
3320 10.0229170878402
3321 11.593926995926015
3322 10.381268030805636
3323 8.838584281181495
3324 9.855639966585
3325 9.32183145984236
3326 10.040918320613516
3327 10.918056919337642
3328 11.961445554476768
3329 11.092123443311582
3330 10.67374120367819
3331 11.69636871990168
3332 10.049994935700031
3333 10.767959232287653
3334 10.028104305701481
3335 8.90839619749272
3336 10.45151718771084
3337 8.48807226814834
3338 10.14575551083302
3339 8.73101181704792
3340 8.87754269261619
3341 9.445448680435602
3342 8.171605615019327
3343 9.512011140903983
3344 8.671672291739375
3345 10.282769737482239
3346 11.348634732020962
3347 6.947607114056865
3348 12.058387083631594
3349 10.834132140108812
3350 9.537442150617894
3351 6.553113607707161
3352 9.093030290214124
3353 10.152472053149342
3354 10.511369851911732
3355 8.692930499806717
3356 10.500741975434314
3357 9.771480749375463
3358 11.408474644538337
3359 10.029114725781168
3360 9.513926235189873
3361 8.802349294561122
3362 8.34936372843876
3363 9.253533429395384
3364 9.085301446138116
3365 8.891103700635865
3366 10.137268215931675
3367 11.586104809339965
3368 9.384914235107335
3369 8.5538162357096
3370 8.391613635024152
3371 8.627612609518856
3372 6.974447255795384
3373 8.582593861738468
3374 9.845717649255173
3375 8.093722360687176
3376 8.995597517567697
3377 9.84110142087505
3378 8.82955999509682
3379 10.023818175063166
3380 11.238823254380971
3381 11.134200539717945
3382 11.583485092875137
3383 8.977382057844206
3384 9.109560047524269
3385 7.870229464480572
3386 8.230169846934732
3387 9.04742288074371
3388 8.870376585094805
3389 10.673903248201642
3390 11.889318758200098
3391 11.533830903223242
3392 11.562958265912672
3393 11.747318260966168
3394 12.050716896300537
3395 18.963863429947825
3396 15.365838133376373
3397 15.985096929055816
3398 15.533013365315329
3399 18.001489702053142
3400 17.83477817982694
3401 20.676995935525756
3402 21.378438818466492
3403 19.127070301460392
3404 19.855713581626535
3405 24.97634883597373
3406 21.052313857347173
3407 13.849217042683838
3408 21.046355091393625
3409 18.78107696339103
3410 18.16005156381466
3411 16.833031071676395
3412 21.341187426369288
3413 20.46331020083468
3414 23.08680952416123
3415 19.992733915794876
3416 19.843102827025728
3417 22.518826476347453
3418 20.951144916776705
3419 22.75285520483406
3420 17.898152901133823
3421 15.478356090682365
3422 17.978236080609058
3423 14.098576660486204
3424 14.132823286945712
3425 15.221606975837144
3426 15.17714204534702
3427 15.839589316306547
3428 16.455550408921606
3429 17.91717388426656
3430 22.458607073206547
3431 15.252045677289049
3432 15.29270539744599
3433 17.77988561099046
3434 15.459507554120279
3435 15.170572521935311
3436 14.278907027916466
3437 13.194859794506218
3438 16.580879369036893
3439 20.40488673912578
3440 16.465562615555484
3441 19.462820799824154
3442 22.105922662524485
3443 22.332843976660513
3444 25.166532974910456
3445 23.81333594364079
3446 19.375267121289692
3447 22.171449603787234
3448 22.938351376520547
3449 22.962342968459613
3450 21.627384933690525
3451 20.084605717437093
3452 22.853177112715578
3453 19.36313073914153
3454 22.243157325448397
3455 21.371418096278592
3456 26.034539200472597
3457 26.647993748209192
3458 27.155260080850233
3459 26.044721935497357
3460 24.12861319245777
3461 24.401100379623667
3462 24.845446369655633
3463 25.627670408086047
3464 24.29783769581828
3465 22.50043703250478
3466 22.808423497236195
3467 23.443164765878702
3468 23.77492063847339
3469 23.102655261030566
3470 22.75440164492156
3471 24.692473569689266
3472 23.44779782037039
3473 19.5800996631655
3474 17.20598126160108
3475 16.214993792911976
3476 15.379732763723489
3477 16.40492651390917
3478 15.673685366792151
3479 15.59046060705943
3480 16.938814616001544
3481 16.349935613884647
3482 15.498170283230102
3483 19.082675440747785
3484 19.105964226502316
3485 18.58376116554292
3486 16.560133870522908
3487 20.340344414146994
3488 16.501126606761318
3489 18.376866196430196
3490 19.11122496873783
3491 18.853523218453383
3492 19.396850620729168
3493 20.541760087799148
3494 22.55194817821531
3495 21.00437798164663
3496 16.498575797930915
3497 15.581371155702673
3498 14.29945347600901
3499 21.464526349585352
3500 21.075735051357995
3501 19.31503833778481
3502 19.123023161429412
3503 16.51481763332698
3504 15.756415439292008
3505 17.131285007973844
3506 15.781510563424588
3507 14.547735695574444
3508 14.853724963867577
3509 17.993472129728563
3510 16.904129502042405
3511 16.726489071926547
3512 18.479634466202086
3513 19.5736590613697
3514 18.42550885417228
3515 17.786691854816965
3516 18.371343718838784
3517 16.45357034095442
3518 16.96950061906594
3519 14.816428435844925
3520 11.894358111976677
3521 13.29453181567123
3522 12.081451474221497
3523 13.237604663571654
3524 14.094785735632755
3525 14.232281786478007
3526 12.602776249193637
3527 12.258500452125272
3528 13.40380802620244
3529 10.33827308327514
3530 10.61176675396334
3531 15.295692604182552
3532 11.78280861806816
3533 11.713515440749028
3534 11.891897758956464
3535 13.330824943851011
3536 11.819694700274445
3537 13.976898361515161
3538 12.12575051851363
3539 12.242469066469347
3540 13.185465695909464
3541 12.169820580274665
3542 13.132304705056859
3543 14.536021843379356
3544 15.204388854053429
3545 15.448744503341528
3546 14.79476085018095
3547 16.456633954460823
3548 17.108883070794683
3549 17.868001701956892
3550 17.464015695640782
3551 18.04948957873076
3552 19.81432596979745
3553 16.53417686554981
3554 16.76521105137641
3555 18.90669695750224
3556 16.64189968147133
3557 14.381721258403326
3558 16.604899705832047
3559 12.623887211672082
3560 12.094909970428215
3561 11.693670335965702
3562 11.406800096598992
3563 12.183127672011803
3564 12.50091308151796
3565 15.885591145945506
3566 14.096619395619594
3567 12.588585695798221
3568 12.38070324973477
3569 11.947705045639587
3570 12.666491982103402
3571 13.076243207286245
3572 11.496997474637999
3573 11.324797922601803
3574 12.702765220947697
3575 12.850704979010304
3576 11.181186143990374
3577 11.341860276867962
3578 12.305119192110945
3579 11.499937972541636
3580 11.785171270192352
3581 13.344994203763262
3582 12.771931278702922
3583 12.712356889915112
3584 13.098978017394833
3585 12.995328818297617
3586 14.795258153409462
3587 14.649194250098489
3588 13.098405511854166
3589 15.702965958003823
3590 14.96584441922113
3591 14.401492335251053
3592 11.969632244407059
3593 13.150130488614897
3594 15.108632788631999
3595 14.102177390631892
3596 14.503400599164333
3597 13.86750812332153
3598 13.421372811044268
3599 12.236455159248937
3600 12.193642440555239
3601 18.051215601960873
3602 19.856297251848922
3603 16.954105372882704
3604 13.81576972323968
3605 9.567568452767773
3606 8.994939546970919
3607 6.1605366788325115
3608 8.814522730966182
3609 8.949232106463317
3610 8.292579852718777
3611 6.2286764646337724
3612 6.247399592193695
3613 6.582011392746547
3614 6.531520631299966
3615 4.931276892659863
3616 7.534246276883495
3617 11.324417768303723
3618 7.921988478037108
3619 7.912520733185805
3620 9.338206178642922
3621 11.086661895831227
3622 11.550516909580384
3623 9.942988117108236
3624 10.40860624041877
3625 9.946641457357211
3626 11.359774962741973
3627 10.26498585880362
3628 11.381619892192898
3629 10.655489882879225
3630 7.297614408302116
3631 7.252315038299434
3632 8.951901110296017
3633 8.127938393408755
3634 8.714619266128059
3635 8.000567721581497
3636 7.00812482893059
3637 7.620434508723198
3638 7.8482554830343725
3639 7.55274768507524
3640 8.460849447622683
3641 5.691869402119618
3642 5.3435489625465165
3643 5.71344516221914
3644 7.273368798638837
3645 6.629050062429106
3646 6.172403103084916
3647 5.722748518822107
3648 7.107093244690277
3649 6.199228420038715
3650 6.527203631209135
3651 3.5646520632990595
3652 3.874814177661263
3653 3.663380975651309
3654 7.551213569699334
3655 6.424537192409748
3656 5.768780042511468
3657 5.825640971652427
3658 5.620167044105281
3659 5.443203528282982
3660 5.7182660513982215
3661 6.081916569161334
3662 5.46448616782357
3663 5.4409817414179935
3664 5.73978285838844
3665 5.400603165602133
3666 5.557163156966246
3667 5.684951364412661
3668 5.697474246136136
3669 5.714041523436846
3670 5.539006090671268
3671 5.422479811408344
3672 5.02389632681943
3673 5.426076282743853
3674 5.765979963436603
3675 5.362009438741334
3676 5.832518061042213
3677 5.640228425135692
3678 5.300723732940825
3679 5.3359442362849325
3680 5.615183763511626
3681 5.4622765115344
3682 6.117798560593725
3683 5.455780265998872
3684 5.634936662671598
3685 5.747155675831024
3686 5.491255823494899
3687 5.213852897708945
3688 6.4150925935502325
3689 5.544813063464211
3690 6.1159898565416455
3691 5.4041653396627005
3692 5.680333398978954
3693 5.754610147845616
3694 5.3484569243442674
3695 6.009711623091808
3696 5.9430310687869214
3697 6.501462412171925
3698 5.9638896306549976
3699 5.773515731569474
3700 6.444302657536732
3701 5.786030380121461
3702 5.3571392588305216
3703 5.934927329142411
3704 4.938853956887104
3705 5.590098848882471
3706 5.171645058875604
3707 5.140211642488994
3708 5.582344441401274
3709 5.678554657850254
3710 5.337175636774961
3711 7.034322141109228
3712 5.355459095811503
3713 5.5325618409237975
3714 5.639895574701474
3715 5.714355666938532
3716 5.173089385421061
3717 5.684267236643115
3718 5.325118654325496
3719 6.117698886948589
3720 5.918935664641017
3721 4.956797023896874
3722 5.568642988413592
3723 5.593339660053137
3724 5.8770608940157745
3725 5.5915041687273375
3726 5.139670307623576
3727 5.652302394939273
3728 5.533799248700489
3729 5.565662818276052
3730 5.847983658429075
3731 5.8300490367231275
3732 5.367280394728678
3733 4.403038458482498
3734 5.570042735440148
3735 7.394879232583106
3736 6.070409784663835
3737 5.715734847870876
3738 6.008354610832843
3739 6.143430243418755
3740 5.798136805139137
3741 6.012747401609467
3742 5.4106047914346
3743 5.420539718047899
3744 5.822900814055483
3745 5.586581542089024
3746 5.746559680807983
3747 5.622173817261989
3748 5.90594625368918
3749 5.361252156288202
3750 5.836145761579456
3751 6.108064910010701
3752 5.656355682105619
3753 6.891115469819476
3754 5.91795022166946
3755 6.270435335152369
3756 5.542011267673843
3757 5.503310991527959
3758 5.732712106086985
3759 6.032423888855012
3760 5.691076988206252
3761 5.718732647771155
3762 5.269922847734968
3763 5.715822242639237
3764 4.078421896977173
3765 6.330281460421504
3766 4.605959345401712
3767 5.71630866267225
3768 6.049133572474023
3769 5.404763875397673
3770 6.484197840396146
3771 5.950866559430916
3772 5.577711409401745
3773 5.427312150394916
3774 5.465475641268583
3775 5.406705109024383
3776 5.744048833884923
3777 5.42124977856579
3778 5.698549401510295
3779 5.7673312358291176
3780 5.398360538420944
3781 5.964694467542028
3782 5.205468728630019
3783 5.425988377000489
3784 5.842444872591511
3785 5.5227943778892605
3786 6.180378839769893
3787 5.702911717529567
3788 5.8854406004190745
3789 5.731388981239578
3790 5.35292937648644
3791 6.002617444672813
3792 6.234670195187601
3793 5.6896569056389295
3794 5.664005448060368
3795 6.4944289397644
3796 5.8206789803754155
3797 5.251098548879074
3798 5.282966796529193
3799 5.73270750224815
3800 5.925268497387106
3801 5.667594096583474
3802 6.259005495026666
3803 3.44097854252238
3804 4.354827506275792
3805 3.4052034121491874
3806 3.605477846002106
3807 3.5745893240998714
3808 3.9491573645696336
3809 3.335223002663563
3810 3.6281590800240924
3811 3.4504334586752865
3812 3.9707369112223545
3813 3.5858403948108846
3814 7.315443901037482
3815 5.555167295816951
3816 5.739632637375607
3817 5.968014927117203
3818 6.280653350597008
3819 6.138654864454797
3820 5.504113850160377
3821 6.480841133410444
3822 6.888721147783947
3823 6.532134009159815
3824 6.081775408737989
3825 5.728769909621688
3826 7.565190858789485
3827 7.137828053638904
3828 7.669613050611068
3829 6.896245830099283
3830 7.221012854207162
3831 5.883647217969427
3832 7.025301306918328
3833 6.117602483966606
3834 6.091965600022276
3835 6.778968133032422
3836 6.245111777158114
3837 6.724812730648257
3838 5.8167691161538935
3839 6.735898753109606
3840 5.36848911502929
3841 5.994057429059704
3842 5.74154774796748
3843 5.382403237733096
3844 5.954425040989938
3845 5.82114172097513
3846 5.705196703517504
3847 5.809178765327855
3848 5.7402069393926585
3849 5.042228540757668
3850 6.278397280947006
3851 5.282483481052256
3852 5.956062847367032
3853 5.68476236454642
3854 5.3252206379546685
3855 5.593589678685749
3856 5.553516600707111
3857 5.822200062138201
3858 5.304949734661829
3859 5.181129731233942
3860 6.0354493884673985
3861 5.604344652107552
3862 5.425445045148615
3863 5.439007066375173
3864 5.150510691715849
3865 5.938875863254673
3866 5.3679751246845715
3867 6.304858174906362
3868 5.16012609936641
3869 5.8786055889674005
3870 5.378556890703548
3871 5.497238567386298
3872 4.7249422191231885
3873 5.809729795254568
3874 5.254107522804544
3875 5.377996776412646
3876 4.959888938115083
3877 5.810813949580134
3878 6.244922073648082
3879 6.020927341716076
3880 5.524723643520238
3881 5.31437258537822
3882 5.4021426977215885
3883 6.064385984463142
3884 5.07190616255953
3885 5.203160780622955
3886 5.387069255001734
3887 5.649708074972648
3888 5.543359701109983
3889 5.833313625531678
3890 5.6597629023507405
3891 5.996455470313643
3892 6.136727033354216
3893 6.345569012692747
3894 5.646027475239006
3895 6.009139063608564
3896 6.126911742678622
3897 5.801406982604494
3898 6.536589225599658
3899 5.990998668704326
3900 5.878137026313631
3901 6.051214429587291
3902 5.593327232554239
3903 5.379275072225836
3904 5.7736807307489695
3905 5.172848044557063
3906 5.4884096890295675
3907 6.144218784530255
3908 5.4327408601191145
3909 5.0444836168478595
3910 5.092133974570705
3911 5.78113821368208
3912 5.635772071981309
3913 5.157369772565468
3914 4.659136478623936
3915 5.714020062102344
3916 5.4348217038558
3917 5.878762282634029
3918 5.903998382250451
3919 5.604624582826137
3920 5.507910017752588
3921 5.701668234613354
3922 5.591762689694446
3923 6.214104798410839
3924 5.949969148931546
3925 5.393161555676142
3926 5.864279659830229
3927 6.05771035404698
3928 6.483794592092285
3929 8.694309478161994
3930 5.467422108423323
3931 5.192166839242469
3932 5.216388644814311
3933 5.334983149536545
3934 5.430740008824949
3935 4.903925061622548
3936 6.12244720988194
3937 5.611534721964219
3938 5.343043961733896
3939 6.282240299793866
3940 6.208753028521026
3941 5.59059055566739
3942 5.963736642392515
3943 5.556794335278139
3944 6.600926592206636
3945 9.129535241239871
3946 12.735886753935096
3947 12.38145709602544
3948 7.852708747590686
3949 10.105799294214748
3950 10.766347972208546
3951 8.470083345300036
3952 7.321781120017916
3953 11.547600340763505
3954 13.011333400667727
3955 13.128853937811304
3956 10.569933825821694
3957 8.165855447731204
3958 5.891620755504667
3959 9.231303512239906
3960 12.431303748080406
3961 13.471335950533126
3962 12.098919726640995
3963 12.069927713590856
3964 13.104742019079252
3965 12.305123754755215
3966 13.162180836152348
3967 13.501158394403529
3968 14.055205122049523
3969 12.780490292935013
3970 10.356291380411859
3971 11.169992120839492
3972 13.89466852575402
3973 13.667041715632644
3974 14.970136939068615
3975 13.377056028198888
3976 14.79587737800041
3977 13.597797948462304
3978 13.877920011443997
3979 13.365279019626024
3980 13.393837601458118
3981 13.535066692312553
3982 14.954900639624707
3983 14.739636828299204
3984 16.266903150923067
3985 16.294838266820403
3986 16.50831291391467
3987 17.331760660150692
3988 15.991778519303383
3989 15.655383933552539
3990 16.134878653373
3991 16.134856708052926
3992 15.110891090665959
3993 15.856525207638589
3994 14.313962043394678
3995 13.027345049651245
3996 12.931746887799706
3997 14.427868274039012
3998 14.615709889911733
3999 12.842233867972597
