0 6.609730315670882
1 5.522179595492054
2 5.750569849264355
3 7.0164144391511885
4 5.888813858420802
5 7.037043699941289
6 6.1664640228393655
7 6.09200892541533
8 6.24217669919951
9 6.401176390222978
10 6.408813540429718
11 6.218555061576647
12 6.505665718145067
13 6.669454341489872
14 5.970310449461638
15 6.15928810500751
16 5.354514976578249
17 5.547666725684599
18 5.958934046811249
19 6.128840848361123
20 5.800698157533096
21 6.249993442476937
22 6.05347088137556
23 5.823303055855506
24 5.99171055176361
25 5.498275718890952
26 6.557870014957243
27 7.090715895570365
28 5.935770217261492
29 5.945527927409356
30 6.122371594099668
31 6.766937697781146
32 6.533898197617954
33 5.90895765420098
34 5.3743993857292365
35 6.941698157631372
36 5.304964465638258
37 5.9264348384869265
38 5.994620344043961
39 6.4307394706447525
40 6.870334798808483
41 5.922721429332115
42 6.499570673332322
43 6.25923258708911
44 6.391706325495382
45 6.640714310456154
46 6.283740096988101
47 7.1390913842742885
48 6.908111975816907
49 6.660876168094324
50 6.830538059815731
51 7.190695953058236
52 6.103765983349876
53 7.661969190544778
54 7.753747376528191
55 6.464029090232506
56 6.540327750336877
57 6.344839704513614
58 6.412614116026197
59 6.304678642497921
60 6.726796562529059
61 5.773076796397887
62 6.406210074510074
63 6.353167799125585
64 6.764604466219698
65 7.288863596287584
66 7.700333950876128
67 7.237042592344991
68 7.9342099169445826
69 7.532074884855292
70 8.656584152673028
71 7.613947045202281
72 7.714851365338883
73 8.617228653982725
74 6.486661064334661
75 6.100937485035379
76 6.5042672758715065
77 5.759420076079825
78 6.580633163753141
79 7.6703069132383375
80 5.807921536571088
81 6.807301178021424
82 7.583304491984353
83 5.489504193216363
84 8.37111097870586
85 6.23962276892156
86 9.181855204017994
87 8.331240600793858
88 8.116388689767392
89 9.015559596532007
90 9.630004675026326
91 9.372542012965422
92 9.177770518966533
93 8.052237894974288
94 9.449701583479005
95 7.9926692740363245
96 8.853745485205412
97 8.849577488426103
98 8.369903049279959
99 8.540966326963654
100 8.915171542939836
101 9.039948767086639
102 8.374548743180515
103 8.010460640085244
104 7.699454866924832
105 7.1614770096272595
106 5.784493044318882
107 6.499911044484496
108 7.222163805820734
109 7.618418855220067
110 8.351861583692948
111 6.564939284455815
112 6.486771139256256
113 6.521559025204546
114 7.496451861779265
115 6.533792449316333
116 6.847931346337496
117 6.341070196532755
118 6.734601987761455
119 6.427468932294318
120 6.298963288674134
121 7.864783573377544
122 6.817501327533317
123 6.651696783052655
124 6.924417975446093
125 6.748393601536931
126 6.901491321141126
127 6.85822814541904
128 8.818880176895625
129 8.13120631046318
130 5.488646668921839
131 6.438980087016292
132 9.162005573293335
133 7.6683545276119505
134 8.621491597761608
135 7.7785207320485785
136 8.491606765390406
137 8.411434632364143
138 5.942429373787973
139 6.0403149385343164
140 6.424023048587933
141 8.225013482971056
142 5.9179017996657555
143 7.614960724799822
144 9.726860617350612
145 8.290154165415242
146 8.374133710822676
147 8.485492214269549
148 9.129630342494245
149 7.781964772036993
150 8.006095275989054
151 9.974369203596165
152 8.461466024403812
153 8.05096959437048
154 8.323140198181951
155 6.972733023560385
156 8.020289913764017
157 8.05144155160356
158 8.425803645900901
159 8.921463933160048
160 7.841235398482015
161 6.365921550393287
162 4.928617004408295
163 6.617967902311435
164 7.324751079878595
165 6.259428352792444
166 5.709140642592873
167 9.066575264321392
168 7.525205320937673
169 6.0788934234945184
170 5.789510239940796
171 6.697965343736158
172 6.792719480786543
173 6.614626776936316
174 6.679283470161758
175 5.922178886423944
176 7.786358592277757
177 8.216168848928426
178 5.926407511285035
179 6.710448697227097
180 9.104385470242182
181 6.963184361743269
182 8.4770674940658
183 9.91975089029351
184 8.569473108928324
185 9.855073662541828
186 8.953288094009615
187 6.899689149044418
188 6.440569616297554
189 7.170642924506412
190 7.493518438012052
191 6.734058766932844
192 6.037976709886258
193 6.252317345079032
194 6.401489947802282
195 6.580453411764122
196 7.427980250835302
197 5.872204971075497
198 7.1464017354935505
199 7.522314683884218
200 7.325778785196708
201 6.575092697964906
202 6.66081643925036
203 6.861794777970223
204 6.2192460296449905
205 6.0055143963525035
206 6.078099720872087
207 6.191078916365088
208 6.684619057122719
209 7.8844855718067945
210 8.339501942480569
211 7.702319313672492
212 8.335343191151372
213 7.029257067335772
214 9.029494825363026
215 8.682572078939112
216 8.781011588595334
217 8.577571106454158
218 7.816128107110185
219 6.4204381735225375
220 7.837453171067609
221 9.00191396135234
222 8.787739129146491
223 8.851443802447168
224 10.115113459804796
225 10.330447998945335
226 9.217704260468789
227 8.928644552207397
228 9.91940714511204
229 8.939041314303372
230 9.080482592817505
231 8.654400556192925
232 8.136831367849858
233 8.613226850484107
234 8.864419780151595
235 9.395498406688692
236 8.875657260338619
237 8.76234740889475
238 8.992026588900476
239 8.17470407911447
240 9.550121768496325
241 8.581118589743417
242 7.936189703681389
243 8.245525036405978
244 9.387861523334466
245 9.036751518310416
246 9.179045148198114
247 9.984608786916306
248 9.778549924607349
249 8.996199887219564
250 8.790915442386137
251 8.119533333632182
252 8.486893250220442
253 9.159047295252932
254 8.501917383992547
255 10.374502496612473
256 10.53887457796361
257 10.440145273080908
258 8.871027975154238
259 8.611602252390318
260 9.73421500245379
261 9.220226069016723
262 9.285785750455732
263 8.138090740400463
264 8.663811218472343
265 9.188119838217354
266 8.566555130647732
267 9.004919930310026
268 8.796226697916131
269 8.620007305903389
270 8.244555589147483
271 10.186680363581752
272 9.147199709008468
273 9.46028752005911
274 9.408607424040284
275 8.449291547724865
276 9.752520005655674
277 9.025626789778084
278 8.809929937970757
279 10.3946067305051
280 9.84966611937275
281 9.035043051013439
282 9.918819197610734
283 7.328791340607336
284 8.22359150770796
285 9.49598258874322
286 10.183900485168612
287 9.064770523695659
288 9.465334614152258
289 10.105391835957343
290 10.52586950078206
291 11.387357055035746
292 11.295359202485203
293 10.250148760835147
294 11.448984258437509
295 10.707601478243781
296 9.443398177821313
297 11.1844069524408
298 11.127700003164145
299 10.513117443589744
300 8.520100297375077
301 9.481012518273813
302 9.482656064353463
303 9.71651895909581
304 9.091874745339958
305 10.200482758566151
306 9.17109669806823
307 7.753050614716314
308 9.006440990808386
309 9.671439747659088
310 9.289153628177415
311 9.903428294073942
312 9.979595070556767
313 9.157241459183183
314 9.629900356599114
315 10.130475929380497
316 9.769761804714753
317 8.240634390715812
318 10.61874138515791
319 11.743957377729378
320 11.353608462407543
321 12.46265754154715
322 11.674262737983405
323 11.196820987021258
324 12.238618724355732
325 11.792992066510257
326 11.137651824484731
327 11.401217895817549
328 10.997125158677711
329 10.553469268717084
330 12.116251210667576
331 11.568540369429034
332 11.795788662196037
333 11.903193082750358
334 12.597001954611537
335 11.165689341682281
336 11.438862292343279
337 12.33932264389899
338 12.006454280471472
339 11.618116747351928
340 12.176173325227632
341 11.743328459826882
342 12.17105277211481
343 11.844262686127554
344 11.83028781711396
345 12.06689037212234
346 12.69801373462539
347 12.271047428169258
348 12.211943309644273
349 12.402915021192905
350 11.406161327891004
351 12.978577409284885
352 12.87610301990479
353 12.205384311383131
354 11.611011339196054
355 11.650754116211216
356 11.942404544114204
357 12.416578801189262
358 11.995462767917527
359 12.329982995086617
360 11.278720139996143
361 12.663895410193284
362 11.915953287168
363 11.994297318845767
364 11.966117181766661
365 11.686724173205857
366 11.84653514421909
367 10.872142085921825
368 10.365084916547826
369 11.204961804803586
370 10.754525121552275
371 10.905534786504402
372 12.876245833106337
373 11.563493215980685
374 11.576720972057705
375 12.172099015938178
376 12.485206755024063
377 11.519149312833243
378 11.05524402571304
379 10.491339623151083
380 11.454206558271713
381 11.066232980823765
382 10.211420556331381
383 10.582365422366143
384 8.47126691221765
385 9.659725557626258
386 8.864239769360093
387 9.606554179114458
388 8.666384599546461
389 9.584085904891333
390 9.799650929152351
391 9.191602178331424
392 9.412849565097233
393 9.871585049851374
394 9.152303206264456
395 10.354158961930834
396 10.971163063737015
397 9.532121334761898
398 9.214292182614308
399 9.7465637263105
400 9.971527261346033
401 10.639264567897362
402 10.536199098376594
403 10.399293307884564
404 10.842022491169109
405 11.580855437449028
406 10.604376057398307
407 9.483357399871766
408 10.054879617067707
409 10.894412215878097
410 9.778691913286357
411 10.07563773168707
412 10.864771390170814
413 10.528268912110326
414 10.651116198367603
415 8.88495222817629
416 9.911308391719626
417 11.181731705007959
418 10.592653926866463
419 11.700345580748289
420 11.610608365337226
421 10.683221409537087
422 10.595846824802239
423 10.2639296969575
424 10.75473036567842
425 10.090847951488453
426 10.309931780849613
427 10.875141079107477
428 11.068425152562378
429 11.521103641923927
430 10.994615985112102
431 11.011505076030904
432 11.44925984339336
433 11.865545573700203
434 12.464667018756213
435 11.347220052066604
436 11.906373306063081
437 12.297477054105524
438 11.079364275438888
439 11.586397529392878
440 11.921579186900358
441 12.129803556835896
442 10.177000636610927
443 8.972984635790288
444 10.065496232450343
445 10.509523773866231
446 9.800183431523132
447 11.030670468440505
448 12.100341479414334
449 11.464494029465063
450 11.134494887119441
451 11.362173281515037
452 12.326512808971033
453 12.01636169866451
454 11.091490923627976
455 11.201902447805976
456 12.380697574432235
457 12.538749568446176
458 10.239045186853167
459 12.362015435372387
460 12.163886893138889
461 11.8380732914781
462 12.130759825340165
463 12.148629047627159
464 11.982843703629243
465 11.214189348962492
466 12.035411625774858
467 11.936076537119401
468 10.756561849414423
469 10.686452259914192
470 10.216103395169826
471 11.43021493817639
472 12.359038813747834
473 9.98085715924037
474 10.739631295545491
475 9.16340808940987
476 9.724616293625898
477 11.14064334139687
478 11.182024837212104
479 10.384546415670918
480 9.887510879920816
481 10.043087044956293
482 12.268239100338368
483 11.364852339985886
484 11.099762646592703
485 11.60167271619062
486 11.048253097602922
487 9.521330377907491
488 10.451838151767687
489 11.37658600964384
490 10.548863391835114
491 11.548367241137399
492 10.571420564654387
493 10.796630209208454
494 10.290665165941002
495 10.709940924264469
496 11.262897625621312
497 11.547187277238965
498 11.291640066321248
499 11.614324926647658
500 11.847762207364841
501 7.6827360118488786
502 7.188846800440852
503 7.515939576126492
504 8.817647146304612
505 10.324957677726246
506 11.418725697696157
507 9.93944447060699
508 11.08121248652214
509 10.17871713936665
510 8.96321598708566
511 10.714891544976643
512 9.255294468846055
513 8.839177965167009
514 7.625753014430745
515 9.03632644131525
516 8.786920953947925
517 9.191116239007297
518 8.54530634843102
519 5.775765751762336
520 7.191438374884208
521 7.262823137235153
522 7.05722113389448
523 6.869254781874941
524 5.557942106678409
525 7.048174079411639
526 8.265485853728753
527 6.972816516997647
528 7.223893643861239
529 10.24522167551732
530 6.94431385018953
531 7.872073306245552
532 6.828559900295771
533 7.820459083032646
534 6.487547217424155
535 6.810590343261246
536 7.2895714924287
537 6.503210184645092
538 6.25174877313165
539 6.597393789752725
540 9.742406578384143
541 9.18775518708204
542 10.783912736813216
543 7.32195502086595
544 6.488838664419868
545 6.319284911132431
546 7.5613951914573
547 10.840781102136601
548 9.770534024862371
549 12.238554446659283
550 11.364847151123886
551 11.029899669563337
552 11.647449643777444
553 12.750270955740334
554 12.652011127436339
555 12.812248662728901
556 13.19804734873909
557 12.26508120744856
558 12.717739093714291
559 12.88493658806498
560 12.867071343198788
561 12.518316916143561
562 11.949591409512601
563 11.88329405626031
564 12.612204077532237
565 11.910571917460855
566 12.15698637079205
567 11.952220053102133
568 12.395872405550648
569 12.19714733597847
570 12.772977803993623
571 12.264944220364047
572 12.022484303648618
573 11.4233400487049
574 13.276251807599593
575 13.372788351013654
576 13.132357609845144
577 12.995644994917786
578 13.405598879024781
579 12.955931726080212
580 13.380182684949894
581 13.011356808541061
582 13.434408455568342
583 13.529371678425335
584 11.607826873359219
585 11.65874173566653
586 11.360699516061723
587 11.352873491008058
588 12.31264411279309
589 13.082990276821258
590 13.678891544562704
591 13.16025174300525
592 13.265007460652603
593 12.477936350967978
594 11.82332516181273
595 11.891412342758983
596 11.67228529858802
597 11.21295041290757
598 13.152954674632895
599 13.035509694597472
600 13.273259438632493
601 13.128911270855305
602 13.053340125134959
603 12.904611288875445
604 12.862305013064715
605 13.056962063460798
606 12.894976191975987
607 12.621132269803867
608 12.692460822311299
609 12.98905730272535
610 12.79863341846863
611 12.831034133703223
612 12.989120178438215
613 13.103556797461918
614 13.253629195751188
615 12.94294388645385
616 12.762269881396398
617 13.078457223046206
618 12.991636116004326
619 12.85863814695178
620 12.631957791109143
621 13.116993862261209
622 12.599549462865445
623 12.423710666779465
624 12.942308150923564
625 13.399018480168088
626 12.965070817220608
627 13.036476426317508
628 13.021169766622233
629 12.82833263532883
630 13.215584622139486
631 13.004233441435535
632 13.123414774961446
633 12.952585125507698
634 12.813935176377466
635 12.790105180687219
636 12.700806424480142
637 12.809130159034124
638 12.971931421353263
639 13.0303792608321
640 12.977063254459068
641 12.915529888934797
642 12.58234079608039
643 12.500792800882095
644 12.806031617025553
645 12.862846892110113
646 12.119973015904714
647 12.642821701181877
648 12.074870421252463
649 12.189119609520596
650 12.626060585338536
651 12.56859077635014
652 12.627524938140954
653 13.151109667600997
654 12.45372746804329
655 12.146093910379054
656 12.457739134929643
657 12.617755862935448
658 12.84972952618081
659 12.08266662351947
660 12.733362165871933
661 12.645790402512171
662 12.555631481562571
663 11.842408534500818
664 11.763493400846501
665 11.906386403995011
666 11.227914813474994
667 11.978709482081742
668 11.857970253732557
669 12.61628847823514
670 12.625167825929614
671 13.078788408627611
672 11.852000308027943
673 12.65372516336549
674 12.416509449360122
675 12.891597387244431
676 11.700503677943304
677 12.875656235666087
678 12.889972785813471
679 12.914132367068133
680 12.488682492916519
681 11.534571894598018
682 12.244191340169465
683 12.3654015319677
684 12.270511421677023
685 12.293672877233767
686 13.041056554905675
687 12.592031623077965
688 11.69209481001337
689 12.149705685192414
690 12.633163647978769
691 13.329656210771322
692 12.907412023056722
693 13.036992863711513
694 13.181059508745344
695 13.131295761301747
696 13.216341178465902
697 13.045752383457003
698 13.12428851763134
699 11.342383788186881
700 12.90957894488385
701 13.074470363620666
702 12.906559920763753
703 12.569001088291618
704 12.960913400359878
705 12.79056709616093
706 12.778396920845893
707 12.702018771129334
708 11.86566938384612
709 12.533017840829212
710 12.286413901614845
711 12.489520734384406
712 12.666164521795304
713 12.826780146877702
714 13.170134144462262
715 12.659893942489468
716 13.256606665678937
717 13.122219191561696
718 13.42948488236964
719 13.108053875791006
720 13.273214674821636
721 12.959121535002645
722 13.067532922434344
723 12.99337370545192
724 13.161516374411686
725 13.348758676565362
726 12.86569673724498
727 13.09640085381049
728 13.491295646042623
729 12.113677168787834
730 12.196709699786469
731 12.813154706266472
732 12.857527145203726
733 12.117263392918026
734 10.658500308356448
735 11.494895370757632
736 11.15735445822475
737 11.711641853057747
738 8.983647992533252
739 9.615457218505778
740 8.722479174452328
741 8.984324196143874
742 10.0455061605938
743 9.57733528887617
744 10.288287505015063
745 11.246162188641323
746 8.456521486172281
747 8.235761019060773
748 7.829444351908685
749 9.428669272951854
750 11.915232898151103
751 11.653033377712333
752 10.096929389239275
753 10.00326457807536
754 11.448796802788126
755 11.264378862836645
756 11.889087965391806
757 12.596947762287078
758 12.95241635997613
759 11.927652697730185
760 11.666623287165974
761 11.510560041851637
762 12.2617876266285
763 12.512233725742478
764 12.42821393179335
765 12.472347911973001
766 12.111352584734613
767 12.452484220484834
768 12.887525060811164
769 12.135859859572783
770 12.588621527390275
771 11.456611716665126
772 10.194155352522554
773 11.09142242180935
774 11.137469559709183
775 11.062490853159964
776 10.857200591684188
777 10.354763520735563
778 8.883009302983487
779 8.691425529511644
780 10.92782610066489
781 11.877826722851886
782 8.64022259853215
783 7.39056139181178
784 7.495866070130751
785 9.010331568616971
786 8.71908216921545
787 9.289043589793115
788 8.760690708115288
789 9.925484740889289
790 10.034428089006315
791 8.834586721446847
792 10.346913088916091
793 7.410529841898737
794 6.999299489837327
795 9.44263610261804
796 5.746797273781123
797 7.707847729751001
798 9.308582670550873
799 10.257089103062906
800 9.519204634514045
801 11.07011106891162
802 10.035864415284134
803 9.824180834233028
804 10.331638223130284
805 8.80337543191763
806 8.825840466861687
807 9.4916890175264
808 6.605839064781003
809 8.910030595385509
810 6.577745179500093
811 5.280309252508956
812 3.681281296061777
813 3.9543084112454068
814 3.8713836261188157
815 3.4640333046857443
816 3.4063225339000387
817 6.094019759215348
818 6.884490114238134
819 5.937407078774465
820 6.861466378965838
821 8.752430011996847
822 8.647931836632537
823 7.350386590423997
824 8.73923235457929
825 7.845396625236108
826 8.482467471780955
827 9.853636821530696
828 8.27015288627726
829 8.34490540643599
830 8.452867687556939
831 8.336706602981822
832 8.797880869424722
833 8.271381270892354
834 10.250361276589341
835 10.91785315598342
836 10.025897494927554
837 11.015357406753628
838 11.279235123629972
839 9.739383619223382
840 8.389233460181849
841 8.634976623156422
842 7.9840832212594295
843 8.900796259221801
844 9.976425169114897
845 10.680862018612801
846 10.673572848831748
847 11.593549820805578
848 10.583346528209924
849 11.539973268150963
850 7.817451460545633
851 8.485349831196038
852 8.528236319135697
853 10.44087345762099
854 8.746746038887018
855 8.826341690633859
856 7.817859193454836
857 9.82459242073349
858 10.812061036782525
859 9.148549194158345
860 7.487024533926698
861 7.72987151570404
862 7.221955421265046
863 8.78842210215185
864 9.303710156712791
865 10.54343672834437
866 9.513760865118464
867 10.183594611721146
868 9.100869858207483
869 8.077177281974091
870 9.094735020281329
871 8.788305843530207
872 7.864826211372085
873 9.153897512241116
874 6.3421064797002735
875 7.791061383343216
876 7.341815442598433
877 8.387227287216268
878 6.349262874529839
879 6.154891158325147
880 7.4037140574911
881 6.085678805061026
882 8.862265153038802
883 7.005229627402088
884 10.938465285035795
885 11.80887297001572
886 11.312031640248552
887 10.270381488807928
888 10.990860376159079
889 9.418975715115584
890 8.752392962313287
891 11.06127280429443
892 8.6682934572065
893 10.020392938667014
894 11.033944817452767
895 11.346800241317025
896 10.52206582411701
897 12.448239344859443
898 11.343719916807727
899 10.697216168897855
900 10.36335818445465
901 11.243201712464733
902 11.215692611590493
903 11.363818488467732
904 10.801108000019823
905 11.036756705026127
906 11.951626428928131
907 10.054140059793845
908 10.321201664437034
909 12.342484955917042
910 10.347841976293498
911 9.550666344536943
912 9.133298564942502
913 8.995208389377453
914 11.021074108923722
915 11.711083681384475
916 10.698451993558594
917 10.035382049719995
918 8.890302849767007
919 10.64089457992711
920 10.349896347593806
921 11.959856983186395
922 10.19336069992383
923 11.93622119225332
924 9.133490022135454
925 9.551678003746623
926 11.171672172770718
927 10.631790192501043
928 9.376253352667872
929 11.056950253494875
930 10.304139699194156
931 8.31066013700007
932 10.994688000300947
933 11.738196858424809
934 11.603841183254247
935 9.455767799291834
936 11.97724457105242
937 11.591940819367535
938 8.875535982908234
939 8.472547663891511
940 6.921823584706774
941 6.8175118391136005
942 7.553644013556103
943 9.705869940844153
944 11.67910746272102
945 11.801677561625157
946 11.334448325680123
947 11.041481558006481
948 11.783485476876091
949 11.13936145352017
950 8.461962619646382
951 10.321773943782466
952 11.836356335100419
953 10.922642087859916
954 11.91598533485403
955 12.259185567872608
956 11.75145784805124
957 11.958857941198826
958 11.01904647555073
959 11.41587251936116
960 11.738999396477698
961 11.408304825548111
962 11.739184603593337
963 12.846398803270548
964 11.661385821867169
965 11.55679517322275
966 11.422540451949564
967 10.885207027955408
968 10.416185792690428
969 11.20836186206524
970 11.974971841338368
971 11.381821741713852
972 10.795880969945115
973 11.282382782891128
974 11.041274976291554
975 10.951133642162239
976 10.626439981813888
977 10.107452140934768
978 10.529507202452281
979 11.789704274461155
980 11.40611467096189
981 10.968479592292631
982 11.139698380740384
983 11.016709249379346
984 11.475190561576701
985 11.558968109830689
986 11.676167792800676
987 11.57459187833341
988 11.780411117799076
989 11.704696448084338
990 10.969653960565541
991 11.041714368147113
992 11.12597154519204
993 10.95030104133986
994 11.061819813690322
995 11.048302834225431
996 10.048223472314213
997 10.699748965414882
998 10.577107928457016
999 10.135250349471358
1000 10.78717270955706
1001 10.133529656386607
1002 10.236125381145515
1003 9.602222253323275
1004 9.29090237218385
1005 11.494380794613155
1006 10.621544590007572
1007 12.134546410398409
1008 10.079342870287453
1009 10.879709223982953
1010 10.697358741654163
1011 10.744335695408077
1012 10.879160520328083
1013 10.88666370067794
1014 9.811933309754114
1015 11.810718521502944
1016 11.025869547522529
1017 11.28608186661833
1018 11.213941317929423
1019 11.190301135221105
1020 10.586502282963394
1021 12.429649239896834
1022 11.363523640106473
1023 11.738015720368722
1024 10.743555004216168
1025 11.816962643073998
1026 11.518593707770421
1027 9.935937921275773
1028 11.800516336095859
1029 11.677518544865125
1030 11.419864079870461
1031 9.898080354202273
1032 11.100671596839279
1033 11.1825555424184
1034 11.398271615201722
1035 11.191860004950115
1036 10.034975050216607
1037 11.78619514209538
1038 10.799297586139987
1039 11.167726573480032
1040 11.327017222269314
1041 11.194529348624368
1042 11.532446896941499
1043 11.364482558014386
1044 11.696607898871616
1045 12.078291515362903
1046 11.475226608624327
1047 11.625530349842833
1048 11.38362142136645
1049 10.939546303040467
1050 11.918628906328983
1051 11.77060921522923
1052 11.586989222344137
1053 11.263012881818296
1054 11.343101260748153
1055 11.323942023384888
1056 10.91053803802712
1057 10.702063939970033
1058 11.251958662992456
1059 10.461702213074567
1060 11.287096999937198
1061 10.63980199389993
1062 10.488132690877638
1063 11.45016141538092
1064 11.909034580782295
1065 11.953256364347995
1066 12.19943136813689
1067 11.897421786548037
1068 10.837300818058836
1069 11.07641539691002
1070 10.927497826291479
1071 11.968888670320245
1072 11.99736065438624
1073 11.628492835770896
1074 12.249444394478484
1075 11.223198773225585
1076 12.382207675426905
1077 11.364033716827644
1078 9.603058560943783
1079 11.480006324433665
1080 10.637716515723357
1081 10.865770377331163
1082 11.516748347217959
1083 10.284648621656672
1084 11.426717224841571
1085 11.393851369430934
1086 11.895215898421474
1087 11.648041814795548
1088 11.173372583844584
1089 11.357557720962896
1090 11.370603273393941
1091 11.947162277664123
1092 10.115015639529677
1093 8.715135987425107
1094 9.983727830691521
1095 10.087583715496143
1096 10.475612247423687
1097 11.418586900871
1098 11.577098808857274
1099 11.78233009479688
1100 11.769501273559392
1101 11.635362072192903
1102 12.444707711617692
1103 11.456797381829338
1104 11.919625464199248
1105 12.46730060997195
1106 11.601782880738321
1107 11.869949317929912
1108 11.731998304250784
1109 11.455337793798872
1110 12.747258617485766
1111 11.920566671356756
1112 11.896779057466206
1113 10.474487700722145
1114 10.94881874509064
1115 9.622487879131288
1116 10.424301945457168
1117 11.656204615395358
1118 12.16508452417581
1119 11.350298430306054
1120 11.936799878725436
1121 10.996159992367623
1122 10.292088819066677
1123 8.91493546110778
1124 10.427108032141476
1125 10.203702949377728
1126 12.057635393620545
1127 10.176346345865412
1128 9.710535723791654
1129 9.457295276214689
1130 12.843571599064507
1131 12.689144848761813
1132 13.056852251683193
1133 13.34182709981616
1134 11.51471877137665
1135 12.740191649413955
1136 11.550336619041687
1137 12.240052341108418
1138 12.493890139680323
1139 11.986379091409669
1140 13.117378500107401
1141 12.149842638300907
1142 11.198908105099123
1143 10.873610471878425
1144 10.095098024172977
1145 9.474301501924337
1146 10.0081928074212
1147 9.897664687426587
1148 9.477601809797994
1149 9.608401713150796
1150 11.863990916962402
1151 11.268927372628404
1152 11.348877330038272
1153 10.911023132694853
1154 10.269384295712502
1155 9.343094954089858
1156 9.438683638368811
1157 11.06377043572593
1158 10.56880894194752
1159 10.59647508688969
1160 11.802323978775272
1161 10.211999406077855
1162 11.766739553074187
1163 10.272491733676725
1164 11.198276559509916
1165 9.92933624308777
1166 10.375214806307804
1167 11.417055703785824
1168 12.485308256217042
1169 11.444251240822476
1170 11.43867639292852
1171 10.82041328235285
1172 11.565844162130567
1173 11.450956601072246
1174 10.363783527036775
1175 11.099290446175177
1176 11.090708299506886
1177 11.79094801949587
1178 11.547399357693276
1179 11.531916015094751
1180 11.434038081425898
1181 11.231741616552876
1182 10.988136052781169
1183 9.946290972974964
1184 11.243056602316628
1185 9.86338839805237
1186 10.425322852517079
1187 9.939435981345907
1188 11.28615651024706
1189 10.556939731572827
1190 7.932510154711235
1191 10.072265241204697
1192 10.871211812564587
1193 10.791409020185048
1194 11.146085332683509
1195 11.378909482426653
1196 11.345143924101556
1197 10.069406971932985
1198 12.195384263248476
1199 12.031942235046314
1200 11.966558528552802
1201 8.862440027397815
1202 11.90753008610601
1203 10.390456918984528
1204 10.379559362716888
1205 10.615047858509628
1206 9.342842719527509
1207 10.502688028710923
1208 11.259949206420965
1209 10.245775144728597
1210 10.05061517310867
1211 9.474240836661469
1212 10.932930798410496
1213 9.168913415145104
1214 7.477053578121981
1215 8.360861854710759
1216 6.994617358370014
1217 7.059546753154971
1218 8.549209331058604
1219 8.654625692041456
1220 9.307806826557048
1221 9.188195281346426
1222 7.718264367466829
1223 9.214243124015333
1224 8.29007208720234
1225 9.975547395173704
1226 9.480034432213108
1227 8.850791055128587
1228 8.694208862449338
1229 9.007959493300866
1230 8.831328803098476
1231 9.147886732295657
1232 9.645786419432197
1233 8.720684151302965
1234 9.014654880021602
1235 9.05789067761532
1236 8.9935410520781
1237 8.004007552754132
1238 7.718053062913551
1239 9.583819809486858
1240 8.748136951108158
1241 6.709115264584092
1242 8.332070522622104
1243 7.831885302216811
1244 7.539888109512314
1245 7.297486938119352
1246 7.640643190885435
1247 7.9505797550477455
1248 8.877921435038225
1249 7.883890617783763
1250 6.591772659567479
1251 7.938013879018526
1252 6.908338477625636
1253 6.681089991301475
1254 6.70360363369123
1255 6.404922947401071
1256 7.357687109643375
1257 9.019159333548275
1258 6.037200110380433
1259 9.07589538082906
1260 8.209732385505713
1261 10.249583653689871
1262 8.601490712519366
1263 7.681550761226742
1264 8.869483899479878
1265 8.236651508079497
1266 8.500860684071794
1267 7.4948602241683675
1268 7.850325745089787
1269 10.66181473264993
1270 10.869262304525101
1271 10.481045019691662
1272 9.145719393041432
1273 7.314899924813746
1274 8.13002617170194
1275 7.864832545752437
1276 8.362679658208714
1277 9.099447968621835
1278 10.311895863219338
1279 8.58984611309223
1280 9.476121618985502
1281 9.05968069185597
1282 8.035735191513918
1283 10.80616257531031
1284 7.162948589712856
1285 6.53917598656075
1286 7.454797849224999
1287 8.64425570275723
1288 6.951870289138356
1289 7.56320363677772
1290 7.923206108677733
1291 7.096803862211325
1292 6.819119364887536
1293 7.036114744292585
1294 7.3249122533866196
1295 6.7371325758399925
1296 6.742048367106019
1297 6.81052469485687
1298 7.1178544988321235
1299 6.863194828709323
1300 6.402213072399811
1301 6.789479486703227
1302 9.4193421875446
1303 9.065639256138189
1304 10.315624349167514
1305 9.986482127720722
1306 12.273920813303903
1307 11.84332396270275
1308 10.7961767396541
1309 11.335676054019993
1310 10.793024303772105
1311 10.74474343309865
1312 11.67481648275984
1313 12.056402251666533
1314 11.292809638439882
1315 11.155525900711345
1316 9.58407990560717
1317 8.544513226212782
1318 10.551323365342418
1319 10.855022842812122
1320 11.500177748765909
1321 11.31548861757653
1322 11.214722432032303
1323 11.187718069624225
1324 11.473470235991087
1325 11.826140185105436
1326 11.588445504348307
1327 12.34178283604026
1328 11.959390781596447
1329 12.026829598276699
1330 12.049679147940054
1331 11.617565428464806
1332 10.196157623472324
1333 11.218034942260099
1334 12.381526773796397
1335 12.24675160575783
1336 9.619863900819489
1337 10.934123666575578
1338 10.447966703766545
1339 10.705542472675228
1340 11.62621827358462
1341 11.10510515345222
1342 12.306098481864566
1343 11.816207408281093
1344 10.998098202708274
1345 11.58608142401187
1346 11.112554099280795
1347 10.638594459800249
1348 10.882311922112889
1349 11.621171269306602
1350 9.985213231619186
1351 9.200779317421516
1352 10.301126179341656
1353 8.329998918578028
1354 9.504691670813154
1355 6.883369478977501
1356 8.763175982685237
1357 10.61593579613824
1358 8.103299332787259
1359 9.527962044546172
1360 9.67154688581529
1361 9.840513719081052
1362 8.71861599441106
1363 10.539025418262149
1364 8.799162323946891
1365 9.664183960691847
1366 8.199748406738953
1367 8.745500221640018
1368 10.506049511047074
1369 9.106132576174886
1370 10.722922449415805
1371 9.475479832663886
1372 9.823915076575512
1373 8.685606659877404
1374 9.100837281740763
1375 8.905380250049747
1376 7.765599147157725
1377 8.471872667179463
1378 6.471672641987489
1379 7.319962561014223
1380 8.206615131940195
1381 8.481706211048513
1382 8.999862845016711
1383 9.797057101287194
1384 7.128866766052431
1385 7.857057210113284
1386 8.580722570603115
1387 6.643953616619884
1388 5.936015927723052
1389 7.898769771876191
1390 6.9692043830096795
1391 7.1154575942016
1392 6.626742302371136
1393 6.275071299259978
1394 6.508101142036797
1395 6.813492951078725
1396 7.286689240015201
1397 7.191567923392303
1398 9.594399911766812
1399 10.092186921339268
1400 9.005893935304826
1401 10.998557162893448
1402 11.35124682725633
1403 11.07481516335573
1404 11.432582694219967
1405 11.545791901217179
1406 12.674001950703568
1407 11.313443174094134
1408 10.909502783248382
1409 11.323837396087542
1410 11.554188956553151
1411 12.012255779707163
1412 11.737686563293261
1413 11.834566677473656
1414 10.757147492017646
1415 11.12249594975707
1416 10.847257691826446
1417 11.275808878375456
1418 11.315621397386693
1419 10.65250083223004
1420 10.559178677067736
1421 9.370768984487434
1422 10.438041711460468
1423 10.530862702433783
1424 9.524524451401078
1425 9.199532369100716
1426 8.825777278354556
1427 9.170517670841912
1428 10.077521934615183
1429 12.071748256559642
1430 9.707832884655794
1431 8.836802317750777
1432 11.019775661220816
1433 7.743702576249948
1434 9.143113584805162
1435 9.628172832636782
1436 11.155289041818412
1437 11.666299203701538
1438 11.2984729560477
1439 11.3520796861786
1440 10.896759270077952
1441 10.185367114561444
1442 12.443340618543207
1443 11.024319889437884
1444 12.16581401403876
1445 10.90118125951851
1446 11.11318230327951
1447 11.425413919072778
1448 12.391499402274725
1449 12.118112709160346
1450 12.281548176525147
1451 11.815492163723004
1452 12.533461401370502
1453 11.483242482187372
1454 11.73829260149921
1455 10.848614467766586
1456 9.425143690471817
1457 10.568374307647497
1458 9.677653294988747
1459 10.944470970719369
1460 11.80625935608821
1461 11.327627336869824
1462 10.299544867973882
1463 10.499317019867616
1464 10.114874427783338
1465 11.13422512930973
1466 11.15485523532908
1467 9.941590920394972
1468 10.381431272136489
1469 9.813996783787177
1470 9.276534399071647
1471 10.090854598741306
1472 9.391493661311758
1473 9.651767803456314
1474 10.948626319187783
1475 10.05170811319173
1476 10.352791493259705
1477 11.075390954553532
1478 11.12431645168081
1479 10.97452048979136
1480 10.512535775420643
1481 9.465999079914715
1482 10.336357178524915
1483 11.387304461578873
1484 10.667915861474688
1485 10.954688881789746
1486 10.186101972106789
1487 8.786944046842821
1488 8.699861408294359
1489 9.640594558869342
1490 10.552566860882008
1491 9.737197088409728
1492 10.272099332538236
1493 10.928628635329144
1494 11.30835150921889
1495 10.481915247396785
1496 10.890371921204148
1497 10.689193751137074
1498 10.738795925628654
1499 10.99755161954784
1500 10.784199881419458
1501 10.961792197024797
1502 10.889187811051148
1503 11.052230236270683
1504 8.265960154268612
1505 10.45094478147218
1506 10.916109261417269
1507 10.87533918196581
1508 10.431238812566843
1509 10.634117542606825
1510 8.889765940725454
1511 10.63631968762836
1512 10.363647956140284
1513 8.474515281926134
1514 8.767347356299416
1515 10.40987756303346
1516 11.00256501831788
1517 12.0281798217216
1518 12.352640779205222
1519 11.951067277279376
1520 11.758578906888784
1521 11.816446112526412
1522 10.249253536026973
1523 10.04885156885932
1524 11.331789243198672
1525 10.824590942423155
1526 9.926708318569048
1527 7.341525303474516
1528 9.153737052349856
1529 10.847552957285474
1530 10.79070887477095
1531 9.514593471823186
1532 9.93791210766034
1533 10.038782396008681
1534 9.807243857862625
1535 10.72687686318537
1536 10.278343922853818
1537 9.689843627109397
1538 11.116972680531068
1539 9.67188573553884
1540 8.315690815024004
1541 10.717612267525476
1542 10.62472113901656
1543 11.433085256465569
1544 10.376513447399521
1545 10.356659100328995
1546 10.788516840522322
1547 12.43263729581839
1548 11.887215931078458
1549 11.903218909369453
1550 11.996268612387265
1551 11.53072980817361
1552 9.501607617287032
1553 9.171937767503286
1554 8.760108891373372
1555 10.177760364163527
1556 12.073611961284632
1557 10.630877104763748
1558 12.062994367513513
1559 12.740701826904079
1560 11.172082082181657
1561 11.243576551393588
1562 11.335976861062385
1563 10.362836615626273
1564 10.650329186129587
1565 11.24722257943294
1566 11.179500905092732
1567 11.17376678085028
1568 7.939138198541249
1569 10.005983259217148
1570 10.93432596441244
1571 10.04403593503531
1572 11.487852930522328
1573 11.548369875723697
1574 11.088319381271189
1575 11.618959391960427
1576 11.709280256147187
1577 8.917035042343088
1578 8.768523133231104
1579 9.218584613193885
1580 11.057166193067042
1581 11.267469501475402
1582 10.879528742939815
1583 10.778526443780324
1584 10.923675555723182
1585 11.9036944755232
1586 11.591805878089854
1587 11.469347158472052
1588 11.081869244991818
1589 10.831870455094764
1590 10.79127340382759
1591 11.52291828542812
1592 11.167918661681018
1593 11.44561190167729
1594 11.881231347432786
1595 11.227584770728994
1596 11.125712866209014
1597 10.877251240027114
1598 10.723708930505227
1599 11.01801716402159
1600 11.08662872505962
1601 10.882874545582586
1602 11.721465034039877
1603 11.436874919545216
1604 11.127120844717059
1605 11.060710559300109
1606 11.727850071341177
1607 10.706798542415216
1608 10.011776597075718
1609 10.55578794507797
1610 10.95889186488649
1611 10.879438770757627
1612 11.314148885301138
1613 10.390326895498518
1614 9.992662791648472
1615 9.58259766190833
1616 8.949288381717457
1617 10.385817124243852
1618 11.29975481827853
1619 11.980320623380567
1620 12.121926548893942
1621 11.379221753850498
1622 11.796123682469132
1623 12.289979185565604
1624 10.625956416035086
1625 9.10133443900227
1626 9.917025840963472
1627 11.265170248446431
1628 10.636681918203712
1629 11.88407447063014
1630 9.51428110699935
1631 11.227949014258245
1632 11.377152058523123
1633 11.306146991580272
1634 10.899013471108244
1635 10.826476873087845
1636 9.87054511905259
1637 10.636213584060775
1638 12.314534609663337
1639 11.460071404497844
1640 11.34015797738354
1641 11.655101181981326
1642 11.575500621675843
1643 9.576383957122392
1644 9.439579332587739
1645 10.170251136922307
1646 11.141652524363531
1647 11.72220274968449
1648 11.27134108480594
1649 11.826438382567384
1650 11.959808924282097
1651 11.523617403091603
1652 11.750694128935839
1653 10.10001706588884
1654 11.765137241046173
1655 11.666305574687152
1656 11.4488628976003
1657 11.572243687541135
1658 11.465266512444044
1659 12.555824673036875
1660 9.051010386335927
1661 7.031393834277533
1662 7.311536779408494
1663 7.782838172529962
1664 7.868169271896582
1665 7.6994417411497595
1666 8.390294979755478
1667 10.229802819825528
1668 11.354191193226717
1669 9.150215912493715
1670 10.29846533898429
1671 8.632776758545896
1672 5.333310922309355
1673 7.560675709075978
1674 6.977115784182903
1675 9.270397988707877
1676 7.402803596803545
1677 7.909015353507353
1678 8.690707593273594
1679 11.101300074259107
1680 8.565285805068658
1681 3.8250089122945257
1682 9.041441663385276
1683 9.680404752777653
1684 11.459957658509172
1685 11.385051076187773
1686 9.714486205053783
1687 11.86427050565618
1688 9.990532950808447
1689 11.714654560353182
1690 12.159171018049445
1691 10.80417041295136
1692 11.3355984119541
1693 12.053868014604
1694 11.129528861308676
1695 10.873432838489755
1696 11.211752835549449
1697 10.331525763605168
1698 10.113241364902136
1699 11.263383193002317
1700 11.410225318949234
1701 8.293939847814913
1702 9.8787354098842
1703 10.40797615484469
1704 9.786130572945671
1705 11.049537353160273
1706 9.340748082399005
1707 9.303514609606722
1708 10.273194288763598
1709 10.447200500155569
1710 8.892190626893676
1711 9.386324360089146
1712 8.696996723934543
1713 9.842408370282808
1714 8.811587387508503
1715 7.170624454474528
1716 9.271056924206075
1717 8.222279784147437
1718 8.259780636545642
1719 9.079688550548864
1720 11.220168597721324
1721 10.760846793304925
1722 10.810294578266626
1723 11.60601493183797
1724 10.48084999910236
1725 7.916449070319298
1726 11.003318805846778
1727 10.673741120445007
1728 10.933462681510335
1729 10.548538246179659
1730 10.66031392092861
1731 10.588143566731063
1732 10.937123136603663
1733 10.117347812147848
1734 9.602185557570069
1735 9.58070694074277
1736 11.557687539270724
1737 9.651362677771584
1738 10.289130111612593
1739 10.438890803599485
1740 11.350681971138702
1741 10.340630887413996
1742 11.154108905695654
1743 10.261390549265391
1744 10.868138132605695
1745 10.449982982808224
1746 10.498872037059927
1747 11.089290847853754
1748 10.900634915632043
1749 9.752623718050456
1750 9.877067692100427
1751 11.236124465844343
1752 10.983622638798014
1753 11.528450307071978
1754 11.031760791802423
1755 11.982455997149655
1756 10.956490648373547
1757 10.708943804777078
1758 10.761177939713232
1759 10.44172032431442
1760 10.64365108093704
1761 9.442024591854944
1762 10.852463143430302
1763 11.349485906757936
1764 9.821475550709648
1765 10.220821541967917
1766 10.123383620225491
1767 10.963932863658568
1768 10.006998203689367
1769 11.378750581786266
1770 10.448626904435855
1771 11.590983054384745
1772 9.588977352501407
1773 10.666013959087575
1774 10.601942415624139
1775 10.919230795600365
1776 10.40407769117843
1777 10.748852126945904
1778 10.39264147118085
1779 10.782278164235212
1780 11.45900064872601
1781 11.089398089342257
1782 11.558024874896715
1783 10.227957386693781
1784 10.40098410348521
1785 10.450997998402615
1786 9.983241730946903
1787 9.532882146722901
1788 9.703662740577572
1789 9.7802417936934
1790 9.86573355023146
1791 9.840038537039234
1792 10.874262101622076
1793 11.101845536097168
1794 10.05533331310762
1795 10.718531640795472
1796 9.750733434514617
1797 9.538848469679449
1798 9.680346998415844
1799 10.916946414252045
1800 9.718706850829312
1801 9.441240030896335
1802 11.188870574808888
1803 11.310844583124899
1804 10.626232221103281
1805 10.436288536514624
1806 10.934334237525922
1807 11.126062049228768
1808 11.729847043332043
1809 12.195479274229804
1810 10.582955965428491
1811 11.529537189678576
1812 11.52134927433456
1813 9.13152458650982
1814 12.281819819661804
1815 11.419854123371211
1816 11.848523568119823
1817 9.593818343147827
1818 10.616213950409541
1819 10.986553853234083
1820 10.505067346672837
1821 11.706691390788302
1822 11.715771420782676
1823 11.598057553314579
1824 11.656384923893816
1825 9.562724734618454
1826 11.25908248638116
1827 11.304802686127283
1828 11.996929124130133
1829 11.910702833529623
1830 12.123242222129628
1831 12.069188372052665
1832 11.002771289039732
1833 11.366876326784935
1834 12.064427294696687
1835 11.729017764955438
1836 11.450043376714227
1837 9.757831778354161
1838 9.547143389481162
1839 10.778584317632342
1840 10.977639143945675
1841 11.37649283785617
1842 11.045312802089526
1843 12.150005137822754
1844 11.795914675353876
1845 11.134870897209233
1846 12.571228062108158
1847 10.719480977859506
1848 11.732717603125568
1849 11.95628024987441
1850 10.764350851079413
1851 10.06945462133492
1852 9.63914634391017
1853 8.222503400068232
1854 8.524605332624217
1855 6.580464890346636
1856 7.200469453815995
1857 7.630240456067729
1858 10.273258683218938
1859 9.590532547449438
1860 8.64404492357803
1861 6.843602916695553
1862 9.147404463374476
1863 10.024573378052501
1864 9.961887433434983
1865 10.561491906211659
1866 9.622133218682134
1867 6.900626768264948
1868 8.029992433207093
1869 8.74067944837753
1870 9.638944105210884
1871 9.92831663609656
1872 10.265445932020675
1873 8.39294755366804
1874 8.533585886346161
1875 9.699814822916196
1876 9.993313152333776
1877 10.004449712249231
1878 10.685010256259021
1879 9.478299555361446
1880 10.043017359488086
1881 9.461824537999094
1882 10.647764298521887
1883 10.660375907519438
1884 9.90592942701989
1885 10.641654779913386
1886 10.229572072447102
1887 9.46180420404592
1888 9.648650998836503
1889 9.471380250897194
1890 8.331938865089374
1891 8.23766400519733
1892 8.288635572106635
1893 9.676502633527472
1894 10.259146260571697
1895 10.77402671723883
1896 9.313138724903515
1897 11.479034665030373
1898 11.347014678650613
1899 11.481733162294999
1900 11.305822331641362
1901 11.42383517234234
1902 11.988290602579742
1903 10.880518043175693
1904 11.814802354981069
1905 10.436649370855429
1906 11.912978668744039
1907 11.811256216044764
1908 12.692896239713528
1909 11.124820957899173
1910 11.568262513930948
1911 8.61963305709617
1912 8.275504780003745
1913 11.18287524627355
1914 11.675195875595676
1915 11.326845604086756
1916 11.310447998144502
1917 11.328100020106495
1918 11.832970156029198
1919 12.247083585492112
1920 11.676740393810922
1921 11.670923667028678
1922 11.251636341838976
1923 11.68910481181471
1924 12.098927206717661
1925 11.959242372514927
1926 11.997939847625357
1927 11.768921106038416
1928 10.99540279927474
1929 11.80576111277538
1930 12.11532236909795
1931 11.562001210228242
1932 11.450831110242692
1933 10.785272676270447
1934 11.382775839344667
1935 9.658385536655754
1936 10.729339812287183
1937 10.976171708483461
1938 10.774613077043613
1939 10.345797897932528
1940 9.965058629433203
1941 10.726342943591906
1942 11.166803851439056
1943 10.27956268337036
1944 10.917154311684849
1945 10.228813985618231
1946 10.31082071287308
1947 10.754482609759632
1948 10.539291461096104
1949 11.086526808445997
1950 10.955653874048057
1951 11.011702134254413
1952 11.170250864912653
1953 11.560515918008962
1954 11.037990873132554
1955 10.562373983472053
1956 10.997469874265478
1957 10.307009501854473
1958 11.111509047162636
1959 9.250851297620425
1960 9.720886882755805
1961 9.179891804975021
1962 11.818296100167837
1963 10.971475846641614
1964 11.164331890001215
1965 9.426318997567284
1966 8.265425524006602
1967 7.982847577360821
1968 10.662115686606294
1969 11.359234397117872
1970 11.553240197769094
1971 9.180369953676285
1972 9.838693881201156
1973 11.387572245632429
1974 11.395225841761452
1975 10.34583396943136
1976 11.500157047490843
1977 10.276795556882785
1978 11.791219582627408
1979 11.970584990646108
1980 11.111779604180168
1981 11.394823889456033
1982 11.633590220514774
1983 10.939051362372274
1984 10.943195970119485
1985 10.487326726581879
1986 11.634111331251527
1987 11.059230179951664
1988 11.609785283649005
1989 12.215997190409913
1990 9.415245516402342
1991 9.74262810482051
1992 8.932477904742244
1993 11.382565393759602
1994 12.137558487581687
1995 11.554815222276885
1996 11.353947470806744
1997 12.239787280120032
1998 10.597905703173048
1999 11.935795521020527
2000 11.798484620223435
2001 5.597403312138025
2002 7.773973375375855
2003 10.342803584553018
2004 10.238249047842725
2005 12.22915547046605
2006 12.059843270977119
2007 10.879336460440053
2008 12.170533567832084
2009 10.114411441054484
2010 9.212752061364704
2011 9.210817361211252
2012 9.719012122527692
2013 10.548590610215882
2014 10.958877759610933
2015 9.943521472028246
2016 10.477230744792102
2017 10.335299814876691
2018 8.71069577947632
2019 9.441805472895675
2020 9.56356273781453
2021 10.490223606292364
2022 10.21932268019651
2023 10.793924941307582
2024 10.530554574320924
2025 11.240159818891398
2026 10.340182353159506
2027 12.343873854699982
2028 11.448770786970089
2029 10.785383028362403
2030 10.859803140630328
2031 11.206801957505938
2032 10.524141334730412
2033 12.048119326307313
2034 11.452593340562391
2035 11.263924592501466
2036 10.930414586595003
2037 10.648672534345778
2038 10.886203406082112
2039 10.819864572749664
2040 11.874544992902434
2041 12.263002421161774
2042 11.566807261451508
2043 11.93538027571519
2044 11.92744007832115
2045 11.143633305855762
2046 11.409080722148452
2047 11.808275056565606
2048 12.293526001946685
2049 10.64181211601109
2050 11.826934003943059
2051 11.618657411069696
2052 11.624662319909735
2053 11.328117269912834
2054 10.983904207655108
2055 10.228138418251689
2056 12.116363197961935
2057 11.110591539381605
2058 11.447172178197187
2059 10.166574284713075
2060 10.622138731578763
2061 10.956786638806015
2062 9.824386588489446
2063 9.597651875464352
2064 10.209269245918353
2065 8.37159932649425
2066 9.75397052457271
2067 9.948016219894848
2068 10.336630975421446
2069 11.23694467449743
2070 12.074994875361618
2071 11.287347159380221
2072 10.153091122899912
2073 11.394478035353426
2074 10.986832510630599
2075 10.179392799318517
2076 10.806901676027687
2077 10.650876200736851
2078 9.774101199085523
2079 10.872554582294667
2080 10.57413117812467
2081 11.343499562126642
2082 10.538399637046451
2083 10.870477058434727
2084 10.599005891062793
2085 11.54886719718956
2086 11.193240723295236
2087 10.652288458086664
2088 12.805763936148663
2089 10.939832141290822
2090 9.604012229683283
2091 12.128699218603659
2092 11.729407955220358
2093 12.03150510838388
2094 11.758515362353405
2095 11.950818106347015
2096 11.892024133147155
2097 11.652801269878937
2098 8.479395497469358
2099 12.173571800545178
2100 12.431933605228691
2101 11.867820895787112
2102 12.51909073382792
2103 12.587458221112463
2104 12.068312503152047
2105 12.281417799034905
2106 13.018691849108627
2107 12.992254979494767
2108 11.35388590430996
2109 11.351517000093505
2110 12.12485799515592
2111 11.32117821373617
2112 11.130438417880175
2113 10.680818696470403
2114 10.703647497540675
2115 10.503930477638928
2116 11.348276188981707
2117 11.34656101663882
2118 10.482615244954193
2119 10.256338067524679
2120 12.379180346105004
2121 10.995072274545931
2122 10.748594370552084
2123 9.643351360692005
2124 8.334066736222901
2125 11.29885166987696
2126 9.878935056481696
2127 11.13690737181686
2128 10.707126412609286
2129 11.627639195859102
2130 11.094884210501554
2131 11.449041521541684
2132 11.032691872833896
2133 10.909817295033612
2134 9.813022037998788
2135 9.930680474812302
2136 9.693373312167314
2137 9.473821122825942
2138 10.271023047154507
2139 10.443131260692459
2140 11.319386016458507
2141 11.48914408392457
2142 11.004834417771846
2143 11.359793305825498
2144 11.009170152381765
2145 11.125768519030945
2146 11.36566609916749
2147 11.366418495383947
2148 11.781948617345067
2149 11.485502552659273
2150 10.754865371586266
2151 11.055199630946023
2152 9.819811562643286
2153 11.071095239832715
2154 10.781342633830805
2155 10.155978588461219
2156 10.703174142655845
2157 12.255513615508756
2158 10.286795118397205
2159 9.506176774430447
2160 11.109798442837976
2161 11.489619048161156
2162 11.280221796924884
2163 11.684133583781716
2164 10.369887071579967
2165 11.818565758724272
2166 9.762452099251123
2167 9.494453465969485
2168 12.665924374069357
2169 11.352599175140266
2170 11.54106986271533
2171 9.055399010406067
2172 9.958521500073244
2173 9.476714073198357
2174 9.423939259320822
2175 9.356916488616074
2176 9.556681301472786
2177 9.491725872099684
2178 9.221768420010036
2179 8.254909402028977
2180 9.16209535529045
2181 9.387579386398196
2182 8.98773836112914
2183 8.992289131284707
2184 9.513990736136565
2185 8.885280412369662
2186 7.873114461422974
2187 8.15139388518725
2188 7.745156659118844
2189 7.214147786679231
2190 7.0329234433476
2191 7.465077000048015
2192 6.993769416460469
2193 7.346175965512393
2194 6.723461003399086
2195 7.217831414706799
2196 6.162394143288582
2197 5.3611474468678075
2198 5.798857340227889
2199 5.433270095918371
2200 5.999491967422745
2201 6.092017413684831
2202 5.313567551752389
2203 5.824642695864498
2204 5.686387288082493
2205 5.25611619623797
2206 6.164931829547667
2207 7.191471250810781
2208 5.923535594569461
2209 6.139205013984548
2210 6.490212790442652
2211 5.413289067354601
2212 4.977797558947948
2213 6.425311341395114
2214 6.0929233461153265
2215 6.514364377894703
2216 5.587674709243576
2217 6.114477476378066
2218 6.1718697473314625
2219 6.219262125592793
2220 7.192182628086241
2221 6.49147362683054
2222 7.7141702037060185
2223 7.214786301260435
2224 7.514299965657567
2225 7.320977681125824
2226 6.238728465622919
2227 6.6121629965357025
2228 5.758570885132482
2229 5.413932808775691
2230 5.567755052687378
2231 6.684942244473694
2232 5.127086875745589
2233 5.744809617521498
2234 5.026891965528454
2235 4.955881939833583
2236 5.4039143243800565
2237 5.082669900997981
2238 5.45433819917563
2239 5.4580717410469015
2240 5.951697583999536
2241 5.608491354512589
2242 5.90788696685054
2243 6.529130435003148
2244 6.134634174077411
2245 7.037374852377621
2246 5.845983282876341
2247 5.895499676994446
2248 7.047942220313942
2249 6.414733954847966
2250 6.860350146107977
2251 7.530711968447924
2252 7.513100125527691
2253 9.168285481186658
2254 6.190748977953882
2255 6.432378780094798
2256 7.123339793459038
2257 6.15422841899984
2258 6.811451294673781
2259 5.4480477741824975
2260 5.779984848022333
2261 5.87910637135966
2262 7.729039995690411
2263 5.654597648334743
2264 5.49613680879687
2265 5.835179976242141
2266 5.919144183413448
2267 6.319629351438497
2268 4.4521178094374925
2269 6.437204672422944
2270 5.404497452513614
2271 5.813930668379962
2272 5.289684037215941
2273 5.889553961295311
2274 5.613650171734144
2275 5.886587323148001
2276 5.563637971244212
2277 4.839310224216095
2278 6.6473638095343395
2279 6.19160781044808
2280 5.922757268280197
2281 6.267564896705493
2282 6.710935701574346
2283 6.025676483412832
2284 5.899654173005473
2285 5.277606939428913
2286 5.762678887831228
2287 5.425484536107121
2288 5.978934882807484
2289 6.802658831518947
2290 5.916032820855267
2291 5.374084853228114
2292 6.362305956069934
2293 6.927082780250473
2294 5.196372763443565
2295 6.145242651437901
2296 5.9827136467071105
2297 6.477770850244698
2298 5.064022406792438
2299 6.06241569284306
2300 6.175695818345483
2301 7.242945333302881
2302 6.014005371483336
2303 6.562298665531778
2304 5.558474698357211
2305 6.402202335857734
2306 5.841402189018897
2307 5.207711947675143
2308 6.260952754331325
2309 7.494769546089267
2310 5.705162629191038
2311 6.725115908835132
2312 6.008227811170893
2313 5.346308637387479
2314 5.855498294495865
2315 5.788519413916685
2316 5.7113796405632415
2317 6.126297563544614
2318 5.9508580467059335
2319 6.630404851977279
2320 5.426248936419011
2321 5.664192081555269
2322 5.288318115715744
2323 5.932687292834431
2324 5.500144684315403
2325 6.849766627621374
2326 6.079873059707892
2327 6.763904626398465
2328 7.32898583798706
2329 6.698595298396449
2330 6.3180589562232115
2331 5.8903299951915935
2332 5.7018823581564915
2333 5.7293258394936375
2334 5.68359560598695
2335 6.206934147231241
2336 6.617608236076244
2337 5.766107756471668
2338 6.216399433723182
2339 5.6760846379528775
2340 6.20167247921099
2341 6.616855185292521
2342 6.4694258802847076
2343 6.14983588329447
2344 6.190703371613064
2345 6.569038507176877
2346 5.08101983357186
2347 5.168910905442081
2348 6.109849547190793
2349 5.948691107276391
2350 6.472174489092411
2351 5.056537710599673
2352 6.206007218854315
2353 5.520096748219877
2354 5.913994157134642
2355 5.944172330222614
2356 7.0646350122855415
2357 5.867572311287869
2358 5.685039138451516
2359 5.465102295735357
2360 5.2636139828899005
2361 5.6241359323735125
2362 5.148735909401026
2363 5.695158781865685
2364 5.628273988481728
2365 4.212480358018635
2366 5.503156993951281
2367 5.882070477601578
2368 6.239849423964031
2369 6.693968472904015
2370 6.0212368274615695
2371 5.851063726730973
2372 6.693921343994219
2373 5.431023433876699
2374 5.672069067247627
2375 5.71695689450528
2376 5.844023744715911
2377 5.2007747224849
2378 5.561042488015143
2379 5.864258164856871
2380 5.80250146915284
2381 6.097934134370339
2382 6.727835975770964
2383 5.7447783929646175
2384 5.615828716090646
2385 5.468743845954772
2386 5.67191438350351
2387 5.971034289190014
2388 5.733799686797944
2389 5.178424421598154
2390 7.131635861276456
2391 6.046818570958052
2392 5.037210594120352
2393 6.271989056721799
2394 5.581515025251069
2395 5.460623991721607
2396 5.662341539294703
2397 6.787882372175187
2398 5.785264540110303
2399 5.057847150760463
2400 5.357285529452396
2401 5.838579961611499
2402 5.4369145761009845
2403 5.4098752245651065
2404 6.295996035017713
2405 5.1708780972195605
2406 5.340818790573845
2407 4.930681966077892
2408 5.403817492651439
2409 5.956709667395657
2410 5.972103579015057
2411 6.190768300669186
2412 5.9906684495639935
2413 5.804890484585613
2414 6.220749619639505
2415 5.5687257771946195
2416 5.866392668327012
2417 5.486038820120162
2418 5.696136922957488
2419 5.121388907710763
2420 6.255492391430484
2421 6.026828132951694
2422 6.999537356942477
2423 5.979317109682227
2424 6.012630262465576
2425 6.755466285964515
2426 5.011835421265357
2427 5.615979774344892
2428 5.892905137371394
2429 5.89209650236354
2430 5.223207109608083
2431 6.486836945442874
2432 6.051251030878691
2433 5.15905918179341
2434 6.434927333296037
2435 5.464305274604524
2436 5.264565014604043
2437 5.885354235325217
2438 6.056027930459273
2439 6.110913270755785
2440 5.858889462366196
2441 5.992535479135196
2442 4.756178002648653
2443 6.487737337994065
2444 5.782924389462841
2445 5.785318408263169
2446 6.003588497721256
2447 5.447343103557931
2448 7.158628796874301
2449 5.976838420802939
2450 5.247405721496335
2451 5.122159450702074
2452 5.878960194415837
2453 5.966184264501015
2454 5.8209800793104405
2455 6.107347291297454
2456 6.044521052446546
2457 5.779228343927741
2458 5.502379491156529
2459 5.427679025817649
2460 6.464782398870653
2461 5.23167087398201
2462 5.3150892665968685
2463 5.921215519248018
2464 6.360054465776889
2465 5.882992598577662
2466 5.379920987522346
2467 5.741780207907265
2468 5.803502013120592
2469 4.925353642884535
2470 4.921494837116366
2471 6.748874060172129
2472 5.576350949010048
2473 5.0586521282680526
2474 5.631133043634562
2475 6.012419414788152
2476 5.953206078904704
2477 6.452143673354415
2478 5.992276947123126
2479 6.400680844882975
2480 5.543984424173716
2481 5.672807934991898
2482 6.428251367076366
2483 5.3655621686028
2484 6.030655087179336
2485 6.600625527639003
2486 6.4693515615514015
2487 6.14553585462579
2488 6.2074504112404485
2489 6.201615922298125
2490 6.421683962323638
2491 5.569674394391296
2492 6.400006370850135
2493 6.207211827087241
2494 5.710821666259627
2495 5.393580112696316
2496 5.6065170186878905
2497 5.86096527339097
2498 4.876914320304504
2499 5.931821915863999
2500 5.760028687655016
2501 5.557945521341189
2502 4.937711235145899
2503 5.558143814788541
2504 5.722727321747091
2505 5.723428501031336
2506 6.610504380124313
2507 6.19258788255324
2508 5.3921300315506935
2509 5.639522202366099
2510 5.304685450820805
2511 5.7714652204544
2512 6.819767016538693
2513 6.201738677942213
2514 5.2586884299241134
2515 5.872805246631588
2516 6.069581558746963
2517 6.117365081896166
2518 6.089640192937775
2519 5.906721528125681
2520 6.925007289415863
2521 6.2191621496348235
2522 6.214147568368487
2523 6.001944760086974
2524 4.554794856355301
2525 5.586160295583043
2526 5.632001758223303
2527 6.264160967933415
2528 5.835021622034435
2529 5.568417413860537
2530 5.971047737971786
2531 5.616521739735623
2532 6.145106121846557
2533 6.245579209190033
2534 6.695984957638349
2535 5.187111587062744
2536 6.532758983098269
2537 6.21146789602287
2538 6.4686654953681275
2539 5.749812513285075
2540 5.922793261776912
2541 6.38255936068848
2542 6.565389916419154
2543 6.660913024532552
2544 5.2450716042079915
2545 5.384889314490857
2546 5.7228520624136525
2547 5.390748675008199
2548 6.064362988071264
2549 5.941557023334552
2550 6.132497560806025
2551 6.291243673125811
2552 5.526000653883443
2553 5.812873402408107
2554 6.810936842214
2555 5.4168818965932015
2556 5.861405676202714
2557 5.560124386313616
2558 5.814590571664363
2559 6.867486781232537
2560 6.457694198171871
2561 5.8371330539051085
2562 6.125935166386065
2563 5.774927137816135
2564 5.945296536044652
2565 9.580933043936197
2566 10.305609170776929
2567 10.650275261774874
2568 7.926457004222731
2569 9.406408889942455
2570 9.110762068876573
2571 9.687172947402278
2572 8.306741358667113
2573 8.42774439358451
2574 11.257464747087617
2575 11.383629410466181
2576 8.505268978912138
2577 8.800242399270163
2578 7.7208808677609815
2579 6.856936285284132
2580 10.674636714032543
2581 7.829658478280725
2582 4.791058073441923
2583 6.243102305068189
2584 9.053947382436505
2585 8.305986380796261
2586 9.410092980544976
2587 8.6236568691418
2588 8.04913988716246
2589 8.82170655704815
2590 6.984781569917749
2591 9.224256760098841
2592 8.37662741875461
2593 9.05229600874036
2594 9.321774398379928
2595 8.210487866922927
2596 7.677369703227474
2597 8.206639461881416
2598 7.623611360573456
2599 8.706814515502002
2600 7.883743761967939
2601 7.873548017588419
2602 7.8424104017727725
2603 8.998148356227558
2604 7.423837036435644
2605 8.666345655705545
2606 7.417076016372223
2607 7.285606017392371
2608 7.33442075947705
2609 7.4838206098190145
2610 7.688178524340599
2611 6.770163654260718
2612 8.816589921721349
2613 8.854160612026519
2614 8.039731239943157
2615 8.829989417806857
2616 8.562372675927218
2617 6.916337446847363
2618 6.831026554522257
2619 7.5651308490475895
2620 6.9220805867435695
2621 7.818106787614651
2622 9.022946156456797
2623 9.218146475437566
2624 10.64384235565632
2625 9.336458603039645
2626 7.5806185287769985
2627 5.706834895040749
2628 7.814767332019943
2629 9.032913446242194
2630 7.9225118378973205
2631 7.1686628989211645
2632 8.976665068011537
2633 7.5662498997693906
2634 8.069605318101466
2635 6.365915501822747
2636 8.822328306539562
2637 7.309082856609298
2638 9.018447781681644
2639 8.777747182400953
2640 7.885412731089616
2641 6.81120205367408
2642 6.591960524639849
2643 5.262203582709026
2644 7.831885779736742
2645 8.379417750185732
2646 7.853915745582112
2647 7.592571464562612
2648 7.391054132787569
2649 7.345861624332635
2650 8.376767007196824
2651 9.356710321724925
2652 7.774925825126565
2653 8.526514713731382
2654 10.533512109349385
2655 7.04106449112338
2656 7.228862349875948
2657 7.309235452984026
2658 6.03764029681671
2659 7.030303683887235
2660 6.094365277945964
2661 8.57361326201721
2662 6.2045818977922425
2663 7.619080176991043
2664 7.023893017144491
2665 7.634602533117575
2666 8.070601460278958
2667 7.291841027654133
2668 7.425233734399126
2669 7.453003387282151
2670 8.619236309692258
2671 7.37528058665112
2672 6.335478556529101
2673 6.899168471642501
2674 6.756048683039366
2675 4.390650630653586
2676 7.718022458537202
2677 6.264028577390998
2678 6.8001076541681
2679 7.289488104979014
2680 4.984707783477563
2681 7.608266188586526
2682 6.964581817475218
2683 7.907940357270122
2684 7.030092570958033
2685 8.42252104239827
2686 8.791244830103581
2687 7.194762485074623
2688 7.110428151349334
2689 7.924357641414843
2690 8.41154033739179
2691 5.96307156845422
2692 6.9780196624048125
2693 8.957618738964511
2694 7.470568760636617
2695 6.103274739350218
2696 6.771304768993728
2697 7.8387832078930275
2698 8.313769620238569
2699 7.492683461664403
2700 7.57724446815028
2701 8.199021214398769
2702 6.430884821487676
2703 7.876933394342127
2704 6.666964961586771
2705 8.490387713224415
2706 8.793375930423249
2707 7.787116373177847
2708 6.366801746703018
2709 5.389115206859856
2710 4.34067295211369
2711 8.405971037218363
2712 7.307060013468236
2713 7.009157169949521
2714 8.448182642490433
2715 9.15853932819168
2716 10.41916392357002
2717 11.414180366521384
2718 10.763418121863744
2719 11.516774001074523
2720 10.379710664706794
2721 10.031309363197328
2722 10.096610696348094
2723 11.362534282651392
2724 10.628182875952522
2725 10.796988979214035
2726 10.69605715847848
2727 11.561131354797707
2728 11.104540378636404
2729 10.013754016489285
2730 10.550068607689525
2731 11.799425583693822
2732 11.573394214116052
2733 11.28478909404914
2734 11.62085889508438
2735 11.174828252320344
2736 11.213845720775877
2737 11.290865845908971
2738 10.92028933439717
2739 10.28615597419434
2740 10.670273045525882
2741 10.81587965180178
2742 10.658426059166255
2743 10.957377960024994
2744 11.49655259551094
2745 10.597205623770657
2746 10.365853375572195
2747 10.892579747248423
2748 11.120174400136307
2749 10.576312355358935
2750 11.544354485149785
2751 11.905208823130524
2752 11.179731733943093
2753 10.865452075194822
2754 11.735422776321359
2755 11.67766505400781
2756 11.704821034566683
2757 11.233436981989083
2758 9.092720822883432
2759 9.159399588124865
2760 8.272456284502224
2761 10.313491886342499
2762 9.842474532463129
2763 10.728883126460937
2764 11.329120320148869
2765 11.417043951079016
2766 11.888376742087292
2767 11.253358734789945
2768 11.714897974585973
2769 11.516135673879786
2770 12.230616286960228
2771 11.67946612615519
2772 11.938334632454758
2773 11.663269315850174
2774 11.79258593067447
2775 11.652135301154372
2776 11.961698696619436
2777 11.278080662284252
2778 11.577954082779849
2779 11.255764149097162
2780 10.953827767374253
2781 12.165248037306332
2782 11.91564425880463
2783 11.781745629442373
2784 10.358966631144606
2785 11.687428042017272
2786 12.645137592737596
2787 11.575256470877772
2788 11.481401172215792
2789 11.801021949841681
2790 11.04963752037228
2791 11.074702894580124
2792 11.285962775667832
2793 11.867365424145103
2794 11.842333156431039
2795 11.430645514237101
2796 10.896419018361291
2797 11.247511031462526
2798 11.972882614089379
2799 11.429753315480072
2800 11.445880299087454
2801 10.395325030870085
2802 11.509966346794224
2803 11.575602687507637
2804 12.225113476915569
2805 11.918979449134735
2806 11.823403827335307
2807 11.426417359241926
2808 11.61795638409846
2809 10.070787441232472
2810 8.706479050480128
2811 11.084280508966263
2812 10.262647137663297
2813 10.901519345083853
2814 11.273207371569773
2815 10.246214246058125
2816 9.463744602650497
2817 9.034368129749089
2818 10.93992727793842
2819 10.567014037747434
2820 10.31646124697201
2821 12.446239827288013
2822 11.956240268785052
2823 12.056008509166938
2824 11.872512602959079
2825 12.317966290328519
2826 11.729118354755478
2827 9.688048880230237
2828 9.645720060858165
2829 11.234469292892971
2830 9.833594272916088
2831 10.102753816641814
2832 9.655495097384993
2833 10.547425707323994
2834 9.71248893420807
2835 9.734884546785656
2836 8.98653130023928
2837 9.681755528133035
2838 9.667956601320153
2839 10.34671156617378
2840 10.719974830776808
2841 10.217931885502532
2842 9.980810844120434
2843 9.550281905645729
2844 9.682027106186053
2845 9.80841903757621
2846 10.18741329335399
2847 9.77446146894468
2848 10.17095511553172
2849 9.738516425331852
2850 10.304390716344919
2851 10.6129884717474
2852 10.472598279616248
2853 9.097319115242383
2854 9.161541803692623
2855 6.713093562041354
2856 4.33863729373299
2857 7.098289691489059
2858 6.778749093859902
2859 6.685673391568744
2860 9.618430230416767
2861 7.2005390418988995
2862 9.169339244338557
2863 9.02537056577385
2864 9.176455106181786
2865 11.640563920168379
2866 9.51182198363123
2867 9.637325069297795
2868 10.22421750294842
2869 11.884794553864252
2870 9.940219479006602
2871 10.384133335044044
2872 10.44120701507745
2873 9.63942194214216
2874 11.358117534473834
2875 9.98855701277784
2876 10.525485341318838
2877 9.22631315757823
2878 9.733978642588186
2879 11.179333011744825
2880 9.722375824071122
2881 11.447423289987826
2882 10.699734541356465
2883 7.734937786324902
2884 8.48240112008417
2885 8.160862657830707
2886 8.141378280237685
2887 9.21895557171115
2888 10.096877714817781
2889 7.916630553564344
2890 8.55148574904394
2891 7.887619331979181
2892 6.840899089150121
2893 6.488184977247552
2894 5.751608254709294
2895 7.920242158157469
2896 6.665326928807335
2897 7.342176043276234
2898 6.92481470417735
2899 7.468895427398907
2900 11.345245124700355
2901 7.804104439228404
2902 10.294618881076104
2903 10.888743702554782
2904 11.435820770262925
2905 11.747710976617299
2906 11.021271243743547
2907 11.703596575299702
2908 11.900434547766034
2909 12.54627764325752
2910 11.574561669973177
2911 11.089086230587393
2912 11.827796640714972
2913 11.084342207716967
2914 12.970047956734915
2915 11.626634943174633
2916 10.951508583968154
2917 11.943938028375268
2918 10.81351422283452
2919 11.242383256781569
2920 11.628005579237586
2921 11.852554406154756
2922 11.919096599559055
2923 11.693932005251755
2924 11.471564024450132
2925 11.590137762636102
2926 11.601971128566753
2927 11.42001291658389
2928 10.73248827647692
2929 11.229474824978274
2930 10.705564901205355
2931 8.898510528094084
2932 10.266336237823003
2933 11.251622302424149
2934 11.193176927912186
2935 12.280786243580613
2936 12.268645053235126
2937 12.737191197818165
2938 12.484083613924074
2939 11.297844800818819
2940 10.877428476748872
2941 11.311339651118764
2942 11.438020356949133
2943 10.155276887471219
2944 10.097857407166003
2945 11.049886104604337
2946 11.607774256468733
2947 10.292269882346835
2948 11.311224002488402
2949 10.800134087589203
2950 12.26250926495387
2951 10.562746711274517
2952 11.97476430563135
2953 11.497386720204068
2954 10.06968633435799
2955 10.721180055642154
2956 11.451277020543916
2957 10.911129171001456
2958 12.082877756676115
2959 12.279118868440012
2960 11.910151793618633
2961 11.75153523157752
2962 10.664710067491193
2963 10.737677425580104
2964 8.617057812488813
2965 8.977902481597948
2966 10.10708951728796
2967 10.827939025123188
2968 11.4213679268988
2969 9.495798604172036
2970 11.529421534606145
2971 11.924357601807532
2972 11.196499084055825
2973 12.124984852071872
2974 11.668471690321848
2975 12.079542900167606
2976 12.216407558296245
2977 12.348237716586752
2978 12.042442522090642
2979 11.38688341691204
2980 10.788513085706198
2981 11.157988457398114
2982 11.607437132311299
2983 10.694415686301587
2984 10.179489929606753
2985 10.971590423921228
2986 11.010125394634692
2987 9.211518740615704
2988 11.069149472193367
2989 9.811837642991298
2990 11.137299037272555
2991 9.93671332624966
2992 10.356717197881562
2993 10.57263802532816
2994 10.898237156068523
2995 10.744225120840968
2996 9.992476419256926
2997 11.25858043588447
2998 8.166330121503103
2999 11.316092608415332
3000 12.259530067727473
3001 8.83906285258853
3002 11.179907283186143
3003 11.30278022653328
3004 10.476168631962016
3005 11.653670091271604
3006 11.455826175330118
3007 11.911225552898646
3008 10.51989181530932
3009 10.966941762085936
3010 12.131265510399432
3011 11.380943959978872
3012 11.126472191312889
3013 11.849123639356932
3014 11.1244680133448
3015 11.027339939155235
3016 10.85138981574598
3017 11.616821774794833
3018 11.776303772481183
3019 11.110455032826774
3020 10.69077365749557
3021 11.290125532658896
3022 12.151658171579065
3023 10.825326798846756
3024 10.671657210366432
3025 10.540110511522357
3026 10.579641536864669
3027 11.019206469847678
3028 11.386228987973093
3029 10.969207338752863
3030 10.240472340603924
3031 11.618083114708066
3032 10.863996750437188
3033 10.667856157112139
3034 11.170432919340113
3035 11.051545103370042
3036 10.235659008163047
3037 7.861383490860149
3038 7.8435271156417325
3039 11.582203388850308
3040 10.701270427406367
3041 10.737710366846796
3042 11.542647937041352
3043 11.920555852475857
3044 12.139674464376881
3045 10.429285988277798
3046 12.017342959668344
3047 12.06247762576098
3048 11.5100756292718
3049 11.208550912217676
3050 13.208494574272645
3051 12.952555013101616
3052 11.773151980846432
3053 12.787986953095048
3054 12.052539295607398
3055 13.026743203410451
3056 11.9253251066291
3057 12.155225963597971
3058 12.370991215768484
3059 11.338713101224084
3060 12.80478227507697
3061 13.193279809989217
3062 11.139506596752582
3063 11.397925136492226
3064 12.305791438768383
3065 11.38284480253985
3066 12.745820072870018
3067 12.57565852835921
3068 13.088624104840378
3069 12.069349548730479
3070 10.036784489500054
3071 11.8261789674197
3072 11.781269843615998
3073 12.686289629302907
3074 11.656523276599309
3075 11.814838824266003
3076 12.269838583103073
3077 11.81943111392156
3078 12.176260115029109
3079 11.51621736752722
3080 11.448848110142587
3081 12.357646551096062
3082 9.679166573945396
3083 11.937214822482144
3084 12.061809733856666
3085 11.28801837961471
3086 12.537530541377578
3087 10.742334743647701
3088 11.600554337443764
3089 11.853157815523623
3090 11.320511408799305
3091 9.285203641581564
3092 9.27430532239643
3093 10.15621129063821
3094 11.025602664632776
3095 12.656507960243987
3096 11.667158723651838
3097 11.823984339803344
3098 12.022269827469607
3099 11.317709667742244
3100 9.831680364484495
3101 10.690965028495519
3102 11.574193520507917
3103 9.974980570740414
3104 11.732854922525023
3105 10.894145131478197
3106 11.560540818104867
3107 12.355335691963946
3108 11.229135872713819
3109 12.182105120807002
3110 11.288552911134015
3111 11.738869573403369
3112 11.502697547626084
3113 11.376338647571439
3114 11.970324413420833
3115 12.750946416487825
3116 10.049661493462573
3117 10.338311666953064
3118 10.341917324776928
3119 10.343110774666853
3120 10.816549949786465
3121 10.739348526865408
3122 11.124145025548344
3123 10.567030894407107
3124 10.38824918066412
3125 10.686727615797622
3126 8.934600141896091
3127 11.238552321571005
3128 10.488985373905184
3129 10.125637396494481
3130 10.616013935412276
3131 10.56184521208191
3132 11.11743294185033
3133 10.601879293677314
3134 11.75429386782475
3135 11.817731071157183
3136 11.810747590023459
3137 11.392312616514136
3138 11.908787125817243
3139 11.281283948860482
3140 12.06790531053373
3141 11.779584708650049
3142 11.918469178163239
3143 11.05289502855845
3144 11.954983986825146
3145 11.5984116866313
3146 10.545633731790351
3147 12.259457736228807
3148 11.162913879217141
3149 10.148553497340451
3150 11.254896241626259
3151 10.304100701493564
3152 11.192724009742777
3153 11.825697959427453
3154 12.207892958704635
3155 11.74981234277752
3156 10.360804552310018
3157 8.436334280811398
3158 8.91012419798044
3159 9.298998502662963
3160 9.96333865211825
3161 10.077170638178638
3162 11.497444212138038
3163 11.212539150066274
3164 11.108896154326123
3165 10.890847238267241
3166 11.897145494707022
3167 11.962421461950631
3168 11.28369182240908
3169 10.653913613228273
3170 11.777688633168031
3171 12.457617330208457
3172 11.716088698762244
3173 11.483085119549807
3174 11.487472488624206
3175 10.313558525282435
3176 11.114716042444591
3177 8.65819614537027
3178 7.5325457563866935
3179 8.862240148816252
3180 7.682915701712516
3181 9.7856880921096
3182 10.931886908089872
3183 10.836546646683205
3184 10.454119064493199
3185 9.43333143095644
3186 7.5952184602828146
3187 8.703435558105301
3188 10.925809039356553
3189 10.91269475234229
3190 9.626176530307202
3191 11.247644139732365
3192 10.780610212189005
3193 10.658360246798619
3194 11.641168099035877
3195 9.510286781568919
3196 10.343413783806842
3197 10.04393707809178
3198 9.338140743697691
3199 10.46010985390372
3200 10.738296932711576
3201 9.10660446772771
3202 9.79030511532073
3203 10.448298449253821
3204 8.740380781113531
3205 8.706136280831695
3206 8.76775638480602
3207 9.173558360569169
3208 9.04466129296173
3209 7.589909343686822
3210 8.128014795537203
3211 8.732906867975105
3212 9.698982298867183
3213 8.611664831473997
3214 9.8197332329886
3215 8.08777867164689
3216 9.075539236873176
3217 8.073320524522671
3218 8.173901145778986
3219 8.59491729113723
3220 7.414634331789583
3221 9.387254831908688
3222 9.247550140723254
3223 8.452629180711995
3224 8.798679030136501
3225 10.053074261756343
3226 8.07965670322
3227 8.25181863385948
3228 7.282942027818125
3229 6.9964217601413035
3230 8.227546810223624
3231 9.621184587613412
3232 7.704270425372901
3233 9.315311936430792
3234 11.279716222914693
3235 10.606326799901275
3236 10.462552214252012
3237 11.796742620484947
3238 10.713941488165029
3239 11.640035617126877
3240 10.78661929255775
3241 11.530164079419665
3242 11.439887952371786
3243 11.38192305115896
3244 10.808384813820416
3245 11.142962614622236
3246 10.56845191098116
3247 11.491379309077228
3248 11.426483617637984
3249 11.989217506821594
3250 12.281812499212927
3251 11.35235724922502
3252 11.224528669789692
3253 12.331852137284228
3254 9.460768331783612
3255 10.758292893721762
3256 11.54416863583252
3257 10.69366602787347
3258 11.193629601579538
3259 11.374679407050815
3260 10.204639126479737
3261 11.021220617285028
3262 11.194496647309602
3263 12.071743447992345
3264 11.904929794205026
3265 11.285520172709447
3266 11.681249606267306
3267 11.290092351346054
3268 9.33794033812565
3269 10.596760020249702
3270 11.046638786697091
3271 8.519693626477771
3272 8.154205526798904
3273 7.016827417159584
3274 8.041519561741088
3275 8.891264540816946
3276 8.316612983555006
3277 7.673962031678992
3278 8.527894516624185
3279 9.280047039777273
3280 9.693874048364302
3281 9.044438483141262
3282 8.222744842160587
3283 9.021520170381665
3284 9.208428562545492
3285 8.478105540516106
3286 10.58246227814321
3287 9.917814815556568
3288 10.465024125857402
3289 10.268755840026243
3290 9.329027116045163
3291 9.401623027583977
3292 9.197953042892204
3293 8.971603305841136
3294 9.098472510029515
3295 8.69052160434146
3296 8.261062352324878
3297 11.940513182432635
3298 8.679264757910389
3299 8.488566482010604
3300 8.96464429364085
3301 10.786736289712751
3302 8.476933318956085
3303 12.031030250169161
3304 11.540451831323493
3305 11.17993395042665
3306 11.320863407305097
3307 11.316758212767253
3308 11.715542134055761
3309 11.287126945091149
3310 10.863712206195183
3311 11.748788379794563
3312 11.204448178287223
3313 11.9233360583569
3314 11.705908556775595
3315 12.112677659942596
3316 11.745092843960233
3317 11.336488977624095
3318 12.14284935577222
3319 10.747443040755776
3320 12.170158607046218
3321 11.3486445445525
3322 11.56612549594155
3323 11.452283233263868
3324 11.468811830050292
3325 8.893468866358669
3326 9.203521333964979
3327 11.18590246308807
3328 11.257982902311339
3329 9.926875892562789
3330 8.925093665339062
3331 9.16176793832867
3332 8.920831273945062
3333 8.96835250968421
3334 10.113339063565878
3335 8.81228581525899
3336 9.042515854981431
3337 8.715984182995234
3338 8.977144170352275
3339 8.420484136754636
3340 9.093771195848062
3341 9.312184296476001
3342 8.692270244817145
3343 9.126087894067503
3344 8.971060913431144
3345 10.424985203871422
3346 12.243739666145487
3347 9.383077711151776
3348 10.125100434670383
3349 9.539360617849955
3350 8.203161095935844
3351 7.876276149319288
3352 8.754091750482534
3353 9.13045975840084
3354 9.22714963696921
3355 8.050458010545748
3356 8.386736968067469
3357 7.874561136915882
3358 10.116790061219666
3359 11.316278294173133
3360 11.057804329153086
3361 9.69095786537252
3362 11.058160230671959
3363 10.990373884952392
3364 10.70443468191489
3365 10.23989284680297
3366 11.360694612925775
3367 11.708381670998223
3368 10.050504023733012
3369 10.966730735564237
3370 10.230209107612685
3371 10.14277386265157
3372 10.467771743181613
3373 9.914855912626452
3374 9.605251421406857
3375 9.087319243297713
3376 10.698462552900434
3377 10.651026178978286
3378 10.649866140393135
3379 11.41069953338258
3380 11.69204176248444
3381 11.322684473727964
3382 11.150619786531614
3383 10.464412216072924
3384 10.754801448804796
3385 10.247151515897803
3386 12.047325167179297
3387 12.531494305242637
3388 11.596655101425865
3389 11.926963053686743
3390 11.383222294244034
3391 12.646403418884834
3392 11.530546893598283
3393 11.822460674395643
3394 12.01234436131774
3395 10.415836046629703
3396 11.72481581394586
3397 10.480273229333104
3398 11.086512404625983
3399 10.942477492104775
3400 12.25308869592212
3401 11.458384202066249
3402 11.205993994578087
3403 11.317406316316449
3404 10.527834372974418
3405 9.469308765503119
3406 11.923186423202916
3407 10.636567340142898
3408 11.188349229169619
3409 10.39055999890441
3410 11.539309252791996
3411 11.649286143410217
3412 11.537307123356445
3413 10.319730914156587
3414 10.32500904275113
3415 11.256167168937809
3416 11.86967478889584
3417 10.917288626114809
3418 11.06709952221082
3419 12.100062643134988
3420 12.10639333260642
3421 11.26213030773974
3422 11.623914357650122
3423 11.03962239879373
3424 11.831182723714688
3425 11.891188723457743
3426 11.606802727144363
3427 10.680706580055071
3428 11.064480789129679
3429 10.87096636475301
3430 11.57211798157793
3431 10.824149937539643
3432 10.732855790475094
3433 11.844620767158704
3434 10.806804365430624
3435 11.237321704115551
3436 10.612596885313712
3437 10.698991486004994
3438 11.696023088401269
3439 11.574082509921855
3440 10.601655659198839
3441 10.595296296881545
3442 11.26021793415262
3443 11.1502848976877
3444 11.003244568064769
3445 11.321393619922663
3446 10.964645463377371
3447 11.167375000172028
3448 11.55738204397742
3449 11.647055749063135
3450 11.38117304222989
3451 10.342663571786794
3452 10.649848910204799
3453 10.550363470474965
3454 10.524244509060711
3455 11.019028327807938
3456 9.75748344370944
3457 10.589225455945225
3458 10.782786705485094
3459 11.325259700931356
3460 10.725322978131885
3461 10.624465902547078
3462 10.893237416021181
3463 10.82649483904072
3464 10.812501802057715
3465 10.29386959836762
3466 9.85136526572511
3467 10.627007942757299
3468 9.730599196754431
3469 10.908028109690864
3470 11.261616304449362
3471 10.251418669255301
3472 9.814047596538455
3473 9.842797301231187
3474 10.245609345844331
3475 9.987024927383173
3476 9.502975582975747
3477 9.230519520347716
3478 8.97026986088792
3479 8.871567770975489
3480 9.050977305783583
3481 9.015548585650762
3482 8.901584812437415
3483 9.443024262863474
3484 8.943920480466499
3485 9.47325901893498
3486 9.709593473367065
3487 9.764431702402296
3488 8.739244934017083
3489 9.01164850874008
3490 7.953152714200795
3491 9.737497909117696
3492 7.824452071060226
3493 9.121272755291363
3494 10.480894002540206
3495 9.878903990304163
3496 11.877342689900786
3497 9.499696450837233
3498 10.564205720209939
3499 10.575913177623697
3500 10.125222814508406
3501 9.49252803298816
3502 10.634293063137347
3503 12.029883575995386
3504 12.160488511320915
3505 12.244233865345622
3506 12.015105641265865
3507 12.463582044429518
3508 12.93317411717059
3509 12.016850596853214
3510 12.23775783544489
3511 12.674071622245162
3512 11.85149324779054
3513 12.030701045652975
3514 12.527342913501135
3515 12.082304487589527
3516 12.091050889616216
3517 12.38849283933656
3518 12.473465772556413
3519 12.547083465488324
3520 12.68602684055694
3521 10.960032282318345
3522 10.85536738683507
3523 11.132847785070942
3524 10.99401639148454
3525 12.953896145063458
3526 11.868039175640668
3527 11.118623730030015
3528 11.43776583875501
3529 10.720158285680705
3530 10.315692886816722
3531 11.548589068610372
3532 12.204625140805879
3533 12.01872431629278
3534 10.631070331546569
3535 10.500479066080763
3536 9.741640815935856
3537 8.958269922160419
3538 8.603944123031221
3539 8.831501829056347
3540 9.56373511359226
3541 8.679883109556727
3542 9.41083332149022
3543 10.964877712659712
3544 9.032278046350465
3545 9.607284661744139
3546 8.706479137016705
3547 9.035764803440582
3548 8.83489312627441
3549 10.200392508268159
3550 9.727656462764
3551 9.2981346406344
3552 9.772512014651674
3553 8.322820760422365
3554 9.053244734910091
3555 8.892269462652527
3556 9.636287039470831
3557 9.447779713235972
3558 7.641546891249511
3559 8.702643704372747
3560 8.370397627881644
3561 9.361792651457304
3562 9.355513120763547
3563 9.954567292589001
3564 10.176150230923799
3565 10.732993433324847
3566 8.888370176978183
3567 9.939090602212485
3568 9.723493781877368
3569 9.498139811023774
3570 11.467326391179663
3571 11.211485621151999
3572 11.12405335166077
3573 10.008871003231013
3574 12.001802425105971
3575 12.415565479967832
3576 11.919530739581303
3577 11.931001092995738
3578 12.00938076343044
3579 11.909880316389733
3580 11.720244368358165
3581 10.12926704958071
3582 10.241182575678355
3583 12.161542902616931
3584 11.945308319618164
3585 11.605567571004078
3586 11.888639028416849
3587 10.881680566089155
3588 12.070961903106797
3589 10.617273737449437
3590 10.940725308888927
3591 11.274633440838711
3592 11.992326016681359
3593 11.63409085390571
3594 11.495336386456746
3595 10.502369644690075
3596 11.36591311658874
3597 10.522880507404414
3598 11.403740891123395
3599 9.855490286903212
3600 10.738558042128503
3601 11.501651257370963
3602 10.874091569327925
3603 10.94266817916854
3604 10.726047383905803
3605 9.559296742276162
3606 8.443545999342003
3607 8.82967743172598
3608 9.12672830671814
3609 9.447481955525918
3610 9.324680793388389
3611 9.667065516150005
3612 10.401586008713677
3613 9.635436016779378
3614 9.760868217228497
3615 9.712933002971695
3616 10.191653006002849
3617 11.397254137791776
3618 10.9871286714967
3619 10.752418324778041
3620 11.413982080590412
3621 11.210120340115305
3622 10.40155675940309
3623 10.677650514507862
3624 11.964953435863409
3625 10.777308556112173
3626 11.126794317554495
3627 10.552701233250687
3628 11.10478258077783
3629 10.831292624135031
3630 10.458269839192278
3631 10.81340095218112
3632 9.821893677710223
3633 9.749635277512967
3634 9.422510664425387
3635 10.127680406600346
3636 9.660537826672602
3637 9.972435767125763
3638 10.946793385245302
3639 10.689794763389312
3640 10.901760599317905
3641 10.719144078313152
3642 11.354845200106205
3643 10.94426837951163
3644 11.087453684530217
3645 11.069377143708698
3646 10.097382171285581
3647 9.663328885737165
3648 10.383186294116683
3649 11.80070905015336
3650 11.13125044247863
3651 10.956678189566942
3652 11.38260384629221
3653 11.737542089445917
3654 11.110195551330476
3655 10.111645712089759
3656 9.683594294273982
3657 11.311187620293481
3658 10.590398094353306
3659 11.896838897066127
3660 10.906417668428812
3661 11.748916229707799
3662 11.515526508805802
3663 11.225764024831065
3664 10.913004640855362
3665 12.274287374679371
3666 10.769284447661638
3667 11.556123193184227
3668 10.407958803896339
3669 10.920386455033192
3670 11.576551075847874
3671 11.155893218911908
3672 11.375695464914518
3673 10.351345161435116
3674 11.588440236165448
3675 11.52257881878833
3676 11.112207639488737
3677 11.449200268520817
3678 11.794560139452617
3679 11.391928358943952
3680 12.145061845979704
3681 11.56392406821602
3682 10.889623571757426
3683 10.546844670220725
3684 12.024825830865497
3685 12.18286768254431
3686 11.62507557123113
3687 12.336663148715516
3688 11.712517283720283
3689 11.438050327260711
3690 11.45103126386019
3691 11.630538774004954
3692 12.293550631484269
3693 11.714339669577646
3694 11.371697056907806
3695 11.654659804046284
3696 11.503303079061485
3697 11.264835787532933
3698 11.32734557471821
3699 10.805048356919338
3700 11.731502524196651
3701 12.287851549024595
3702 11.694389614138611
3703 10.165859216039072
3704 9.661353095067799
3705 8.894123654308451
3706 9.60534378877768
3707 8.324628946416185
3708 9.057990678366476
3709 8.91998883492332
3710 9.39168493324978
3711 11.434258280527937
3712 11.49703502023252
3713 12.2064960560404
3714 12.546040323971905
3715 11.215362120062366
3716 11.194077900040204
3717 11.595493218811269
3718 11.787889256234084
3719 12.101468488120316
3720 11.98478284116813
3721 12.161335935950577
3722 11.1255896912154
3723 11.63328420214404
3724 9.102495354066264
3725 9.483181451386347
3726 8.871163637935753
3727 9.327799669799886
3728 8.84202472221392
3729 8.741405204813983
3730 8.871244161452937
3731 9.473065702664814
3732 10.656883166370335
3733 12.054499685281826
3734 11.954067049238548
3735 11.58326907700179
3736 11.316280467863077
3737 9.97159505915852
3738 12.15949136254183
3739 12.407888947719233
3740 11.533959057758791
3741 11.716289826257498
3742 11.62724962528451
3743 11.421008627809485
3744 11.327460531036907
3745 11.215083354785587
3746 12.374505341005026
3747 11.142474463487181
3748 11.753079482240762
3749 11.395438944856851
3750 10.961003422235994
3751 10.765957708410959
3752 11.622266906146741
3753 12.251880402478355
3754 11.719635766622133
3755 10.715465431887761
3756 12.1387808614998
3757 11.013851404994035
3758 11.889036515702474
3759 12.28317312320842
3760 11.464909278929127
3761 10.339505841973402
3762 11.030910494541352
3763 8.64410034387474
3764 7.130527451939038
3765 10.435020963916836
3766 11.515538338379105
3767 10.812774761651498
3768 11.686711924826318
3769 11.293747306136035
3770 11.402865727460258
3771 7.435470309654048
3772 10.524147343083175
3773 7.179469916851467
3774 6.729145765059124
3775 9.846170296721011
3776 11.781244399525447
3777 10.895349803808308
3778 9.93433803390686
3779 9.502697805269097
3780 9.159094612572858
3781 11.794663720013041
3782 12.004925068050166
3783 12.085750949551354
3784 11.868799337331044
3785 11.423183485164747
3786 12.659357784110092
3787 11.560728128533183
3788 12.616288841266412
3789 12.359055064636616
3790 12.359772968315868
3791 12.457739976150378
3792 11.764479876246838
3793 12.351419406878977
3794 11.807726350763929
3795 12.419876526988459
3796 12.870270695311445
3797 12.610489666410189
3798 12.905433661485338
3799 12.594463938203534
3800 12.3849916238108
3801 12.776169789735192
3802 12.420623123493977
3803 12.30690603201656
3804 12.233595010105699
3805 11.924414664509555
3806 12.904106771892415
3807 12.927311136288345
3808 12.004976665410263
3809 13.00513770998641
3810 11.633106881279852
3811 13.353495217238962
3812 12.577160675606732
3813 12.322779331540405
3814 13.047497075843577
3815 12.462204312395631
3816 13.443476650491007
3817 13.295001273754732
3818 13.43855465050681
3819 12.932602586813688
3820 13.693714141527018
3821 13.471575852412819
3822 13.381283910024164
3823 13.494863285368272
3824 13.552200840046563
3825 12.0658519242764
3826 12.083676334549573
3827 13.395743616176311
3828 13.292676299031275
3829 13.164827127354695
3830 13.089445854511002
3831 13.473289960955238
3832 13.11518834139135
3833 13.09543884829843
3834 12.481379782372256
3835 13.125641699289059
3836 13.503012168820039
3837 12.331118369196727
3838 12.973621004840311
3839 11.8423937325455
3840 13.581279263596125
3841 13.359856656563997
3842 12.610904744101116
3843 11.890516285270474
3844 12.30330241296918
3845 11.896792626250134
3846 12.403292562138104
3847 12.753178094374814
3848 12.652334177384978
3849 12.401772362183426
3850 12.460202967157075
3851 12.31184605437272
3852 12.769927139139035
3853 12.178402114109515
3854 12.263931260171995
3855 12.34014328832862
3856 13.246175656779892
3857 12.812184813752088
3858 11.960954398555709
3859 12.79216314800904
3860 12.541056171179438
3861 12.814354037712521
3862 12.722202197141037
3863 12.711350073888502
3864 12.263789233732924
3865 12.787171693024588
3866 12.949260510799618
3867 12.40030278063714
3868 12.798964314465566
3869 12.771992656553325
3870 12.717696931462042
3871 12.256540656314813
3872 12.78543287241877
3873 12.545482601323105
3874 12.86409804896897
3875 12.242447761682111
3876 12.029740605673465
3877 11.970657991850223
3878 12.002401060721926
3879 12.152324423440433
3880 12.301319826261626
3881 12.148661617572289
3882 12.370559074001793
3883 12.235885546742981
3884 12.314625185362397
3885 11.783705014724404
3886 12.41391647056585
3887 11.947652665519234
3888 11.72240022450051
3889 11.071185467016823
3890 10.4494895773599
3891 12.197391796391175
3892 12.025124294576639
3893 11.865861835196755
3894 11.708750369529959
3895 12.050227343775969
3896 12.264873065890724
3897 12.330362728829334
3898 12.692913568301929
3899 12.698080244011075
3900 12.652085354149252
3901 12.02093746702218
3902 12.723646449600604
3903 12.694806620191075
3904 12.86872647296023
3905 13.213203864227555
3906 13.108127316206787
3907 13.656625809822389
3908 13.430945625908054
3909 13.341629493773715
3910 13.63300919902579
3911 13.403312270574784
3912 12.419049884847766
3913 12.781535110469356
3914 12.664852561495218
3915 12.425659511691153
3916 12.610660842250866
3917 12.672379668258893
3918 11.613754118947616
3919 11.016993863186249
3920 10.603089641046058
3921 12.481810010859297
3922 12.834246100529636
3923 12.666700959860822
3924 12.69743268426822
3925 12.832481858943293
3926 12.513363465384414
3927 12.714664081851005
3928 12.45522997555075
3929 11.373875168159724
3930 12.665995037630392
3931 12.60902475250678
3932 12.494112474068604
3933 12.284172438085962
3934 12.029370827539461
3935 12.844001477164545
3936 12.130589314602412
3937 12.195347044110397
3938 12.754417403152736
3939 12.259489313727007
3940 12.751915433143592
3941 11.377973674551114
3942 11.687759872956983
3943 12.764134270432836
3944 11.533621252536962
3945 11.699544450477651
3946 10.215015348025133
3947 11.67424506812424
3948 10.693581758193165
3949 11.980536337768479
3950 11.770321889199465
3951 11.965619178436596
3952 12.384804902490412
3953 12.778383064962853
3954 12.433300292818487
3955 12.694389913676877
3956 12.530728580343348
3957 11.466257819107055
3958 12.615646597130082
3959 12.78319063150119
3960 12.562465011914913
3961 12.645618595913689
3962 12.858865126963527
3963 12.649173879295551
3964 12.63410334303299
3965 12.62392407735679
3966 12.406009312764775
3967 12.90763050263147
3968 11.930553475996119
3969 12.857973505894574
3970 12.343704040768072
3971 12.786256797988779
3972 12.545810464604639
3973 12.700850413880794
3974 12.377542738738287
3975 11.998664994510014
3976 10.503537887624894
3977 12.352177007079394
3978 12.41299083083059
3979 12.363437634014566
3980 12.332302918662116
3981 13.251453751663337
3982 12.854344743984788
3983 12.420338081182999
3984 12.542152138344298
3985 12.632058929981964
3986 12.516505494572375
3987 12.749083713446876
3988 12.870911439081773
3989 12.833453095710556
3990 12.903310698111822
3991 11.590284148362276
3992 12.749649549258674
3993 12.667687025406122
3994 12.608214244317246
3995 12.612669748056472
3996 12.476335113683417
3997 12.622357207523137
3998 12.40140483659312
3999 12.185851340522756
