0 33.32342882704774
1 31.347943102531314
2 32.41688558608058
3 36.01864327846721
4 33.02364016760077
5 32.72306377659757
6 34.24223125098206
7 33.108092272705385
8 28.469682313767162
9 25.955366170559824
10 27.149521059138277
11 27.49229479281192
12 32.484943732553276
13 33.82830916795829
14 31.813207705795122
15 32.65225533196242
16 33.903887856715166
17 31.970406793910875
18 30.629008931089178
19 30.527997332091616
20 24.865636806078847
21 24.926975120131022
22 25.230744485309422
23 27.020881045152375
24 27.830934572836007
25 27.873928061494915
26 27.913078999541494
27 22.766499715967353
28 22.48413993376225
29 21.13790567008451
30 21.822706829055843
31 17.666520192482547
32 18.052220960498676
33 17.016073218144445
34 19.304140114338857
35 18.381170799681794
36 17.418232832218788
37 18.300369637684234
38 17.913713001180625
39 17.74709127286434
40 18.859963424896485
41 18.485546968308785
42 18.824964689680563
43 19.393632500097336
44 18.5887161158659
45 14.804249042437744
46 16.798572463506762
47 16.575693562112797
48 17.300079457578757
49 16.76442264256473
50 19.730731245331107
51 18.09831218224147
52 18.69675096848155
53 18.940314830392047
54 20.525166066725255
55 24.1567798924828
56 22.45581080409603
57 23.9046411448812
58 30.557943865163683
59 27.96722887382469
60 26.25562831725683
61 29.186877188320615
62 32.02183814063683
63 27.824491214911312
64 29.18772974141853
65 30.90604706548022
66 33.13874805801318
67 32.12373081320734
68 30.034769731604392
69 31.821600916116395
70 35.70691219278105
71 32.15407152683644
72 30.258081191302033
73 29.136932647771044
74 28.430962349408592
75 28.523685592556294
76 29.224222632088644
77 31.010293914324063
78 29.657922582492876
79 31.40670678956632
80 28.5832033350164
81 26.023957665767796
82 25.87817740730816
83 22.893684502445748
84 23.28195277640346
85 23.2363970438909
86 17.426918915027166
87 18.124498247040595
88 18.274072241833284
89 18.836228564674574
90 18.123749587297457
91 17.793533550339337
92 18.1108435172435
93 21.355259668666207
94 27.641833069336187
95 27.870534882958935
96 28.53372041048332
97 27.22350227082785
98 22.84856754774284
99 20.89539398214027
100 24.387186516912628
101 20.25593290318341
102 20.533251862785384
103 20.978381722277085
104 23.818350510362087
105 21.94751997076122
106 28.26531621915426
107 28.93106348784339
108 24.468385900803263
109 24.618948461154993
110 22.2559711183653
111 20.786215483405638
112 22.983335366069827
113 22.07160412155274
114 23.33984603345383
115 24.376046414668103
116 20.288019054202447
117 25.525847546208468
118 20.663207792141456
119 20.08804348795736
120 24.306647759201198
121 23.697125014813345
122 24.853791975884914
123 26.60316238185764
124 28.040618204113624
125 21.51511340486312
126 22.92164841556244
127 17.673279633109633
128 19.57586292938666
129 22.617303710459517
130 23.82504714381709
131 25.89242437313672
132 26.928880141481525
133 24.998723811641142
134 25.18785891493379
135 23.995348668008717
136 25.938937550899528
137 25.20457520405768
138 24.014713100037948
139 22.17292146565286
140 23.522281455085892
141 25.2983867433537
142 21.148564377984318
143 16.901635706470206
144 18.05404982451605
145 15.577149499622477
146 15.183115946836802
147 17.7456620576554
148 22.623949252631117
149 18.546587155562477
150 18.965129648481017
151 18.465633139557017
152 22.00947759650366
153 17.991143896692776
154 17.837058947002085
155 17.19204618191409
156 16.89657355690601
157 19.336437130520558
158 19.1541410293938
159 19.352453227605633
160 21.217941810880806
161 22.689268820146076
162 24.12075711109432
163 19.201387327618164
164 22.04182788535258
165 19.77016214332113
166 17.660676991581628
167 19.102577949453366
168 15.939378700900807
169 19.266643154976787
170 16.202501479637625
171 18.20524372511091
172 16.21058481496367
173 16.693906545668455
174 16.604703617913728
175 16.719398827003474
176 14.837030771536941
177 17.27733012833675
178 17.19778381299677
179 20.054999974092887
180 21.75341272411266
181 17.268335366511167
182 19.722492649422104
183 18.636024367442
184 20.06885072257509
185 21.311536954929398
186 17.694772434560214
187 17.490905982826423
188 17.6094270208265
189 20.862213688376162
190 17.440537155449597
191 16.471601442321763
192 16.490784105525474
193 19.12013999891417
194 17.748013135031773
195 18.9264050735414
196 19.643816470036075
197 17.900104215555825
198 21.282158417405885
199 21.604101712258696
200 21.46615770627167
201 22.201128871087263
202 22.848720333465565
203 24.485532663049522
204 22.188938357456554
205 19.945324903037715
206 19.326043818235917
207 21.84578588282898
208 20.70820177223817
209 20.958817943689187
210 21.068258726953953
211 23.37051531842256
212 21.180260671018036
213 22.32868875342134
214 21.745217676519324
215 24.51564270415041
216 25.001920244547506
217 24.00564547125672
218 28.966860047168993
219 25.09419632133628
220 23.52398471224545
221 25.09894556677013
222 26.32385125020267
223 22.205926110548344
224 21.33500671945931
225 22.421331366761912
226 21.40745013873214
227 22.36668309779617
228 20.38947545703139
229 20.2699122987581
230 21.02804730753619
231 17.922837903224224
232 18.88860278121448
233 18.245780989001116
234 17.696556315589564
235 18.84443007449494
236 18.349590452995606
237 21.720378818291213
238 19.2603462347805
239 20.29651675758861
240 20.841991893684014
241 18.564043595888926
242 20.08595488745512
243 20.911184955006927
244 21.023352177958156
245 21.91038167061787
246 20.010226258857095
247 21.771675827837694
248 20.865145009599114
249 21.37849099005068
250 24.778796932250906
251 24.027696068572027
252 24.60612539331163
253 23.46429781960981
254 19.173145836888004
255 17.344099391832135
256 16.89024475140778
257 17.215967400780762
258 17.3564070937057
259 18.567517111418265
260 18.669529950956328
261 20.421620153185376
262 19.57158691468714
263 18.367669875387808
264 16.198501638086295
265 16.436929244126432
266 17.805260843240134
267 19.17994847415772
268 19.176841516663334
269 20.809921932000545
270 17.589524790012653
271 18.399279730531305
272 17.394410586958948
273 17.9515283777281
274 20.96913391968489
275 21.251327197393664
276 21.560260901050665
277 19.43189463195955
278 19.276336467278675
279 19.009056226542175
280 18.5932910077604
281 21.08510991617003
282 20.00444347564497
283 21.08881401978373
284 20.98093911022261
285 19.501060320056745
286 19.067267049194687
287 21.793408952263427
288 20.784360362572855
289 20.57106446383669
290 20.604277150371345
291 19.382828663423314
292 18.621953566953703
293 21.135322178315242
294 19.769082491893574
295 20.61453416772436
296 20.685999342046077
297 19.390326209362385
298 21.31667616714101
299 19.22548185576333
300 20.140569891054234
301 16.798227431176258
302 17.85355145029984
303 16.576515937612406
304 19.38745525882084
305 15.328631818126322
306 14.938621506522956
307 14.403010185663671
308 15.6565708009683
309 15.886224410912366
310 15.0428108251393
311 14.2847634553215
312 16.4570005435526
313 16.963415152745867
314 16.264774508969783
315 16.679536973021726
316 16.718126947425784
317 17.555877846305897
318 16.671435139086363
319 16.684395013830613
320 17.68598727635635
321 17.011339135028436
322 22.569125093122206
323 14.988141858447626
324 18.31188988045193
325 20.019291789662198
326 17.459571949209987
327 16.001351862246448
328 15.535317783155742
329 15.391105276813796
330 15.762401931111604
331 19.140165823977156
332 17.651469654938218
333 15.69505666261858
334 16.902470770939416
335 14.978695222638994
336 15.566517880499447
337 15.328072043652945
338 16.96658132136036
339 16.631374232091243
340 15.773343822967544
341 16.727089042507266
342 15.856570980493654
343 16.865122274678555
344 15.72259149987199
345 15.749359126651918
346 17.65141672074111
347 22.30968115021317
348 24.068121925290555
349 22.315289097495217
350 19.99097980094821
351 16.628004253300027
352 17.467078629190457
353 19.57917870782592
354 20.067206941515085
355 26.924381903437702
356 26.417647513853918
357 31.584584179447884
358 31.6286114087119
359 30.150608472174543
360 27.669960327634264
361 27.917552612042112
362 30.962386578464375
363 31.331711559232875
364 28.337986705789078
365 27.477052392632178
366 28.332363760321225
367 27.54232180873453
368 27.69864277284349
369 26.112053713854273
370 27.37191955478886
371 29.61878758825773
372 27.836597175152875
373 27.347774235623316
374 26.2870756950189
375 27.222278235219083
376 27.381990699379816
377 27.672184252077127
378 31.388392404781147
379 29.30072759088381
380 32.74254231205845
381 31.42546037027125
382 30.586906235194082
383 33.54410358794106
384 32.160750582382356
385 30.589048249761227
386 28.59245890179815
387 29.820859183186652
388 26.762720399865955
389 31.38192984420424
390 31.85386211063572
391 33.044247787129684
392 34.21154520775129
393 30.146275065652052
394 31.86384679909178
395 33.031652862514804
396 31.145173017987908
397 26.946128891651384
398 28.290556654585384
399 28.49290381766851
400 26.841107742730358
401 24.846440450820744
402 24.96606552621128
403 28.65992508804222
404 28.646998429565787
405 30.644438741145926
406 30.6736333609681
407 33.110310871896495
408 26.97884759178672
409 28.29615098665219
410 29.25786210059596
411 28.506419894663864
412 29.658605059538186
413 29.465680525350756
414 29.955816095353235
415 31.75760544073009
416 27.308957735733035
417 23.295814990227655
418 25.107554095526506
419 26.696623449662827
420 23.49240108597817
421 28.0090559710543
422 25.67024296940932
423 29.300667712198393
424 29.41188259651729
425 25.647592704692556
426 23.789410146389127
427 24.825428841887454
428 24.521698133952544
429 22.88894081171656
430 24.859215606746794
431 27.517685767543885
432 23.96044174186173
433 26.813002059765413
434 24.045565358533228
435 21.623417810744357
436 21.871988090547386
437 25.738638582108795
438 24.592686347691743
439 22.917694980158643
440 22.832170385076434
441 23.491220081509223
442 30.89606688325622
443 28.719625172156373
444 26.17858358557591
445 29.88385118228706
446 28.969690272929224
447 31.399451474714663
448 29.653976463505764
449 27.03136889491023
450 24.677433756503998
451 23.562101700035814
452 25.54454288992227
453 20.825142297629277
454 16.588591677310806
455 14.228491677086724
456 19.973591945091794
457 20.05002648099635
458 22.030539013369808
459 23.418596286358735
460 26.346617738594905
461 26.379123490021904
462 27.815834545396026
463 25.47001545905906
464 26.39318622523026
465 27.45480958327917
466 28.889729416650507
467 33.17204327291845
468 28.23109119707708
469 29.789988387482445
470 26.953910340801443
471 30.99575855702958
472 25.807926939941535
473 25.347945830435236
474 25.346444971711517
475 23.178720265588506
476 26.521130128815948
477 28.027401348636932
478 29.395037051555548
479 28.941621195393665
480 29.829509116856798
481 29.090292908782114
482 30.80835650373565
483 31.78657239419418
484 29.83093831069138
485 30.34667807295712
486 30.404910809514366
487 29.112161491669283
488 33.325070680404664
489 32.84593320123282
490 31.742071126505078
491 32.34567673599889
492 31.49445774291636
493 32.19632591610609
494 31.911731120829486
495 30.294676435786094
496 31.20729933790791
497 31.453186105438178
498 32.423777189216175
499 33.817446324919715
500 28.006144018797514
501 30.510163539247433
502 27.55227195600979
503 29.07923683655695
504 29.04783898611486
505 28.918541936443862
506 21.599797199300138
507 20.659993313076445
508 23.763069990075707
509 28.001412076761767
510 28.67137487213612
511 23.816000467572692
512 27.664027712922223
513 27.56294322274928
514 32.21313089032905
515 33.496641599831754
516 30.469699281452822
517 30.574483269307898
518 33.25071836620028
519 32.46450924481522
520 33.10586309255538
521 30.188245226940555
522 30.71522227713673
523 31.622295287830266
524 31.83857153545254
525 32.52128553080241
526 33.35258011952706
527 31.28691301157373
528 33.24490605910754
529 31.270694720521462
530 34.44321827756203
531 32.07801210515358
532 32.47837684258596
533 34.1252044606306
534 29.54829651428965
535 30.360526509556813
536 29.02536158079745
537 29.881930539776317
538 29.9221547771328
539 30.222939887724372
540 29.003620424171316
541 28.032052015224117
542 29.439715028870324
543 29.54918629870318
544 26.7470618921384
545 30.39651792520831
546 23.306890525540112
547 25.178500135974915
548 21.993640454682495
549 23.168013845546245
550 23.366628221223877
551 20.32734885886289
552 20.612634884774874
553 21.045430431363332
554 20.033727987866406
555 21.662895030848112
556 19.04388267046452
557 20.181001313890704
558 21.053226921718146
559 15.810308105851641
560 15.023145701932371
561 18.22711239484761
562 16.904679707645833
563 17.569314193794593
564 16.83649684152312
565 14.958470470926997
566 16.065772050531
567 15.236009176859511
568 16.596736693160306
569 16.042808823912747
570 16.605627155506266
571 17.385065996705166
572 19.672265669282474
573 18.0948849900685
574 16.876528190449363
575 18.357598309203958
576 18.957437555792076
577 19.61600505426007
578 20.43233766526314
579 22.573068347564345
580 20.45135652181154
581 18.850367687839135
582 19.61943994318763
583 19.15787653287829
584 18.443049622629655
585 19.23198026291879
586 16.76672989422224
587 13.85526997266018
588 13.032243027279293
589 14.257016135275705
590 14.515944922644039
591 12.61840138508442
592 13.302892124610041
593 13.823688480754436
594 12.789934122244844
595 15.38393996040432
596 13.461256005440065
597 13.42458534861639
598 13.953149358047822
599 11.924406268046829
600 12.915938860238095
601 11.52050920203825
602 13.681041285141239
603 16.28914369674739
604 13.14350980877786
605 14.896262890350554
606 15.824493375632949
607 14.43609024466119
608 15.278226888004584
609 14.935823484763764
610 14.531907324797508
611 14.42564015819855
612 14.254684531365527
613 13.272867344027564
614 12.731854325770545
615 13.976538181750138
616 13.997384743848476
617 14.235083299693203
618 15.100103118677442
619 14.810435590071757
620 15.294286068215728
621 15.342065996696832
622 13.572269003893767
623 12.949185689068404
624 14.534815176819446
625 13.451627635891567
626 15.591008477520212
627 15.600860011655032
628 14.962811875839943
629 14.411668350741202
630 14.433168519051607
631 14.180305384760612
632 15.42197766146483
633 14.751700005612784
634 15.073131186882156
635 15.364238364106498
636 15.798158250264215
637 14.825143925416036
638 13.953026221127802
639 14.883400849957352
640 15.101083394138312
641 15.2133058441148
642 15.211409450238813
643 15.377333752283846
644 15.252756691983782
645 14.529942441800175
646 14.642450479053958
647 14.885742694799402
648 16.08556059200078
649 15.482863012457695
650 14.27394312313333
651 14.28173147169642
652 15.251142194620137
653 15.304367518161055
654 14.262972404697797
655 16.518766190698166
656 16.388104814009036
657 16.118924656098596
658 13.729401422586891
659 15.947292977107585
660 15.981920760108622
661 15.652721188235553
662 15.426934062206373
663 15.39765813858159
664 18.85084906062191
665 18.44766186654611
666 16.854088691256635
667 16.15006624490584
668 16.83992488054143
669 19.554574365282896
670 18.221537068138513
671 17.825771272126897
672 16.691877963179877
673 17.499214606768497
674 17.57751136538652
675 17.399043864358333
676 17.29581524339
677 18.42484529756164
678 17.73745929727489
679 18.687094769734834
680 19.14711683048918
681 19.864035156334403
682 19.30479554599336
683 19.361326010359793
684 18.142707910796794
685 19.471252592988314
686 18.333814928259816
687 18.475569621974117
688 18.52733730203176
689 19.16271814947983
690 17.05695371803052
691 15.940494439494985
692 18.09629461678516
693 16.37997627884621
694 17.002684209596943
695 17.118670732009594
696 18.436881739091532
697 15.197487921090666
698 15.65998955711284
699 16.65961704565143
700 16.85850825622001
701 17.220052349046085
702 18.242735891272403
703 17.292287719808566
704 16.626963466701813
705 18.03573810250508
706 14.854059698792312
707 16.926264497064754
708 19.896512980146085
709 19.256590177273914
710 18.392656901929
711 17.69484941574334
712 18.05560094167542
713 16.84140093574834
714 20.26426452425583
715 21.38175361244879
716 18.984175043767927
717 17.051220698987752
718 19.35990187588941
719 19.709490286329785
720 18.923085457133684
721 16.971989750076702
722 15.355459356676484
723 17.805547168651145
724 17.513854342871635
725 16.64787694741022
726 16.563031232838657
727 14.584061281698217
728 18.02021959788276
729 15.89792687226585
730 13.821591524971923
731 7.861978031960421
732 9.926528816883092
733 16.400637952848708
734 15.4401705523021
735 17.28349699578558
736 17.089188626036247
737 16.41628955539728
738 13.456419002380315
739 10.571813704666134
740 13.179764144526477
741 13.55085701781306
742 13.0411797204834
743 10.278128529616781
744 11.310175477021989
745 12.058432482857484
746 12.660472396539532
747 14.130951255863005
748 13.52387752174314
749 13.494581394951958
750 14.734944190004699
751 14.987541308731663
752 13.180905748070973
753 7.130651826383274
754 11.956534324251432
755 11.36325804284411
756 12.767890479285516
757 10.094091784508148
758 8.948062091773505
759 13.31063204254477
760 10.353938365723314
761 9.794241529367433
762 13.658337421220725
763 13.551684784028621
764 14.702104660504713
765 16.01251425447637
766 14.048699148260882
767 12.812431962124245
768 15.090222286676886
769 15.250386335254982
770 12.900523711518659
771 16.058363519942574
772 14.760517225887307
773 14.234485603952312
774 12.42782003345486
775 15.053641591563782
776 17.053293745453633
777 17.87792364065854
778 13.482268197033774
779 15.788332315783727
780 17.358576659141182
781 16.47362646728706
782 17.16480451431698
783 15.976313853916317
784 17.848703187335257
785 16.51116070337314
786 18.170331425748824
787 17.460050191897807
788 17.441852324137308
789 17.083191480081428
790 16.8167537381292
791 14.827962879184282
792 15.698662598256913
793 14.467750534583766
794 14.443899773277334
795 15.412892718331191
796 14.966228087645339
797 13.826844136974328
798 15.913475673741594
799 14.121425979871704
800 15.553497063336788
801 16.26003285441031
802 15.266440954404837
803 17.652251210594823
804 17.322895450334368
805 17.988802259379508
806 17.739260294047618
807 16.891858495729036
808 18.780764046342636
809 19.092391904276248
810 18.58043118082641
811 16.89513071613218
812 17.59491006016258
813 17.79066767189578
814 17.796587284561507
815 17.014175134350022
816 15.757286736723568
817 18.45885231059695
818 16.307988208841778
819 17.774281365311715
820 15.470503869037305
821 16.483574006702053
822 17.760647182642856
823 18.724072488077166
824 19.239615671434606
825 17.82937412610383
826 18.35316654981448
827 19.24335338041653
828 21.363859677363852
829 22.512187055357483
830 20.664062586435016
831 18.994835730360215
832 18.279481957503034
833 19.985948357278044
834 17.45901011109121
835 20.937818412890127
836 19.528233905651792
837 21.016399182381818
838 19.281032436050022
839 18.803824605312517
840 18.553367149370853
841 19.64086072346329
842 18.034815995925552
843 17.961255193693443
844 18.883551976233917
845 18.723318763075497
846 19.24023830843234
847 13.237218769228157
848 16.85205117814737
849 17.099771108963594
850 17.752569034266536
851 17.248173570672797
852 17.479936446903313
853 19.163340813115095
854 18.838286894050935
855 17.08174548961825
856 15.527411555208683
857 16.881303423715934
858 16.322059092577927
859 16.682868856435466
860 17.784000469760763
861 17.423230179329636
862 16.297889257148334
863 16.553680655022635
864 15.69277253762684
865 17.651628083895172
866 18.029956343601903
867 17.86943437866188
868 17.60630701466415
869 16.3154116211445
870 19.005873134378575
871 20.493894684541672
872 21.122999230211065
873 18.73272707119792
874 19.678472617226056
875 19.316118855783575
876 21.307074749442865
877 17.448489250824288
878 17.986695144811385
879 18.89517577437174
880 18.27459135790141
881 19.781719222160785
882 21.853888657552023
883 19.237384341100565
884 20.249343756479092
885 19.19739616065365
886 19.42673094708302
887 19.302951903096975
888 17.908619474661574
889 18.695783874461938
890 18.40323677965176
891 18.27328014142097
892 18.68482938261819
893 17.480193638912223
894 20.78661694564929
895 22.06488094817186
896 19.987752096879465
897 22.04761348283552
898 21.269727611363873
899 21.889988796650467
900 17.668009550067964
901 18.611768209125234
902 18.45841724500258
903 18.97761592643402
904 18.527005808828363
905 19.918600870467642
906 20.52039663545605
907 19.493053884338483
908 20.431121781372045
909 20.97511252142519
910 22.658496738497757
911 23.178487239751867
912 21.8358729502086
913 18.915530933885552
914 18.31523407055286
915 19.473298678028552
916 20.06375564321758
917 19.829433999913842
918 20.41034948342086
919 19.189534792165432
920 17.920227856617338
921 19.339484190568232
922 17.751213021279323
923 20.690182054831183
924 21.201312599579843
925 22.372732968208233
926 19.87300509560409
927 18.720945403009974
928 19.335394775307062
929 18.41830183470155
930 18.047609301729725
931 20.043373378708427
932 19.682480034441397
933 19.690532858499996
934 17.831665645916996
935 18.202997745414613
936 19.07085815805284
937 19.360794246563962
938 21.498579152540916
939 19.79813181669711
940 20.293071688541833
941 16.41634303799879
942 19.117745920159035
943 20.281833466694668
944 18.19073985517307
945 18.931108430950662
946 17.371260365637085
947 18.35616922827838
948 18.29938533755729
949 15.040150288224877
950 16.79449549641743
951 20.545251311925014
952 18.282458603104697
953 17.655129677559103
954 15.95092071887438
955 18.32680926962623
956 17.09574795405581
957 17.35589767817343
958 18.476137053403086
959 20.18260602888084
960 20.74971899168789
961 15.728691030548443
962 16.38802826051809
963 12.17523020107303
964 17.383149560992067
965 16.796517716792675
966 16.523526842893286
967 18.315798807093927
968 17.80569102911999
969 10.927645412501404
970 15.22128882805303
971 14.3963737404642
972 10.888531127696844
973 11.420492553280326
974 17.38754038712482
975 19.39639883492403
976 17.41832633457828
977 16.994816399329626
978 16.929801748926092
979 18.06747787128974
980 17.30016376498716
981 16.385644415590974
982 18.4638494625904
983 16.123908315515564
984 20.683859764056347
985 19.62950019600584
986 14.635689240835267
987 16.937328681731163
988 15.334015310335904
989 11.881818361623177
990 13.310846554949592
991 14.509814773164598
992 14.13339898523614
993 20.060549618509917
994 20.811060974848665
995 17.19136528239426
996 14.891163665123932
997 13.602514553936132
998 12.479188534048438
999 6.16788842368155
1000 6.556578579405104
1001 9.352934840043021
1002 12.160214012081681
1003 11.338697509431233
1004 9.773784735941224
1005 10.198959366954867
1006 11.125812514871978
1007 5.6441564093610435
1008 7.137144024484885
1009 6.5578743456205615
1010 7.172561705983475
1011 6.699159957633307
1012 3.4232023021084337
1013 3.319853293145624
1014 3.347133568971031
1015 3.497356092674155
1016 3.2890350330691716
1017 3.3732175651164207
1018 3.3326540907997058
1019 6.423176817278356
1020 8.984295999577032
1021 6.239387669665485
1022 6.41191857269574
1023 3.3932166008409
1024 3.7549162089756347
1025 6.438450001427133
1026 3.466695247625743
1027 5.4261334387245475
1028 7.819894154906569
1029 3.4644843857545493
1030 3.1785681139902673
1031 5.3149596487313255
1032 5.455136651456393
1033 6.206085616655387
1034 5.9589158287140975
1035 3.430185726468395
1036 5.541668955311141
1037 3.23914691396442
1038 3.7695571701614523
1039 4.62355748937849
1040 5.625630462473082
1041 5.803327433058473
1042 5.041025281512953
1043 5.7834357338477345
1044 6.021445142590686
1045 6.939070347422891
1046 6.308151006004109
1047 3.494985144956412
1048 3.653947587751206
1049 4.794764859003003
1050 6.294620379588087
1051 4.821445404199373
1052 5.991457538056155
1053 4.985894146901388
1054 4.8509994784195
1055 6.566217232997308
1056 5.509722361800275
1057 8.337716213523075
1058 7.897822754345583
1059 8.507735288430176
1060 9.4226991680711
1061 6.012375439084952
1062 10.259454586469746
1063 9.008031913584437
1064 9.480770184669659
1065 12.345217600864519
1066 8.061050726311025
1067 9.293998456918493
1068 15.200471346100626
1069 15.6676149398399
1070 16.925530827523023
1071 13.953310393948298
1072 13.786867547164501
1073 11.866274113252874
1074 15.986540975507982
1075 18.179015716276695
1076 20.30159743495048
1077 21.28757029262274
1078 15.978307091677157
1079 19.378179145689145
1080 18.773362487770783
1081 17.074398625982802
1082 16.95709115344412
1083 18.79377562333472
1084 16.269728151772462
1085 16.520335698121016
1086 17.48615272898683
1087 15.77746580883431
1088 12.828319408079684
1089 9.349157588585188
1090 9.236175827803304
1091 8.961097743913633
1092 11.68523079245992
1093 14.197226906318416
1094 14.113752055427932
1095 20.135564339871806
1096 19.735767160291775
1097 22.231984117724217
1098 25.866495771442324
1099 26.928408521185247
1100 32.51316317673287
1101 29.86546865580592
1102 30.607913577339954
1103 26.04543049002678
1104 25.771311892229352
1105 25.423369177825826
1106 27.24322234192646
1107 24.41557576558963
1108 28.581237047244468
1109 28.895800947033734
1110 21.95206230056511
1111 23.547186055757287
1112 24.872968810818545
1113 22.595404148804942
1114 27.776192255810614
1115 27.701116286384504
1116 30.34527458661429
1117 32.74467930980419
1118 26.9928074254989
1119 26.538177199809823
1120 27.057685040465138
1121 26.24125321237152
1122 27.059222716141743
1123 26.0115833199157
1124 26.52088016009036
1125 25.971259777163894
1126 24.175325129261932
1127 23.774106517597914
1128 20.768573350739214
1129 21.1145402177116
1130 22.702768598500718
1131 19.25809407746723
1132 21.62226653398971
1133 22.9311633306911
1134 20.371648556340634
1135 21.80408656427616
1136 21.784301142479293
1137 20.47732469625314
1138 21.80904689082837
1139 24.85552589631875
1140 24.468046452573507
1141 24.169168206659872
1142 23.8965160793182
1143 23.825874124128053
1144 23.845447297157442
1145 21.46965788863639
1146 20.23994486851342
1147 19.115024496831833
1148 19.024007896200636
1149 24.22462653649327
1150 24.02488321035509
1151 22.748539881203556
1152 21.95092842561682
1153 19.893953923984736
1154 18.79025070538303
1155 13.838929001947331
1156 15.12922321534585
1157 16.136665989139043
1158 15.510747232174696
1159 13.925254585331595
1160 13.748348571498294
1161 15.202514375269793
1162 17.303894330101784
1163 15.861418108248651
1164 16.917684772401863
1165 15.86263927651787
1166 15.290886962630234
1167 16.079860145137342
1168 16.03138736383334
1169 15.689050500558334
1170 18.318634345568842
1171 17.188778838833812
1172 17.109866027789156
1173 16.656582959963373
1174 20.31053027588316
1175 19.09244987924167
1176 20.238948507318533
1177 19.35415509400478
1178 18.05764044929663
1179 16.293824334751015
1180 18.92119787894221
1181 18.35920998444543
1182 18.08734356747787
1183 17.20622706706976
1184 17.329125360626065
1185 16.864893347428794
1186 16.436163664826616
1187 18.131056465229754
1188 17.500394291816377
1189 18.00508485858126
1190 20.661113547654992
1191 20.09671738002523
1192 17.703216482704796
1193 19.21937574537117
1194 20.666327093992894
1195 22.007561266630336
1196 18.701322017682102
1197 16.42730607303052
1198 18.964304212633042
1199 19.29639818249941
1200 19.820190771209898
1201 15.19180129867658
1202 16.51070007135795
1203 14.84262612807503
1204 15.154253151802749
1205 16.93670052807596
1206 17.245126269032447
1207 17.643554476424736
1208 15.910683445222688
1209 14.489286068147964
1210 13.281852565050395
1211 15.821546172950812
1212 17.202946153783586
1213 16.120676343869796
1214 16.543449323088968
1215 15.80804576879633
1216 18.474806877071014
1217 15.234290780734126
1218 14.729072506072722
1219 17.56739628679911
1220 17.002681400331127
1221 19.12659038439701
1222 16.951246872783027
1223 17.11443024997198
1224 18.09590601556919
1225 18.666345913891025
1226 19.713652195854486
1227 16.889891070596136
1228 15.706606855746102
1229 17.546744627220825
1230 14.054963734959486
1231 16.700576889086545
1232 15.552588105187404
1233 14.683704138538832
1234 14.606668228284759
1235 16.64139909482508
1236 16.3206463232786
1237 19.10948717760546
1238 14.162623807948602
1239 16.074577335454663
1240 17.201900536517318
1241 16.07193504909378
1242 18.41442873242205
1243 15.144959947011268
1244 18.476262449986564
1245 20.05885913781397
1246 19.312563697119938
1247 17.45097315307598
1248 17.295475458544924
1249 16.75423341485231
1250 19.026394073960486
1251 16.984345310568198
1252 16.77422347022457
1253 15.92720651744828
1254 16.785413038276648
1255 17.688023755855333
1256 18.23300656991992
1257 14.624291477941433
1258 17.19457165223252
1259 15.833035194910824
1260 15.08371584483644
1261 18.72589985703255
1262 15.39432324500101
1263 15.09443978343766
1264 15.65499752232953
1265 17.871529069553183
1266 16.443864064736744
1267 18.248585394251165
1268 18.53960274428176
1269 17.297280367254828
1270 16.049246933121687
1271 17.98849303933485
1272 20.61884350347049
1273 15.573634705084952
1274 15.827060037750398
1275 15.879053208735247
1276 18.180690938527636
1277 20.135840914863525
1278 16.7788484200077
1279 17.964149212284955
1280 16.12145275466394
1281 17.137247795373174
1282 20.44138082506755
1283 21.807374878612055
1284 21.807740017276856
1285 19.899999517162886
1286 21.23927465483746
1287 18.198780916022777
1288 19.752795226813188
1289 18.901545521091943
1290 17.30958005481508
1291 15.302983295492613
1292 16.274820680250922
1293 15.136105773686635
1294 15.069517202009088
1295 16.425438709085633
1296 17.555228824980457
1297 16.828909204774618
1298 17.169640783699222
1299 17.937514179284182
1300 19.573065647468088
1301 17.117151301638547
1302 20.382089916903702
1303 18.06485977691611
1304 18.748103223431112
1305 19.663178490483205
1306 19.55093950738291
1307 16.86929411722125
1308 19.29520642030989
1309 15.521714787793718
1310 16.593469484114756
1311 17.932664186778965
1312 19.67167858366795
1313 18.044903812833205
1314 17.768056582313918
1315 19.813569054210287
1316 18.19965495121753
1317 19.88848748556149
1318 16.3457919527345
1319 18.20757372512855
1320 18.839213537988016
1321 17.135812345826807
1322 16.278104351272898
1323 14.740289198677063
1324 15.913817285790941
1325 16.564376076309536
1326 15.498234061134008
1327 14.031729801256395
1328 16.661013708776817
1329 16.070019218620622
1330 15.014125608421475
1331 14.994276556507371
1332 15.387985428673165
1333 15.965871743056923
1334 15.166067220780402
1335 16.084870532982002
1336 16.119309298939093
1337 18.87635991921362
1338 18.561287995101537
1339 18.783760016127292
1340 16.211797280026637
1341 18.510938107842687
1342 18.063686157347785
1343 19.470007354070304
1344 21.69074524927226
1345 20.246683914044908
1346 23.094150039942996
1347 22.20264056109565
1348 20.84146722808143
1349 22.180496894062504
1350 21.416242264695565
1351 26.572078784004987
1352 24.994723226349254
1353 25.60134913749735
1354 26.70807742319846
1355 26.002240000545214
1356 25.928816877890096
1357 21.947971652224172
1358 21.736673776412925
1359 23.701247907924486
1360 22.531718899394562
1361 24.332885783204866
1362 22.822916347466357
1363 18.944009580527354
1364 20.159005389201987
1365 17.8433030170667
1366 19.014955338585445
1367 19.611670680792823
1368 21.357485170574595
1369 20.765656037235072
1370 21.257859384324515
1371 21.97489097793146
1372 21.801204256436975
1373 20.647071692731306
1374 20.404945431310466
1375 18.42885886795468
1376 18.28439920913953
1377 18.051388590721878
1378 18.840874791051043
1379 17.14968782950189
1380 17.408683389936385
1381 18.26572291650112
1382 18.274335127897334
1383 21.05720080423321
1384 18.81588898268382
1385 19.074349618284202
1386 16.455349035568492
1387 19.653371457017634
1388 20.085176125336147
1389 18.630338426461442
1390 21.1552908714971
1391 20.084348538336748
1392 21.225136047231945
1393 21.43422978851935
1394 21.828541499516202
1395 18.59230228750382
1396 21.680753756662497
1397 22.96164628143368
1398 21.52313885181487
1399 20.824773847900623
1400 22.033368618770258
1401 23.009648663004146
1402 22.756475067325635
1403 20.903685939137404
1404 19.833287954659216
1405 21.094076826472218
1406 19.20965711501132
1407 21.167171476125528
1408 21.524998438484253
1409 19.432855855410292
1410 18.704469652068163
1411 20.07139029264964
1412 22.11262876581485
1413 20.730860279078712
1414 18.917983793328272
1415 21.08949312663324
1416 20.816490709537362
1417 17.476593795522763
1418 17.652900254696636
1419 18.068415127985634
1420 18.857700626375713
1421 18.1620444018901
1422 17.757011004470066
1423 18.601372158182855
1424 16.91478863292567
1425 19.6162606683149
1426 21.32858774753983
1427 18.170379968521164
1428 15.152733616363877
1429 17.58807099055631
1430 16.844847088578593
1431 16.59001731541317
1432 18.911702615562252
1433 17.147098403644332
1434 19.359507172255082
1435 17.55547630543935
1436 16.454021751605527
1437 19.59964968119673
1438 19.30350080438711
1439 19.483003431660034
1440 19.897741874150007
1441 18.268928446612833
1442 18.712037762410272
1443 18.333174350803116
1444 21.564596328761127
1445 21.469163451935312
1446 20.166596532355292
1447 20.142583408318995
1448 21.480170766648357
1449 22.009656509191398
1450 22.955536735724902
1451 22.108959705890133
1452 23.500652679015403
1453 23.332546360551994
1454 24.064843829026447
1455 23.93876461910951
1456 28.70538580000729
1457 25.582604251193693
1458 30.56356144660531
1459 28.644156536945207
1460 26.23195884166839
1461 26.882418782975186
1462 24.94411930642139
1463 22.540767000228758
1464 24.571961527007826
1465 25.62302980433841
1466 23.949393581290277
1467 21.832017681755595
1468 25.10218771372506
1469 20.474887496102646
1470 25.633193839453053
1471 24.193636441656363
1472 27.892777914295543
1473 29.777543367771383
1474 27.990975563503007
1475 28.02471962568218
1476 24.872811464250198
1477 27.904754387770332
1478 25.148149933879633
1479 25.138150162746623
1480 25.30820049872845
1481 24.238580411269623
1482 26.556905311512825
1483 26.771623897766393
1484 25.738361177838193
1485 26.437103037887127
1486 24.095076150999365
1487 26.13434532052315
1488 26.109625249941132
1489 26.443056109735526
1490 27.947842150634035
1491 28.97409225769604
1492 20.929376625193985
1493 19.92079352428661
1494 19.97058628401354
1495 20.275370927239415
1496 23.73134526721638
1497 23.07522179394645
1498 24.22780918511535
1499 18.066358613729903
1500 19.937057406702394
1501 21.956131050010782
1502 24.481264672504203
1503 22.61632083629054
1504 22.75854232671732
1505 23.379882514459677
1506 22.390048436110373
1507 20.857883395477767
1508 22.413387805239697
1509 22.314995916919667
1510 22.713825560445677
1511 24.247507863632958
1512 24.497260277599988
1513 24.540220376725376
1514 27.336723853236368
1515 28.87362962078132
1516 28.70989350544962
1517 30.658220940205748
1518 33.492949776439445
1519 27.431125327144205
1520 29.899624964288687
1521 25.293070838032524
1522 27.356908797767996
1523 26.12463847632302
1524 27.526658540910397
1525 26.62824462804224
1526 32.507307550818524
1527 28.328159757787898
1528 20.876170492334136
1529 21.54262537519675
1530 24.874551271474346
1531 26.971859767699254
1532 28.40718810986212
1533 23.914982868310013
1534 24.033504552084946
1535 28.187455324111067
1536 27.048308734339912
1537 24.562117729073577
1538 23.12184887461015
1539 26.454797016219224
1540 24.12808230833576
1541 24.53568141272925
1542 25.959681823545736
1543 28.215774504747422
1544 24.4230953484093
1545 25.034542128454667
1546 25.267445715174322
1547 23.330334656769914
1548 25.262121079772914
1549 24.247403418967046
1550 21.396012050241776
1551 24.474879870294508
1552 24.51689261565262
1553 18.105004135875657
1554 19.994196440645577
1555 19.49563372782577
1556 21.54914581767224
1557 21.823420666358615
1558 18.664268636983607
1559 20.872311340853493
1560 21.88333012683441
1561 25.78413410763862
1562 24.47344441774973
1563 26.816566102547988
1564 23.737147879884624
1565 20.08046333990854
1566 17.938758689190305
1567 22.81100844910873
1568 19.744236845320245
1569 20.92010791482666
1570 21.50951406119874
1571 23.435734843539475
1572 25.26880246278985
1573 24.850118914413073
1574 25.02432273292931
1575 21.174651626446373
1576 20.196366676510195
1577 21.761284038970004
1578 20.66374189331397
1579 20.86073771937737
1580 21.44898546231247
1581 19.535997676702486
1582 23.60549736344267
1583 23.041566316074952
1584 22.507172629878838
1585 21.88109663768001
1586 19.63987178097868
1587 16.647783782302117
1588 17.994906625780313
1589 15.496795215958247
1590 19.178704814534786
1591 16.39660764037808
1592 15.488922760297642
1593 13.769015989983405
1594 12.774560308726972
1595 15.657984957386951
1596 16.513607688316277
1597 18.285545891617772
1598 17.802401351655075
1599 15.92737163595655
1600 18.44500201693723
1601 16.647256548175275
1602 17.517788190500394
1603 18.438010416423747
1604 18.56124008168703
1605 17.519888853470203
1606 22.17486962367211
1607 23.405734916789676
1608 20.501467893829965
1609 20.915038480972406
1610 20.25896695312199
1611 18.049248792321297
1612 20.930929293426935
1613 22.380613234954065
1614 23.446393621798713
1615 22.753281131339875
1616 21.731369036942734
1617 24.006830536240418
1618 21.336390636947048
1619 24.865217839119655
1620 21.002047392801867
1621 19.333222512574903
1622 25.646751829774907
1623 21.380121021909186
1624 21.535986222190903
1625 24.141414486882375
1626 22.611905581010756
1627 20.659181524827734
1628 18.870657172614433
1629 23.623900239467847
1630 19.1906926896482
1631 26.175043947982054
1632 26.94382081726559
1633 26.89470444378219
1634 22.007069868222764
1635 22.468386628906856
1636 18.870017203794124
1637 22.462055436979075
1638 19.923798809289256
1639 19.86856063731132
1640 17.608651708451067
1641 22.593542237415956
1642 23.552644242912717
1643 23.870668964203052
1644 24.21876060311078
1645 20.548923201799155
1646 20.52317365588084
1647 24.18814108365405
1648 23.77152496859704
1649 24.847328838881246
1650 28.32122368773944
1651 27.753319563913195
1652 28.05441070450428
1653 22.16885544220758
1654 27.306488635212993
1655 26.217353917205177
1656 25.050676780599346
1657 22.720010666770836
1658 22.801690975419934
1659 22.935512070752527
1660 23.604360354571217
1661 27.183957287626107
1662 27.81976399204949
1663 26.861143171011037
1664 26.03458056932063
1665 32.0842356426067
1666 35.918752931658815
1667 35.458509940454974
1668 35.249709561710986
1669 33.11289942535437
1670 29.1590742042317
1671 23.74281272580932
1672 29.127924388342553
1673 27.782010989718675
1674 26.949021993507788
1675 25.824607111847953
1676 28.569463065784102
1677 31.254550018079282
1678 32.74927138622312
1679 31.2707850026073
1680 31.494902038991945
1681 31.000403203238967
1682 27.010749584225124
1683 27.708488182264745
1684 26.2040536845816
1685 29.158312375899758
1686 28.576515317325637
1687 26.33823871382906
1688 28.826250343527878
1689 28.559862100870514
1690 28.426329041081754
1691 27.069439515596837
1692 25.94606236832919
1693 27.445699570224743
1694 24.95459738131546
1695 24.78764816056784
1696 28.961529277681638
1697 28.914591314064285
1698 32.47449677643714
1699 30.943788788534526
1700 30.14240412012759
1701 30.427926304767922
1702 29.505965990024958
1703 29.8893721402375
1704 32.23154796801367
1705 32.32119586050085
1706 30.55898841720975
1707 31.427133106238784
1708 30.591253333051135
1709 26.486651481199395
1710 29.50194666122285
1711 25.70576878109024
1712 32.27723034455113
1713 31.422571755934037
1714 28.42904969753614
1715 24.477273259552216
1716 22.525292343399926
1717 23.711351383580283
1718 25.28405348364564
1719 27.284691614650903
1720 27.959693547031787
1721 31.37184757074838
1722 31.083811439575
1723 30.856632042515958
1724 27.378528599121925
1725 29.98137806044748
1726 30.670068692320363
1727 31.88919476479345
1728 31.690882153076476
1729 29.575222508415095
1730 27.97962921453305
1731 29.55995052795435
1732 25.177733528503307
1733 25.893581473290283
1734 28.4756121220634
1735 31.8582100093675
1736 31.456277590262403
1737 31.385607241345753
1738 33.53764904998628
1739 31.05860534926291
1740 32.34225854230183
1741 32.899190473786796
1742 36.41228984040089
1743 34.149610422768625
1744 29.22846774717346
1745 30.68455523124772
1746 30.029804472343695
1747 27.899391793611155
1748 29.47527251048267
1749 32.42458039036806
1750 32.12370192328532
1751 29.795635610220977
1752 29.693955795639877
1753 32.920728571979446
1754 29.688667607556066
1755 26.652235846051983
1756 22.594206065916364
1757 24.5801473032384
1758 25.447510037887618
1759 25.28289044273208
1760 29.222832250284437
1761 26.259532461381458
1762 24.265078581240406
1763 21.93308530877819
1764 22.971210704664404
1765 22.71781294389001
1766 29.514447687394522
1767 30.572606829621066
1768 28.345815257176994
1769 31.029315140691633
1770 30.639009288282494
1771 32.292102758667056
1772 30.46107959344737
1773 31.8463853037151
1774 33.49660252212709
1775 30.413652257847026
1776 29.181972643129974
1777 30.547435490260842
1778 29.38252611260468
1779 31.69970404069056
1780 31.578030974993556
1781 31.37598856163088
1782 29.842289267657133
1783 29.666423878071495
1784 27.01921896489503
1785 25.261764281589326
1786 26.421013169658632
1787 21.650877202566576
1788 25.00043202641604
1789 25.33695133762984
1790 24.55179677443537
1791 25.55214741130872
1792 26.782301455098832
1793 30.32864864389544
1794 27.216163497912547
1795 30.092495363206126
1796 31.89048561911581
1797 29.473689654999742
1798 29.603277141826958
1799 27.55295338175012
1800 27.001461429306488
1801 27.256421829164942
1802 29.919322812857544
1803 32.50368302162912
1804 29.532689709421433
1805 30.0958632052721
1806 22.99789112985989
1807 22.891655737039258
1808 28.540687951155217
1809 28.482628707283332
1810 29.717643616054563
1811 28.539271992451877
1812 26.12126177271252
1813 27.85197944417093
1814 26.153824068909103
1815 30.05378921288024
1816 29.53092225809599
1817 30.146940090439497
1818 26.078987971887052
1819 27.735073393615323
1820 22.06448877034438
1821 26.94777593599513
1822 25.17074113495416
1823 30.414468773389906
1824 27.845880271779897
1825 29.460311284696235
1826 26.20808186339359
1827 29.02853628230974
1828 28.480348729821305
1829 30.153615642048248
1830 23.634546266867744
1831 18.617215731679963
1832 17.91262103403672
1833 20.3373859361003
1834 23.233079900309757
1835 24.539574102004323
1836 20.21732715748699
1837 21.894273042362485
1838 23.722289754231856
1839 18.88834965180997
1840 19.803737408680107
1841 17.93220853807428
1842 15.101861936635443
1843 17.23796765587687
1844 18.803858128633173
1845 15.789573586776454
1846 19.344063584503772
1847 20.534192223759767
1848 19.675215914649748
1849 17.049368364705966
1850 21.77025142754181
1851 24.017412697519134
1852 26.379030894276617
1853 20.558181266197064
1854 20.525843531065274
1855 20.63922804049123
1856 25.976246800622885
1857 24.36872941043216
1858 20.45146608940808
1859 19.887504053428767
1860 18.227700767410973
1861 26.06934043501051
1862 22.427618899013297
1863 25.49636126700415
1864 23.32604440651083
1865 30.30152138660653
1866 32.25272389550267
1867 31.946518009397057
1868 33.03160554143685
1869 26.82720744602606
1870 28.479295701584263
1871 26.05479201077408
1872 32.05493199777386
1873 34.47930989449566
1874 34.610535985701
1875 30.159185898409266
1876 26.468253496910066
1877 31.66705378760163
1878 30.673494725313258
1879 28.23142901461135
1880 25.14810878235939
1881 22.814225120580776
1882 24.933455904221905
1883 22.74796603824746
1884 19.423109020376703
1885 22.000171765674633
1886 21.008410463588525
1887 24.601746123957444
1888 26.06838274301775
1889 23.407058593278464
1890 22.19724381582374
1891 25.0874353601444
1892 22.49742939775501
1893 24.772890762000145
1894 23.53266714369436
1895 23.29988651111804
1896 28.363564393271268
1897 24.3178056254777
1898 24.029922790068714
1899 22.98384709301024
1900 25.48909949251293
1901 24.783501427445177
1902 26.18710435531707
1903 28.309017622849833
1904 27.656862433215128
1905 28.504464784209727
1906 25.97220173949468
1907 28.72317756179612
1908 25.669502634817796
1909 28.89241975187481
1910 23.21505902591392
1911 20.61728553852128
1912 25.317448611054655
1913 22.956941004354583
1914 25.730518692233538
1915 23.532092032013566
1916 27.768677103689118
1917 30.408161059754896
1918 30.68138228478495
1919 27.290146817211102
1920 26.17266889482637
1921 23.573462722278208
1922 26.01035243476031
1923 25.03688982446017
1924 23.031960140297382
1925 20.980210682962966
1926 25.213012317154778
1927 23.49679532282701
1928 23.337279737806586
1929 26.34910677819736
1930 22.906746664719822
1931 25.8982298814073
1932 24.7444220723604
1933 26.419500980463273
1934 25.76854473357184
1935 27.498574128398374
1936 29.578583964243407
1937 30.248506483557453
1938 30.859405673003835
1939 32.09834525873358
1940 29.001386204214914
1941 26.68293058089411
1942 27.963730420181204
1943 29.3689300847592
1944 28.496423176738958
1945 27.896129875966906
1946 27.907265158793688
1947 28.621599627259062
1948 30.326286816124053
1949 31.230585128594335
1950 33.40657517933091
1951 34.23723893925284
1952 35.294850244213855
1953 34.172338052568364
1954 34.945956210505514
1955 31.27776432878792
1956 31.85524239994023
1957 35.77522661842795
1958 36.08869296157288
1959 34.23172822849067
1960 36.27433095657934
1961 33.400013997474495
1962 34.14784657752004
1963 34.078310358212306
1964 33.989239399310826
1965 32.647578843568134
1966 32.71074406037196
1967 30.178470705614384
1968 26.908280783805658
1969 28.249954270040313
1970 30.105688237943397
1971 33.0139359146935
1972 33.32159887681411
1973 31.33774513201597
1974 31.790621888328474
1975 31.062501739154445
1976 30.67807854575417
1977 32.94762598625016
1978 32.53373574455442
1979 35.38431901260363
1980 34.032929309025015
1981 30.126254082150915
1982 30.646644956359584
1983 29.94286416665413
1984 27.750244588350668
1985 28.76478925798058
1986 28.887676529584606
1987 26.751189110410696
1988 28.461479009073873
1989 32.42234178500837
1990 30.7405514762735
1991 28.900620734285756
1992 32.42760657186505
1993 28.53559082869362
1994 26.564625259329674
1995 27.260206534741982
1996 23.480735392853756
1997 22.37887654264536
1998 25.34936167676697
1999 22.77852103287578
2000 23.381854467549356
2001 22.11286626071323
2002 22.603233338324458
2003 21.465505456854604
2004 22.91876815284094
2005 22.39031224610825
2006 22.266673519069464
2007 22.807129299799872
2008 23.32885089042549
2009 23.91847026382094
2010 23.13846581183977
2011 22.91821719130481
2012 22.973175250495174
2013 23.371375430915272
2014 23.47907402412048
2015 22.191863951384978
2016 22.533616229360824
2017 23.034926567758774
2018 24.41565134052067
2019 23.960753237607886
2020 23.264733036101
2021 23.084068853399618
2022 24.473231321499224
2023 24.204399002931655
2024 22.07133281011383
2025 23.069342193972208
2026 21.94750771054094
2027 23.59050591360304
2028 23.424029016240773
2029 23.60362753839576
2030 21.995342865134962
2031 22.820894292839018
2032 23.85478057170903
2033 24.156248992789155
2034 24.66892953917932
2035 24.60104916455744
2036 22.091307818488904
2037 21.83104642656901
2038 23.538071333836648
2039 24.25944251898405
2040 24.74369214206551
2041 24.737104035818916
2042 24.18321674911002
2043 23.515182430993978
2044 24.176620318215143
2045 23.117768504152885
2046 20.3731222070404
2047 19.644513422079488
2048 21.109894574703993
2049 21.10535264500431
2050 26.235733056863985
2051 24.01477570551512
2052 24.532132168586312
2053 20.067928743351164
2054 20.903551861653558
2055 21.037457346558732
2056 19.38182848304432
2057 19.16865344564727
2058 19.7772821484901
2059 18.81530257104964
2060 22.175855722501996
2061 20.14131077538445
2062 17.521222048577414
2063 20.541677159307447
2064 17.078301899705036
2065 14.89325450302402
2066 18.03090625816087
2067 22.11073007158936
2068 22.766122264450537
2069 21.70154480431686
2070 22.023109205415913
2071 22.857288641869285
2072 20.613754691185083
2073 23.454146728315
2074 20.521549166463025
2075 20.334618252183834
2076 18.909350373506538
2077 18.78438932486926
2078 21.064568008066573
2079 20.707621654972478
2080 22.449620963841245
2081 19.177314200760453
2082 20.793310938140134
2083 17.88717653294365
2084 22.564090517439816
2085 25.37832401028133
2086 25.838197033086935
2087 20.794788496262843
2088 22.38963172703883
2089 22.40772159072324
2090 20.81515971912602
2091 21.064190317022526
2092 20.837300012167656
2093 23.27842910368147
2094 23.606572390657583
2095 21.63461630911408
2096 22.627244888391438
2097 22.530332433813967
2098 18.855690801102647
2099 19.02380381630863
2100 20.83329869625868
2101 17.003041813809233
2102 19.466389647346443
2103 17.82844879138303
2104 21.825080621199326
2105 21.05838314479508
2106 18.279937746401902
2107 15.166071899510825
2108 24.552483626715855
2109 20.870736614671003
2110 22.6331693899829
2111 24.148398370498317
2112 29.454250205072974
2113 22.332904984861234
2114 26.013328554070885
2115 26.86070281648358
2116 20.759637603221204
2117 23.938158804294726
2118 25.072423780473894
2119 22.463013065532024
2120 18.685129588324827
2121 17.04866550918014
2122 18.280580037921453
2123 21.95963122073208
2124 19.58601328466143
2125 19.840815895813783
2126 20.114236639769718
2127 20.19707693550495
2128 21.12182241964458
2129 19.7029234997487
2130 22.667071805108257
2131 22.566234276945885
2132 22.85074777661432
2133 21.01930166436684
2134 21.21293373959129
2135 23.65073027287689
2136 22.567934266689363
2137 22.000273068841057
2138 20.1413967273503
2139 17.942521595290902
2140 20.11308598685255
2141 21.271048606080317
2142 19.822251513756857
2143 25.053196912581164
2144 25.84465161567678
2145 25.143945548256543
2146 29.229427600163667
2147 27.365965164544033
2148 29.325116546642224
2149 29.23492403198361
2150 28.80002334982534
2151 28.440702044205246
2152 27.784726140021522
2153 30.022321858052454
2154 31.082927804990526
2155 29.250571148854856
2156 28.45366653384024
2157 26.93165580270297
2158 28.16366922125304
2159 28.568236237237375
2160 29.785685250950557
2161 29.67669101368879
2162 29.980264157451792
2163 29.513355634482785
2164 28.90677457100207
2165 29.68636147611722
2166 29.131538520825764
2167 29.089830370557525
2168 28.012538775908933
2169 28.034712609706805
2170 28.216075516500393
2171 27.384231373837565
2172 28.174445390114663
2173 27.65368083650397
2174 29.34397006409977
2175 28.614418959903922
2176 28.671622347158422
2177 28.35967847423467
2178 27.681329996249065
2179 29.15487478548329
2180 25.59324822559513
2181 27.70397458626719
2182 24.13161266935287
2183 23.14433537830131
2184 24.852105590707207
2185 22.118818584778023
2186 21.959721021296243
2187 20.914578792469523
2188 19.743229833869695
2189 21.93851204805687
2190 22.78899628046068
2191 17.39314335758416
2192 18.437029413631453
2193 18.6446778083755
2194 21.4729411323823
2195 20.54092988145451
2196 22.869439188571416
2197 22.286752799555085
2198 23.699810660848538
2199 22.215799134051938
2200 22.83536658754516
2201 22.373556066570618
2202 22.048587269782757
2203 23.026732892603647
2204 24.92615875466016
2205 22.977782523527615
2206 22.369133389269876
2207 22.055695525425
2208 21.198007289271793
2209 22.625242973783404
2210 22.312726587880782
2211 20.588980826660574
2212 21.30124700054246
2213 21.587058968072427
2214 20.26598563000049
2215 21.56394053313491
2216 21.21560233631004
2217 21.158830737693727
2218 20.955510182937534
2219 19.68556700125854
2220 23.034995977627478
2221 23.65000048346579
2222 23.681368941778526
2223 22.932693604155865
2224 23.45285117899255
2225 23.28909778803609
2226 21.81219791027029
2227 23.718959370953836
2228 23.13321964451608
2229 21.642791366089135
2230 23.18118633591443
2231 20.15267771113852
2232 22.45066079770226
2233 22.894128197029943
2234 24.168513127881692
2235 23.551149142306237
2236 24.09529835523035
2237 22.42917984105522
2238 23.32400764951972
2239 23.057081690248697
2240 23.32169276737213
2241 24.0716593898529
2242 24.292319370530418
2243 22.7585082773001
2244 21.228638583649403
2245 23.917533973365476
2246 23.481701072727912
2247 23.41139845775019
2248 21.68358029019994
2249 23.03508867736504
2250 24.427631368484242
2251 22.887347061783824
2252 23.57573725801983
2253 23.308526696446023
2254 20.876614354939484
2255 20.258906627504995
2256 19.62121520857968
2257 22.255638051726745
2258 21.741759399084028
2259 22.634932857702182
2260 20.796782329638667
2261 22.432821570553415
2262 24.485776336664003
2263 23.47112913161409
2264 23.303968124121933
2265 22.762364263322652
2266 22.880824071562316
2267 24.011309375320007
2268 21.606288386802035
2269 22.902067835726456
2270 21.36942867822875
2271 20.952480812208286
2272 23.59020361722099
2273 22.08869682980329
2274 21.931477389200154
2275 22.868943052490877
2276 22.80741948033861
2277 20.476669432218223
2278 22.110383462247277
2279 20.983108101169684
2280 23.66086439108842
2281 24.240983642707505
2282 22.914710277079113
2283 23.025513648610385
2284 23.21755058914638
2285 20.39943881469567
2286 22.70988577549242
2287 23.159825017893468
2288 22.549069578222184
2289 22.61770973873738
2290 21.74092097174189
2291 20.889227577396838
2292 23.09460321799214
2293 23.758763427560446
2294 22.703803662548818
2295 20.208961169217787
2296 22.37953161499323
2297 21.86823594958348
2298 22.19321751657804
2299 21.05910545392169
2300 22.523067084084044
2301 20.207006069449534
2302 21.082632326979866
2303 21.812727743325233
2304 21.472566038077176
2305 20.62439485737159
2306 21.407262006106134
2307 22.55956144705242
2308 22.303670158963815
2309 21.080230492183333
2310 19.429260012566484
2311 20.907861950748302
2312 21.745444139387793
2313 20.52868002854152
2314 20.177631902876552
2315 20.211286868634087
2316 21.294375261602948
2317 22.199947971377668
2318 20.826937103429024
2319 20.24562074253785
2320 20.997337525711554
2321 21.268996895744753
2322 22.85537485688495
2323 22.627120537820723
2324 20.252754365957983
2325 22.48178339439366
2326 23.40368254833835
2327 22.618274284183048
2328 22.327503294503387
2329 22.953744811188226
2330 23.60602849680271
2331 23.296280760682492
2332 23.11798315899928
2333 20.749680354295634
2334 20.739792721043703
2335 22.98408675624704
2336 20.602761096657733
2337 20.722828803015556
2338 21.819196142917853
2339 21.45038293258853
2340 22.543813314434647
2341 21.750283516107118
2342 20.60686803309508
2343 22.520905543450763
2344 22.445123953497777
2345 21.26193374104133
2346 24.73389021219859
2347 24.101650300179745
2348 21.561823825627638
2349 21.562004061122046
2350 21.240327575672126
2351 21.610255422416667
2352 21.974899261884385
2353 22.777597668563125
2354 24.471768454693635
2355 23.42013852104784
2356 22.133830413920716
2357 23.64751432896921
2358 22.598030536973504
2359 22.69248405862671
2360 22.29496548114661
2361 23.18553600926757
2362 23.782735778850796
2363 22.17929269653578
2364 22.31915378771303
2365 20.26928513169559
2366 20.825477253897695
2367 22.011349405640487
2368 22.58504532775455
2369 24.351633527055295
2370 22.51835694528257
2371 23.806131326519964
2372 23.904895168071878
2373 23.266100228959726
2374 24.390742544124397
2375 22.955169466623577
2376 23.076087250120207
2377 22.935841338011084
2378 22.849950405148963
2379 23.701680240684507
2380 24.9946660097953
2381 24.05779430688519
2382 21.565668902743756
2383 21.66114049067218
2384 24.596596457829275
2385 24.79553756081393
2386 23.557517255845855
2387 24.618408168921846
2388 23.249140833098398
2389 21.928942888954843
2390 20.000013992245545
2391 23.1731144483523
2392 22.36155471226509
2393 22.015996031245706
2394 22.649732281963374
2395 20.959023328223218
2396 23.519532908687864
2397 24.258508471279814
2398 22.750070577776196
2399 22.587662368267555
2400 24.28008541883276
2401 21.380919747966193
2402 23.45557588834988
2403 22.439158628634345
2404 23.42494591271214
2405 23.12989148148202
2406 23.756517075989038
2407 23.634831515955792
2408 23.442968382828493
2409 22.056301870618693
2410 22.12028689222194
2411 19.442959433674332
2412 21.033913071086573
2413 21.183141221089326
2414 21.070713274417315
2415 21.179879372330053
2416 21.948571377041095
2417 22.29570936184502
2418 18.88994639312332
2419 20.386304031079614
2420 20.345199128518335
2421 22.017349088064325
2422 22.00521832850861
2423 21.688880009099325
2424 21.18461841944134
2425 23.050503035455357
2426 24.559528635047453
2427 21.551266496783622
2428 24.154172408045937
2429 27.863067412931013
2430 27.179709151443582
2431 25.61149132619592
2432 25.957693451760548
2433 24.73229160277841
2434 25.06280387251912
2435 24.500095665901437
2436 21.27017005422176
2437 22.878780655238575
2438 26.171181372488427
2439 28.090193533547954
2440 28.614163404257617
2441 22.1653020450552
2442 21.703595826833194
2443 26.457736627142165
2444 18.59021645139826
2445 17.33395373741993
2446 22.141188736109505
2447 22.16964545081253
2448 26.321412005277807
2449 22.498536947811363
2450 18.95885597567673
2451 23.87818385506531
2452 19.506825207110452
2453 20.30757952661221
2454 21.44512926810606
2455 23.864033473878006
2456 25.316992362408108
2457 23.090470875618095
2458 24.608330373432242
2459 26.079917223000876
2460 24.67165208179206
2461 23.527085511100516
2462 24.10529331829613
2463 19.72879383676799
2464 21.35761904162534
2465 20.89180171457646
2466 18.484371444418738
2467 21.570023472779795
2468 20.031682594279673
2469 21.29362560823535
2470 21.284199012562066
2471 19.368799469864943
2472 25.795915529940054
2473 24.593190926212174
2474 25.979111795617815
2475 24.373772392914802
2476 26.785939680751554
2477 28.20091760132963
2478 25.95288079000773
2479 26.85884087229776
2480 28.151057131056337
2481 28.580133623979812
2482 28.367389070221062
2483 28.744997656546
2484 28.756893172328063
2485 27.49681053304535
2486 26.73294919194179
2487 29.82755438270509
2488 29.676101644860392
2489 31.489213342850185
2490 32.946490303166236
2491 33.42733166871249
2492 32.49659630307535
2493 32.47136481455304
2494 30.27699885593508
2495 31.56414430640558
2496 30.133679575346637
2497 31.134554066115548
2498 30.60505020596531
2499 29.175425398300305
2500 31.851576599004442
2501 32.96383905276462
2502 31.534317434826452
2503 31.326704367536287
2504 33.13013549363954
2505 30.572336030258167
2506 31.759253467784198
2507 30.960022721856507
2508 29.11328661674883
2509 29.515983926052094
2510 27.82352822663779
2511 28.860239671988264
2512 30.049757232866106
2513 28.108634190927845
2514 29.584938244176577
2515 29.425046847894162
2516 28.67586845969609
2517 27.951384201791356
2518 29.82560369130251
2519 30.01652831056058
2520 29.213813474632378
2521 30.956260787450837
2522 31.60022963016654
2523 27.41834414909442
2524 26.86440573699449
2525 31.140444435601527
2526 31.76720062094435
2527 29.295824346701284
2528 29.565747463320587
2529 28.401379404266027
2530 30.177914863758282
2531 30.81174448573008
2532 29.646431771423664
2533 28.50456368708726
2534 29.763751040671856
2535 28.482359251365594
2536 28.529780868392688
2537 29.45230414197081
2538 30.324637533311403
2539 31.204677468056246
2540 29.114421522673407
2541 31.256016567078877
2542 29.714982026131466
2543 28.71417341484619
2544 29.831334057395757
2545 30.614069074915648
2546 30.13971662753485
2547 30.18466058252523
2548 30.377464626467187
2549 28.34609593896559
2550 29.470131213882947
2551 29.397844619367362
2552 29.32572990873352
2553 28.330114966037193
2554 29.546204263233427
2555 30.31517830744696
2556 29.478950379304745
2557 30.14878486411999
2558 31.20072517110837
2559 30.34818944630673
2560 30.160094558842438
2561 29.16309941135024
2562 30.230604296779312
2563 31.715070529108946
2564 32.701744902838065
2565 31.714284561069782
2566 31.52503857169655
2567 30.21000060668623
2568 30.24943057233794
2569 27.263347867201368
2570 29.66274032944158
2571 28.80114343035057
2572 29.488646570045947
2573 31.97337854922779
2574 32.19665821396651
2575 31.644429377912285
2576 34.658694545623305
2577 36.7484131069173
2578 35.6182395962751
2579 35.302178473157205
2580 34.80880871832163
2581 35.756004923776786
2582 35.85131932983961
2583 36.21863559714476
2584 32.627200769723146
2585 34.96456790801266
2586 34.208083618565325
2587 34.377964307508876
2588 36.34177434145216
2589 35.05209394840513
2590 33.64960087843381
2591 34.42982070707932
2592 32.87156632237007
2593 32.20895850178044
2594 29.93749098195771
2595 33.11882470703193
2596 33.32550645646911
2597 32.10863054600913
2598 33.32843892862205
2599 32.14267846984279
2600 31.52486855096317
2601 32.88536265202141
2602 33.641706995847116
2603 32.65037520755881
2604 33.956907362034826
2605 32.21453426555699
2606 32.39747476685208
2607 31.94404100199577
2608 30.26659032225064
2609 31.99112676806695
2610 32.05770848742599
2611 33.27708369453805
2612 31.34157547478484
2613 31.94672535793369
2614 33.60492291044037
2615 31.745911306180094
2616 30.622265478490974
2617 29.04326677339355
2618 29.64762190262658
2619 28.333310918553458
2620 28.18037497014815
2621 27.36701474241584
2622 24.081269639570472
2623 27.415568548205844
2624 29.074038907267767
2625 26.292650952329097
2626 25.28078951391532
2627 25.29655938285815
2628 27.756055178392106
2629 24.45608688168257
2630 25.318344749372653
2631 21.380837682539706
2632 20.507705635416105
2633 22.825710124317986
2634 24.248161055396988
2635 20.29404010128626
2636 20.089629956981824
2637 21.391012315457317
2638 24.563400902919383
2639 20.97350834769506
2640 18.7243342743651
2641 17.831962961766724
2642 16.904822271240274
2643 17.32730147057974
2644 17.54879476892361
2645 18.116556350853582
2646 17.09590725810077
2647 17.71766972298813
2648 17.082278333010244
2649 16.871647737346795
2650 17.587437492425114
2651 20.33974741634941
2652 23.47128151024272
2653 22.241818455695547
2654 23.79794049253354
2655 24.045338760009948
2656 24.405787486929636
2657 27.989929399839724
2658 27.805008828795525
2659 25.398192577990525
2660 26.591348590166668
2661 28.226252584607874
2662 27.8415397969774
2663 23.419331330359352
2664 24.018391518989695
2665 22.03198338050605
2666 20.088475188543317
2667 17.31668541575071
2668 15.323576732657756
2669 18.264253976051204
2670 20.18388704626546
2671 25.807234903058603
2672 27.05386012720451
2673 28.1282721522397
2674 24.42833830850642
2675 26.599116665079947
2676 27.970437633146442
2677 28.72991204869322
2678 26.442700862071778
2679 29.25668998961817
2680 30.0654229741302
2681 30.597899242884665
2682 24.861201608833635
2683 29.466077477358336
2684 26.58924955374561
2685 24.691359951335077
2686 26.98988281363004
2687 25.369693632888715
2688 24.380818520320933
2689 22.90941552360837
2690 21.650766875721587
2691 24.842431182699002
2692 26.485778727692118
2693 21.742793659227207
2694 27.228592221831004
2695 30.350639963824293
2696 28.866969289629093
2697 28.43076775915607
2698 29.339179403561143
2699 36.53804058553392
2700 33.97454577548673
2701 36.475167541371725
2702 37.8169910590423
2703 36.97913361489151
2704 33.89738368141934
2705 31.45427371462001
2706 31.882520949872838
2707 32.588450370052755
2708 32.97819979457751
2709 35.08446559252811
2710 34.79552250710031
2711 38.862499222136364
2712 35.74224788537804
2713 32.7599743011261
2714 30.822306515730926
2715 27.638876635008412
2716 25.942644791848018
2717 24.671920020819655
2718 27.264272069629598
2719 25.923898674850292
2720 31.397188062340902
2721 38.549163521205074
2722 37.19776806177393
2723 37.9516943635965
2724 37.36121617699419
2725 31.380448331563894
2726 32.650698332512036
2727 35.56106044900442
2728 32.06431897579882
2729 36.97694880074398
2730 33.11710466700521
2731 32.70236158232217
2732 35.34009905621688
2733 34.81515422282419
2734 32.80526070734072
2735 35.053234200478954
2736 35.63893910974803
2737 37.57708489893872
2738 32.49982539853754
2739 27.770344981893516
2740 29.19790224257369
2741 34.77156511390734
2742 36.954760698915145
2743 36.26924241921894
2744 38.98915486601032
2745 33.41715639777702
2746 36.1585260626245
2747 33.95624221491122
2748 31.488817153842202
2749 33.346468957834425
2750 30.902859374262867
2751 32.53017857762901
2752 32.04485170726443
2753 35.31652104453124
2754 37.17081073392164
2755 36.28678805861235
2756 33.056758849760584
2757 30.17413408144732
2758 35.74905560657353
2759 29.693351961432604
2760 31.52683139925626
2761 32.51925661460502
2762 36.70542292466057
2763 34.099887936913554
2764 36.277593302460126
2765 36.67121515652555
2766 37.649628207577564
2767 37.51065174881323
2768 35.739021448041534
2769 35.915417355253034
2770 33.31251529368188
2771 35.92334185421641
2772 36.27586135129591
2773 34.23107677831017
2774 35.451271393062214
2775 37.001365631466115
2776 31.385746720764235
2777 31.48418772454862
2778 33.699213996128336
2779 35.8634030362256
2780 37.07209678884893
2781 31.38243569582536
2782 31.356200524952747
2783 30.742296372499084
2784 30.597892969154213
2785 29.57710180046068
2786 32.207625541188484
2787 28.604979992403013
2788 28.73917456027318
2789 27.53735360037299
2790 28.46900743592036
2791 24.09391929294481
2792 23.37675199542597
2793 21.84223843901777
2794 26.670729826146534
2795 30.378350659858917
2796 27.06201301622941
2797 22.11881968093079
2798 25.513162227246408
2799 26.1568734810347
2800 23.72713029083599
2801 27.512358076384082
2802 24.638992911828502
2803 22.927697802005387
2804 25.462674137681
2805 25.29789735307757
2806 29.335417533604105
2807 34.55610432865083
2808 28.88878749061078
2809 31.13231523753925
2810 29.549245885037024
2811 32.48403492218374
2812 33.77749483292979
2813 34.64331304015394
2814 33.3359318853465
2815 30.292438992185705
2816 32.43924722882855
2817 22.81115235279754
2818 24.561820179915415
2819 24.035922719076115
2820 23.529447322275594
2821 27.570982700915618
2822 28.011998433425397
2823 26.741013880166157
2824 26.107204936165008
2825 27.16030931474049
2826 27.762548375541563
2827 22.22144209384488
2828 26.400553414369924
2829 23.11679317789626
2830 27.243561415192815
2831 28.425491288513552
2832 29.091736913083217
2833 33.320632981715264
2834 29.878397517552383
2835 28.24020794517058
2836 29.81319851574068
2837 30.642334636811547
2838 30.96787278445094
2839 28.87583775732359
2840 30.081415614294873
2841 24.655390798487627
2842 29.25832455727858
2843 26.35204570077123
2844 28.99848696190513
2845 28.46817744249795
2846 25.58923512004101
2847 24.627477033485615
2848 22.544690990606856
2849 27.411727163237913
2850 25.797080175605824
2851 24.552875316681025
2852 25.819808153271197
2853 29.481204500112643
2854 29.143383945170115
2855 27.301798535674774
2856 26.86441296415246
2857 29.63507185795511
2858 31.177136761573106
2859 27.138110162410722
2860 29.433948331360558
2861 26.191243520531042
2862 30.593380155929122
2863 30.40696107027912
2864 29.26268716958008
2865 30.429908793817667
2866 32.17186203560836
2867 29.808235483085678
2868 34.206919458158666
2869 34.28340987757667
2870 38.682792683842635
2871 34.557039183277936
2872 36.033561879994416
2873 32.634962379765916
2874 34.68506853257002
2875 34.127391801085544
2876 27.299590324185647
2877 23.71854475469392
2878 25.881912227778262
2879 23.973357474745217
2880 27.277009032241768
2881 23.259291037260706
2882 23.362858575736077
2883 27.80341569747398
2884 26.296165831514905
2885 26.849477270937175
2886 25.93015037268806
2887 24.229348663071814
2888 25.560087544818963
2889 21.664396352896947
2890 24.467006821535836
2891 22.02794477780738
2892 24.632621647362143
2893 27.64276916846867
2894 30.648249354995947
2895 26.351835183440297
2896 23.821257573023175
2897 24.466733785642056
2898 22.367724541888606
2899 29.71088665153323
2900 21.806796711465434
2901 20.34953049763282
2902 21.40212693509334
2903 20.348574396730797
2904 20.17290243871069
2905 21.5948568042759
2906 22.303344692376275
2907 20.478758656654378
2908 29.85503157397399
2909 29.107520577013847
2910 28.319294091237545
2911 28.092846619117022
2912 32.079729726153815
2913 28.68253217837786
2914 35.14836270716745
2915 30.1871673791491
2916 27.46700712374404
2917 32.65638522124678
2918 34.14473565275446
2919 30.17977789583014
2920 26.95297381904408
2921 37.209904116723585
2922 35.50009017514694
2923 30.77261124045099
2924 30.27201321144988
2925 34.78505732300904
2926 33.478861181446156
2927 26.53037689562216
2928 23.359445246102073
2929 26.750290587702082
2930 23.81491405241472
2931 22.762342997989432
2932 24.757579134634668
2933 22.995039407879318
2934 25.813124457793545
2935 22.348714348313976
2936 28.938411502321728
2937 35.12446241261328
2938 29.89182050951777
2939 30.295150173323396
2940 30.54217881653025
2941 28.54596504298139
2942 27.773258768660376
2943 24.429107683489526
2944 30.497256889187955
2945 33.11081430157253
2946 34.51569651281618
2947 33.98886586247534
2948 32.70692744421218
2949 34.85488082585174
2950 36.156591951049585
2951 36.33514325302346
2952 35.46241247608908
2953 30.19296184566585
2954 27.200885502237433
2955 27.392457885622825
2956 29.659528376146525
2957 31.274048668696782
2958 25.66514839511553
2959 26.477972869052056
2960 27.92983804394774
2961 24.49503722429317
2962 22.65989984751359
2963 21.08096935365382
2964 23.196325722948703
2965 25.645734317138512
2966 26.249782992601094
2967 26.875146231867006
2968 26.54826597366726
2969 23.527859552030762
2970 25.333213605213412
2971 22.951149779502057
2972 22.668716152923448
2973 32.405792722166424
2974 29.846499401036212
2975 31.088699953140082
2976 34.9426695129243
2977 35.02408267461593
2978 32.455858148298525
2979 39.18536330489059
2980 40.089062490971
2981 39.126106653954224
2982 35.17912987286669
2983 30.472527627436463
2984 26.43625426850357
2985 29.186753774583124
2986 31.45397146955133
2987 27.327912043561184
2988 25.72230987890312
2989 22.07560382675009
2990 19.018263579931812
2991 24.815196670645264
2992 25.0988782337638
2993 23.027649277649946
2994 24.894561113095467
2995 21.55575407128039
2996 23.218262129037498
2997 27.469355872113255
2998 27.518101125393564
2999 26.192638302043928
3000 29.30799177294103
3001 30.14264001166759
3002 32.03147969577745
3003 27.62650558605856
3004 27.898450481669617
3005 29.621543674616643
3006 25.58398701811811
3007 27.12043761259732
3008 26.99707092056857
3009 26.29984363269105
3010 21.442844487604358
3011 26.414243289697026
3012 29.18723517924154
3013 30.74025375160989
3014 30.51762684930275
3015 33.47457089845687
3016 32.5092183301365
3017 34.50746810206113
3018 37.06154524444479
3019 37.75787585012997
3020 36.2186818162182
3021 35.43189377834401
3022 37.145403924856375
3023 35.989388887212655
3024 38.4743163328808
3025 39.03775751470727
3026 34.91425265294596
3027 35.906958334111344
3028 37.10556807372742
3029 36.8959519589442
3030 33.3137661969196
3031 34.27497169463866
3032 34.04784873132097
3033 32.802437981924534
3034 30.826831205832246
3035 31.53921413345734
3036 34.22168444908914
3037 33.4901845526113
3038 33.92454333404032
3039 34.803607598188535
3040 34.924895551083836
3041 33.953564555663114
3042 33.64961063707455
3043 32.302576148112095
3044 33.43052569439405
3045 33.255033136219325
3046 34.40346018702534
3047 34.868441445541286
3048 35.884649009418546
3049 35.05967706398341
3050 34.26892514471566
3051 32.927658860868796
3052 31.313055257906008
3053 35.18152962897684
3054 35.24643273671315
3055 37.34766229344078
3056 32.744711580279954
3057 29.79361281824619
3058 31.893835728702644
3059 25.911697883376473
3060 24.888310567035763
3061 26.552796914561295
3062 30.06198287752319
3063 28.745592312902442
3064 32.04212000092103
3065 29.16867559274047
3066 30.41818550872795
3067 29.42984868291399
3068 28.97899909041191
3069 28.376259085051203
3070 32.99249084590389
3071 31.76493956167165
3072 34.98570176888476
3073 33.58543935864205
3074 35.475041830420835
3075 35.47935783717111
3076 34.949471114039724
3077 35.25806132244228
3078 36.87391651131994
3079 33.64134764186319
3080 32.39925868811026
3081 29.192579027290012
3082 29.83344229610794
3083 33.62626773499915
3084 29.83633143477695
3085 28.2663629229442
3086 27.302319746861933
3087 24.518229563163377
3088 22.059783076745084
3089 23.88461313616366
3090 29.120510806349593
3091 29.4280968535754
3092 27.06327569119082
3093 28.472595559181613
3094 28.47884136237112
3095 28.23067033457622
3096 25.87214342382679
3097 30.30916587163396
3098 25.88757810897332
3099 23.58756318628165
3100 26.114703078139044
3101 26.15754483066815
3102 26.894195200324422
3103 31.16313434524
3104 26.49422909367657
3105 25.895410459229158
3106 29.74854669172289
3107 33.755851358075525
3108 34.50378327388495
3109 31.581831201876117
3110 28.21022162828674
3111 26.47336724073146
3112 31.292198185291262
3113 30.538848623713392
3114 27.886829205005842
3115 31.440348657901865
3116 31.30800410780411
3117 28.997380597221166
3118 30.00263145957832
3119 27.520353325535314
3120 24.603664803524225
3121 28.416331917570645
3122 28.085180086969515
3123 30.19364015688959
3124 29.762178694514144
3125 30.12672495647846
3126 28.447524028274895
3127 25.867495131614174
3128 27.90565135971611
3129 26.254042479601768
3130 30.354712559818925
3131 31.11726159874334
3132 32.23045188089802
3133 29.608950163558884
3134 30.002574093108176
3135 25.673303260740713
3136 25.53539268146731
3137 23.79413753498266
3138 24.024113600187388
3139 26.120610146577313
3140 24.885538492195813
3141 23.603239914670638
3142 25.99261988706194
3143 23.96346605968802
3144 19.780084339436453
3145 22.285608650797894
3146 28.2021053071745
3147 27.86278481319474
3148 29.75914904254672
3149 26.06573612146431
3150 28.117511701999042
3151 29.675759274151712
3152 27.323444620755776
3153 27.72171408266434
3154 23.762989709006437
3155 27.79170871628056
3156 27.85989812367843
3157 27.35877833909967
3158 30.687085960640502
3159 29.345705434099752
3160 30.15730000861171
3161 29.319275308906565
3162 29.48364231759344
3163 26.676500597553922
3164 27.123103479497146
3165 28.979861662574137
3166 30.951291305988562
3167 29.11057445471843
3168 30.960532277513188
3169 32.227266077622986
3170 30.880123513864177
3171 31.516694605472704
3172 31.880711542715726
3173 30.74263308461049
3174 30.703133654850454
3175 30.739364166019136
3176 30.83273974336892
3177 29.59807613349943
3178 30.827175409555597
3179 31.940749476794597
3180 31.82705407464919
3181 30.826480019574916
3182 29.98238396881256
3183 31.47397667670013
3184 31.270383822425803
3185 30.140188828530626
3186 30.09383920910843
3187 29.49543912810845
3188 26.112254917801362
3189 25.311024224198626
3190 25.45394850598597
3191 26.6188542262354
3192 27.01808460100981
3193 24.667209655846076
3194 28.764301118442823
3195 30.350987782384916
3196 30.06110849929759
3197 30.699235511217335
3198 29.780350137706755
3199 31.4103952365287
3200 30.24142579553893
3201 30.473203051594414
3202 30.1847039249168
3203 29.078239871866714
3204 28.1089417984433
3205 28.492903340563036
3206 27.95924783045784
3207 26.632119156617453
3208 25.366734584293482
3209 26.620773563856353
3210 26.341746748709326
3211 25.768465008927503
3212 24.110958725514013
3213 22.64093666791331
3214 24.132905019096714
3215 29.06041952642894
3216 26.834916868111332
3217 28.260423455463723
3218 28.376638855580104
3219 29.281592096010133
3220 26.324835079802156
3221 29.108640892104106
3222 30.417597919308825
3223 29.996187979043295
3224 30.958601346226168
3225 30.757722661483754
3226 29.477113513856956
3227 31.137594532642012
3228 32.649808584692096
3229 32.53353316609379
3230 30.382652747599153
3231 30.003865630711225
3232 28.510759787880446
3233 29.89867683392484
3234 31.025734548218338
3235 32.60039192797614
3236 28.827387460916416
3237 30.233950099653576
3238 29.158715088311613
3239 30.97565081657007
3240 29.7377017152605
3241 28.479916356455597
3242 29.861953965423172
3243 32.056240252847125
3244 31.71392996965071
3245 30.540507136164628
3246 31.538203260778438
3247 31.991301091956267
3248 31.974608241671632
3249 34.669368646100075
3250 32.02891245803043
3251 25.770587931903755
3252 27.9928266271034
3253 29.956720836966056
3254 28.270365829551817
3255 29.674240477611093
3256 29.62426910115455
3257 31.034294589623666
3258 31.941279882104638
3259 30.60970279182062
3260 28.39733440791546
3261 31.661697239305905
3262 29.478005583909386
3263 31.57602073885938
3264 31.793086765458728
3265 30.920839657156723
3266 29.482518591522673
3267 28.029726903156977
3268 30.72844025349927
3269 31.64327872175863
3270 28.52138342877229
3271 30.08743031574634
3272 29.37921804885866
3273 26.649059306294653
3274 31.449921433287816
3275 30.11516228762649
3276 32.59921921055409
3277 33.7350628005991
3278 34.91977497632044
3279 33.22189654102654
3280 35.25218134750792
3281 35.44150063862914
3282 37.28970982740831
3283 36.04625790921081
3284 36.0987551168777
3285 33.69530890454901
3286 34.043694224519754
3287 33.3734931864113
3288 34.995203261755826
3289 33.27086882777511
3290 34.45302436831551
3291 34.232324571355356
3292 35.60435252881368
3293 33.41122825070047
3294 30.269043989609695
3295 31.932717757087193
3296 33.159996265357286
3297 33.74020263494135
3298 35.58095940080852
3299 33.999441198457156
3300 33.15354725958064
3301 32.75345935327489
3302 29.243434146348616
3303 31.907059640924572
3304 31.756731228381668
3305 28.55645993439952
3306 30.496766175518527
3307 30.964335439527968
3308 31.234449151917993
3309 31.545055415247532
3310 32.665404766574746
3311 30.13605722596796
3312 34.74669673297432
3313 35.37904954023182
3314 33.24773864841131
3315 35.01142387377002
3316 35.43485272331483
3317 36.834906070287936
3318 35.44912893350561
3319 35.49592978677425
3320 35.25121098743958
3321 35.65003101840231
3322 34.608689522467486
3323 34.65665926694604
3324 32.69798989570631
3325 35.17066736916852
3326 34.857916846491165
3327 34.39416321342022
3328 35.70490130422568
3329 35.66863401132237
3330 35.21512212367023
3331 35.550895255271136
3332 31.32210792764468
3333 33.71163244781884
3334 31.71762189596811
3335 33.67240372939139
3336 30.163818200330496
3337 31.236298548231908
3338 26.878900156540464
3339 34.534945291713115
3340 34.24444470037844
3341 31.298479828639667
3342 29.667732586767304
3343 32.49522652514841
3344 31.733017691674362
3345 32.39790594940277
3346 34.24168491462085
3347 35.436266563493284
3348 32.960605688672075
3349 35.495968134043785
3350 33.44678741629143
3351 32.767733484903495
3352 31.55915355882398
3353 32.50486356095545
3354 31.533946010781243
3355 34.473264655732734
3356 33.990498392181095
3357 29.292050419806586
3358 29.05468580630884
3359 31.33625483961451
3360 30.411580907565956
3361 30.96427877759973
3362 35.26338858059094
3363 37.86668600165815
3364 35.27601411842486
3365 36.51380186781377
3366 34.00922440163813
3367 34.19622666751966
3368 33.22128650803227
3369 33.533390481185016
3370 34.118367255043054
3371 35.4492898623491
3372 36.15642275219464
3373 34.218236676219114
3374 31.84160409079281
3375 32.05919593758049
3376 32.35625602740932
3377 32.96576944333603
3378 30.905753911270317
3379 28.682545922925087
3380 31.888126830778315
3381 31.23875726728421
3382 33.35663232148782
3383 32.136837754833266
3384 29.602407199744196
3385 29.806822351120434
3386 26.751795770854688
3387 30.597897205587977
3388 30.746663267214103
3389 26.252905546637134
3390 27.473861437056208
3391 26.230171207922556
3392 30.895675896762384
3393 31.240350699843898
3394 32.2860408180132
3395 31.430088370066905
3396 33.49808563389899
3397 29.835029160144902
3398 33.67298733307607
3399 32.45695573581926
3400 32.83441938237969
3401 30.293899137173693
3402 31.017477376176945
3403 28.411273915890774
3404 30.439593515904217
3405 31.15909028949759
3406 27.199172264163238
3407 27.96933905941855
3408 31.03641575708557
3409 30.9762880732044
3410 31.54867958027455
3411 28.080429719055854
3412 29.455296749601324
3413 29.934199374333822
3414 32.067046218524744
3415 31.64092176318923
3416 28.572341807167454
3417 28.166819347119503
3418 27.01527810193318
3419 30.24724819335114
3420 32.758705400354216
3421 32.396266260715464
3422 32.42652212042635
3423 28.943517807411453
3424 31.423539960542726
3425 33.83789812268465
3426 34.261933202399604
3427 39.41724420901699
3428 38.97290842559174
3429 37.66172817370774
3430 37.68173704359476
3431 38.529828996427945
3432 38.0475685147723
3433 37.74630246178309
3434 37.094996417008474
3435 36.37745388433461
3436 35.5800810883332
3437 36.12607005796532
3438 33.12797681459882
3439 35.57513374684833
3440 35.12542610234701
3441 33.40760400925757
3442 33.24837284338833
3443 34.95712616295712
3444 35.28668378024303
3445 33.80133318583403
3446 32.822485631805726
3447 32.836594880917524
3448 35.75776194145502
3449 37.2160748867032
3450 35.74609423413697
3451 34.19275972275941
3452 34.84122261974301
3453 34.150677011828364
3454 35.336590533822246
3455 33.424047016700904
3456 33.62596620350984
3457 34.84887693988904
3458 35.32993106445951
3459 35.43173070368786
3460 34.80353322746234
3461 33.91460524338647
3462 34.60610303178015
3463 33.885884411490245
3464 33.91389690285492
3465 28.50577469136682
3466 28.16834728081054
3467 29.435025103159262
3468 31.544324100700614
3469 25.382137981757516
3470 24.903088450083906
3471 22.941203189336328
3472 22.94730656439939
3473 30.029281729100525
3474 30.920152922111537
3475 31.239379185410588
3476 31.640127733734985
3477 29.532746152039735
3478 29.909302170743466
3479 31.299911151667672
3480 32.72388133433817
3481 31.595385796035416
3482 31.18580298754521
3483 32.264966348459964
3484 32.31252002983955
3485 31.54195368414724
3486 34.42058543548948
3487 34.808773427724105
3488 35.5347407008616
3489 34.85003011421298
3490 34.05326507777785
3491 27.255518208079657
3492 25.978169435788338
3493 30.931664043221957
3494 33.04328628559163
3495 30.89849522999901
3496 31.092572872651754
3497 31.889867248412532
3498 29.4971167112215
3499 29.734135530063842
3500 29.100993324696322
3501 30.528601984084958
3502 32.570203020325046
3503 35.04678246023106
3504 35.65588151701366
3505 32.180456480745576
3506 30.332160153442338
3507 33.01553949327016
3508 31.93921616760737
3509 34.74236944712466
3510 32.351828512464834
3511 27.745596526559122
3512 26.673926676364722
3513 31.137414138900482
3514 27.488187389286335
3515 28.622842719109823
3516 27.1884639951763
3517 24.24059130946046
3518 28.361457225969225
3519 29.914687284099557
3520 29.80138403297273
3521 33.92141995574546
3522 32.891920617972715
3523 34.04100541331523
3524 33.69395295208385
3525 32.68417530007932
3526 27.450041493036338
3527 30.93755359296341
3528 32.38403157323042
3529 30.416833638028262
3530 31.229256952250427
3531 32.753170295904255
3532 31.683501547374732
3533 33.08496359189391
3534 32.16327780445288
3535 31.21669643158712
3536 29.628926686424347
3537 31.091746184186405
3538 31.217043949184458
3539 30.78304948574397
3540 31.490685497890837
3541 31.138329254398688
3542 30.704933373504357
3543 30.67184336692032
3544 31.411965832614673
3545 31.170461775112514
3546 32.34765104508965
3547 34.13789345720571
3548 28.974806944946263
3549 31.211852608540287
3550 32.28126640952297
3551 30.16549096569151
3552 32.486907127908694
3553 31.81128706771138
3554 33.032344445831875
3555 34.51594979216774
3556 32.39639741631103
3557 31.767479601809498
3558 30.694928722759016
3559 30.66469327340734
3560 31.279755931531795
3561 31.1882357203502
3562 31.597405631239393
3563 32.85193693146089
3564 29.96407680221708
3565 28.96611900271266
3566 31.13403496062675
3567 29.264298139290524
3568 32.478853720208285
3569 34.012593495982
3570 33.8297823022518
3571 32.04586287250505
3572 33.848724036102496
3573 28.749243023154683
3574 31.40839972901756
3575 30.610954340792418
3576 34.32092116560115
3577 33.48754723642331
3578 34.04601269229485
3579 37.24751453070178
3580 32.643179414535425
3581 34.361537251759536
3582 31.270376193642818
3583 33.53239356541105
3584 33.20541840666452
3585 31.15110053381804
3586 34.279222447385045
3587 35.00743092947252
3588 32.96580632541468
3589 36.09567087091111
3590 31.82601131356829
3591 32.34162864745729
3592 32.7283739287016
3593 32.855128447459634
3594 35.08335555550858
3595 34.40694760717188
3596 32.461558813535035
3597 33.01187346972702
3598 32.364891092485124
3599 31.613723505270134
3600 32.220216830371164
3601 35.27496486313289
3602 34.372330818170646
3603 34.153082305663276
3604 30.75425870605303
3605 30.779256393490837
3606 29.782141701112256
3607 27.98708670752663
3608 29.030519106816506
3609 25.59378193725382
3610 27.55631488465626
3611 26.02741997311275
3612 29.36498930241787
3613 28.598023305106654
3614 29.006875383795215
3615 29.094736741936366
3616 31.52953252628609
3617 31.939592549886306
3618 30.493776023014107
3619 29.991069280488855
3620 31.009684836383524
3621 27.799734091447593
3622 34.338823183155334
3623 32.447790293605834
3624 35.290142183274945
3625 34.95541462230158
3626 35.64229051979251
3627 34.01039787093659
3628 36.43622934209956
3629 36.96154134825097
3630 32.09280057726167
3631 32.32575396529752
3632 33.534268367228506
3633 33.38443356664863
3634 36.573893024211415
3635 36.63622684475211
3636 37.36782766134099
3637 36.916691663947454
3638 35.73300964284043
3639 36.032397821513506
3640 35.256084606668956
3641 35.73384799370969
3642 37.71328536465314
3643 35.32606799084368
3644 34.9483114752176
3645 35.85614861034642
3646 35.53580190480135
3647 36.24169269334014
3648 36.115563557492294
3649 35.371113728449515
3650 36.98396481010732
3651 38.105670315577534
3652 36.87410927864734
3653 37.37544641842063
3654 36.9914912348716
3655 37.56525301027595
3656 36.948430899481565
3657 33.3252923091042
3658 34.286206630388044
3659 34.39481860698387
3660 36.5211189217107
3661 35.50642524688883
3662 33.9854591684499
3663 35.01797779434939
3664 29.547506444919808
3665 24.164057735316597
3666 26.5336701237243
3667 25.665531518049246
3668 33.88660530354636
3669 35.54695360004348
3670 35.8004351224242
3671 34.70290366713251
3672 29.322466803631876
3673 25.751105800480577
3674 23.568751906743586
3675 28.520623401899915
3676 31.4448330044786
3677 25.111657437631433
3678 25.22566613052293
3679 29.11026337540823
3680 32.90296267503
3681 33.874398052123425
3682 34.33143046493232
3683 27.403042319556267
3684 29.598430057007384
3685 33.840124819476735
3686 31.981926167794214
3687 31.07828579892654
3688 32.94154190945364
3689 30.755142676926603
3690 33.28855678360472
3691 32.94853097126275
3692 34.543091870533004
3693 30.192170454638465
3694 35.24201144584911
3695 34.745398654891744
3696 34.08446010345581
3697 33.536508458560924
3698 31.61939159463622
3699 32.66684689406848
3700 32.35274307672978
3701 32.91750925426079
3702 34.34608929326421
3703 32.4258420412979
3704 31.096824965368373
3705 34.0781407944511
3706 28.829790405662933
3707 30.42763787345502
3708 34.146506260485985
3709 33.46154938966307
3710 32.8696937428716
3711 33.500928915529855
3712 34.61410960642238
3713 35.170250254606785
3714 36.58018689562202
3715 35.27757340727339
3716 33.52854994762371
3717 34.334418423736814
3718 34.323668496485105
3719 34.826312917644486
3720 33.674391136009305
3721 35.774281113544184
3722 32.16582036117494
3723 32.43063163987815
3724 34.536566439126766
3725 30.33335271481501
3726 31.79776538360609
3727 30.818526209982004
3728 29.615965190131785
3729 30.041103626069436
3730 31.608837469123337
3731 30.86755984698276
3732 32.3886634040333
3733 33.35840833704263
3734 32.25909096992627
3735 32.85680674124439
3736 32.15469326372657
3737 32.043062923201845
3738 32.10035138921994
3739 35.44817802523745
3740 35.1563793737589
3741 35.546982600938485
3742 33.89775082402671
3743 35.48991097454544
3744 36.279544245353215
3745 34.64796902790871
3746 36.093612888605705
3747 35.6734812923987
3748 34.39618895345338
3749 35.790599962992786
3750 33.04607204518922
3751 34.69043016481719
3752 34.93983322177594
3753 34.265543404942875
3754 29.68513573866677
3755 28.51376915351741
3756 32.28175907348193
3757 31.135722809412098
3758 31.884367991468025
3759 28.860330761697043
3760 34.707177943659225
3761 33.67711313296021
3762 30.97419585632488
3763 30.588336803023676
3764 34.10913413658002
3765 34.71034850350044
3766 34.53152119202268
3767 32.75054752455102
3768 33.89231851227996
3769 34.25787719644239
3770 35.30818627188935
3771 35.058060057625035
3772 35.182535196172054
3773 33.07881486218382
3774 35.911434718352794
3775 36.1333918661866
3776 36.20499760436335
3777 30.08390235908289
3778 34.687088202744356
3779 33.962400988162344
3780 34.60441449642749
3781 33.46415703784235
3782 31.42269685341809
3783 31.011586714465405
3784 33.707814436467615
3785 36.09485948870544
3786 36.070349949098315
3787 34.719800195548096
3788 35.151945807585044
3789 35.047686098951004
3790 30.22047862541045
3791 33.65584836479363
3792 34.57065920178459
3793 32.88853642729819
3794 33.76735000215229
3795 34.042496034114755
3796 33.324497063456185
3797 31.220558093462948
3798 33.238875044412005
3799 32.037303492547366
3800 32.83807476027347
3801 33.21674532230821
3802 31.11176561730393
3803 31.17897831574225
3804 33.51174094673195
3805 34.32055022350063
3806 34.92922639042967
3807 34.19594262608688
3808 34.322455580404004
3809 32.4190007898348
3810 28.44320250020719
3811 30.18041483627144
3812 30.610140918989966
3813 31.150860955198418
3814 31.28794509542342
3815 32.560032037401456
3816 33.791671601968964
3817 34.710519717402164
3818 34.069301531888165
3819 34.04663000434855
3820 33.802168881927834
3821 34.57362765131789
3822 33.91963828124897
3823 35.039767299488744
3824 33.621740510901
3825 34.85762093856392
3826 34.48336252072067
3827 34.61908999293056
3828 34.461347113422526
3829 33.99179430307376
3830 36.30622154468397
3831 36.225817152422806
3832 36.6808335102274
3833 37.49263287835922
3834 35.82637090888652
3835 37.949069688904466
3836 36.93387455852702
3837 38.05838590800748
3838 37.13239893574902
3839 39.31149817518942
3840 35.45368917114934
3841 37.85582515441301
3842 37.66980941881703
3843 35.160257742681885
3844 34.836365272329985
3845 35.15437743206006
3846 34.756690534109445
3847 34.81310728794209
3848 38.95813960847837
3849 35.6493191311722
3850 36.63082370608541
3851 35.833621678302045
3852 38.647063163434886
3853 37.99422068523214
3854 36.31144212224827
3855 40.85992437532351
3856 40.086330526095594
3857 35.16574424830542
3858 39.677255862439
3859 38.03933806532898
3860 40.09849393009893
3861 38.036509476452856
3862 39.218972900308096
3863 40.306155399167565
3864 34.27595113213637
3865 38.24505370561627
3866 38.99395326592086
3867 35.773194347090175
3868 32.47518558547564
3869 36.00014465503976
3870 36.619776792966576
3871 34.6329551484976
3872 36.085261073559785
3873 35.14347599498672
3874 36.982242108385485
3875 37.51196163873644
3876 36.736218590972875
3877 33.6066292384382
3878 35.95328385710573
3879 34.74179202270694
3880 35.34919414016654
3881 33.87566466022686
3882 35.19984798251433
3883 35.51970758782983
3884 36.59200605218811
3885 34.69493958208064
3886 37.68756625471952
3887 36.106027828035494
3888 37.223794376527096
3889 36.92569232304137
3890 37.49216702199987
3891 34.987701960574746
3892 37.54830580380345
3893 36.14080284222872
3894 38.428751434001754
3895 38.16299266919842
3896 34.14697753248235
3897 34.498765106781676
3898 31.058408092472142
3899 32.97877254047392
3900 34.41534540109826
3901 31.649168854609705
3902 34.28912786807674
3903 33.86651764206688
3904 34.50844261004185
3905 32.987357505725086
3906 32.28627108371092
3907 30.06718540775498
3908 34.87651920366932
3909 32.31876607295885
3910 35.24411898889192
3911 36.13507270714432
3912 35.28957805282737
3913 36.8413622579068
3914 36.615140670411
3915 35.36573273717909
3916 35.82887271225948
3917 38.22556073314337
3918 36.427740613739424
3919 37.3015268006032
3920 36.21645635536918
3921 37.979841896719996
3922 41.76886985151677
3923 37.94106584417487
3924 34.85930102773911
3925 33.65329677871378
3926 32.132459554788625
3927 33.90463907297546
3928 34.278376908466115
3929 35.38843904534864
3930 37.80394344874338
3931 35.08867507890835
3932 34.26955576605595
3933 34.46105674918056
3934 32.32035322439793
3935 29.240510660229642
3936 31.3146713649512
3937 33.092833081466026
3938 33.68655084589142
3939 34.31458555728943
3940 33.08908953805012
3941 33.05731140273962
3942 33.30621612786445
3943 30.973481043966302
3944 33.472953329830624
3945 32.62143488818472
3946 29.502374530320843
3947 34.618286905214816
3948 30.63970720257947
3949 31.934404062754062
3950 32.507813750452264
3951 31.98347213856169
3952 33.143857356525906
3953 30.534571961648464
3954 32.563577771858384
3955 32.568853212156505
3956 28.938142336411815
3957 29.476560417132355
3958 30.850038543977835
3959 35.30324114075622
3960 35.91633020143152
3961 36.4339350531315
3962 35.138393035972356
3963 34.93492675903549
3964 35.99129868968786
3965 33.41317981104105
3966 31.866204763316357
3967 37.149337146425694
3968 34.52036276492715
3969 35.47054609315118
3970 34.02702404153667
3971 37.68507437904043
3972 34.714133241846035
3973 37.710299859554965
3974 37.517114156857325
3975 35.83215144740398
3976 37.852065424544215
3977 37.00748714067156
3978 36.52345501046985
3979 37.86139047343635
3980 37.397026111222864
3981 34.43825482769941
3982 35.65839304384729
3983 37.83767076957458
3984 35.891895624144524
3985 32.7468361034155
3986 35.205552807308656
3987 35.61052867135807
3988 35.70630437340398
3989 36.63537265814753
3990 36.17561112794235
3991 35.77230268172737
3992 33.116318824555556
3993 35.36410113663706
3994 33.6321336128895
3995 37.66405711623819
3996 37.876519246925945
3997 35.511973110635566
3998 33.30474316969224
3999 29.840207288964628
