0 32.032077615522255
1 29.15040403990326
2 31.43030252175213
3 35.965037644734515
4 35.406802194137725
5 32.7903131018919
6 36.4894757229485
7 35.108455471896875
8 32.40855462489435
9 36.407578459613994
10 39.29162533022525
11 34.84099271945262
12 37.70465205681152
13 39.389927134982756
14 38.972044766537174
15 37.040235065465986
16 31.996797532740544
17 29.105238542196137
18 25.675789288371153
19 24.000288360650938
20 32.203709635275736
21 37.72994161680162
22 33.88146131345879
23 33.906206698414685
24 37.98442774746857
25 32.985007899042984
26 38.0916935014361
27 32.27214177851816
28 35.12811249812417
29 39.64331365654997
30 41.545801835188826
31 35.349149928432595
32 35.59393951375121
33 34.48425240738493
34 35.803203064473465
35 34.14855291882883
36 34.15094507918823
37 33.07070587610178
38 30.460772986713806
39 32.53346659053536
40 35.010744438200504
41 38.12568806464189
42 38.55469285484103
43 34.85117561272345
44 37.01069871792524
45 30.17820962985766
46 31.751124723417703
47 28.476590284117133
48 31.64550175688538
49 30.665553328564663
50 33.20187499202212
51 32.097452624525495
52 29.441167454879526
53 32.43659624172284
54 39.3099637539636
55 38.536747344852785
56 38.335582064417736
57 40.714600420703924
58 40.108824398916234
59 38.70986876335166
60 38.254674016659685
61 37.83234105446322
62 42.28051718356629
63 40.94390891246922
64 39.93489054092547
65 40.063472773964065
66 41.793161287200306
67 41.29628008664437
68 42.59147892975126
69 45.57484212630311
70 45.73903594217393
71 45.710425378687795
72 48.275471778491564
73 40.683780477970295
74 44.05867221070398
75 41.75884253169032
76 46.2797283419599
77 43.75226123504742
78 48.80707927659337
79 46.83923035985279
80 46.21440254784904
81 42.57157865950339
82 41.3741847532874
83 39.33458592932677
84 37.96363123966692
85 39.93127054203205
86 33.15461942140341
87 34.011971388050114
88 32.5962075026307
89 28.267314781635253
90 33.93227735528017
91 35.60148358712965
92 32.883067614703656
93 28.860582970586133
94 29.36854595948244
95 30.114236977199734
96 35.78553602273653
97 34.57799976257411
98 30.84503114348301
99 29.38335948818367
100 30.466152615063706
101 33.162014189311236
102 30.546004053232114
103 31.575783484401864
104 32.28734293294579
105 32.18371837523483
106 30.32690649211839
107 27.306558443102876
108 30.446295455130493
109 29.47195257838003
110 32.68272017765836
111 28.99726111559017
112 33.85760410998331
113 29.510472444896948
114 31.755245783981035
115 31.589377523479154
116 28.077546210517326
117 33.354859357687516
118 33.53504020225684
119 29.76739524652296
120 34.824026954577874
121 33.06905430378067
122 30.33450780805563
123 34.04747614349957
124 36.16660993923666
125 32.97283374211802
126 34.107167887457415
127 31.7101314070768
128 35.60560078716679
129 35.43747294239401
130 40.47408751536775
131 43.672655322196064
132 42.081637849724494
133 38.30829495562186
134 33.36977121059365
135 38.24982157722259
136 40.690702976703186
137 38.74259729024763
138 40.960747117304386
139 39.26182866226007
140 35.43736968711835
141 36.21459680419501
142 37.28842908454444
143 35.065614759944914
144 30.295153829159972
145 31.423715560860753
146 29.58172571663805
147 32.11927169705936
148 38.72699896765343
149 35.715183211114706
150 30.309025392836205
151 30.72136013242879
152 30.39510614162303
153 31.705021105594863
154 31.62833861182354
155 36.625080275344736
156 34.472330833028785
157 35.92924632424587
158 37.9348948351106
159 35.11739408533964
160 35.52242688439875
161 34.43286565135928
162 32.09337152049878
163 32.020943620108135
164 34.96090971751546
165 36.61028984075479
166 39.2279211264134
167 42.56452900617084
168 39.07555650268625
169 37.6230648740794
170 36.77885886702111
171 40.915295296598
172 38.67215666298358
173 35.38304122842262
174 39.263712238917414
175 38.7621941059923
176 37.57892039426372
177 39.87860175536724
178 36.872776687975474
179 35.904690489230966
180 33.05629322904514
181 31.934913824458093
182 36.269366604570045
183 36.381936082879896
184 38.578740834422064
185 37.38169149603625
186 35.595558019229664
187 36.42750537759191
188 34.51836675482294
189 34.663241550856824
190 37.11868578341834
191 35.13412809879
192 37.98250148136755
193 33.61673469179461
194 35.9001863522728
195 35.90157785292079
196 34.726289671126366
197 36.23270480298193
198 33.66103096807444
199 30.153097562060555
200 35.95111783691634
201 39.75564563124927
202 41.9850522391845
203 44.587444952667234
204 42.45532376072626
205 39.995656002197485
206 40.06578792352219
207 41.5658106868636
208 41.33880802402236
209 40.74178408319766
210 40.72931489097749
211 40.64503869657554
212 40.21134392990381
213 40.80761950799545
214 40.589728921118756
215 42.52544144168967
216 45.569723663416895
217 44.71871804971016
218 47.31381330731284
219 46.970196231311355
220 45.8094972983905
221 44.5034192377895
222 44.329367192832734
223 45.06088789586561
224 43.45752043491795
225 42.64403109804596
226 43.796039574568994
227 42.48822127886196
228 42.079124730792955
229 41.345135039549824
230 40.54487936083184
231 38.43680406775414
232 38.550983155192455
233 37.34919662433666
234 38.03758221393414
235 38.58525251029894
236 39.76384464158789
237 42.56695636733665
238 40.85757712215579
239 40.89759525278978
240 40.8734193047209
241 41.21121645245413
242 40.47167030199362
243 41.32815445084704
244 39.98584882298037
245 40.83720560295822
246 40.500675529488966
247 41.77200587412092
248 42.07871989331298
249 40.17757594409243
250 43.00401229323544
251 42.43920383352534
252 42.57198444163375
253 43.94106138970658
254 41.04105116303456
255 38.877547792230196
256 39.114893994741
257 38.66338010644743
258 39.1046622076273
259 40.917598617681115
260 40.62371765308046
261 42.50906188784446
262 41.07025716596148
263 36.91924836287299
264 35.9317972585035
265 35.79090522963569
266 36.254291609999534
267 38.86326730454551
268 38.04324807348424
269 34.021019719489345
270 36.7410237865531
271 34.51818511673599
272 34.81213606578326
273 39.685034769350054
274 41.0481440007499
275 40.9484884177128
276 41.75998103731535
277 40.45553844111474
278 37.26963718997755
279 38.43394143065869
280 39.84192499215107
281 40.98573869367323
282 40.73380174043664
283 41.040750018005475
284 35.69297915764607
285 38.21682856917899
286 37.35036436858418
287 37.16469040958988
288 36.552377811522895
289 36.03015464799861
290 31.682977800951097
291 33.11843032891521
292 31.628253005510597
293 36.09063070519405
294 31.757106397607302
295 30.421859262849793
296 34.96269390204001
297 36.840438842238434
298 34.326894896896405
299 35.319000332973815
300 34.619089479113455
301 35.61305302946615
302 35.1514927144747
303 31.697557454102924
304 31.570076599126985
305 28.068932181343897
306 27.087157055050533
307 28.775591902734597
308 30.943896928109496
309 34.637506295777506
310 31.344000245884796
311 29.670240527027204
312 29.71690132018344
313 32.10519673386814
314 33.16692743712405
315 35.596054173861795
316 35.86853551209273
317 36.02806229006043
318 35.2601128831916
319 33.98802692847158
320 36.16038503360577
321 29.992608994350686
322 27.243457635954922
323 30.308029332032007
324 29.79436050849277
325 27.49773722615541
326 27.912838602492183
327 27.99046471498139
328 27.050991383399577
329 29.81844416944559
330 24.975118694959647
331 27.285152932688852
332 27.051788127315163
333 30.65856235015992
334 31.080135323341693
335 30.679821417561968
336 32.400253090301106
337 32.900413782298855
338 30.954194501944258
339 30.153395774579515
340 27.32084860578325
341 28.76774060564056
342 28.19056831080584
343 30.71250059718362
344 29.572722526045823
345 31.741814922543618
346 27.725940135198407
347 31.445299657865927
348 29.04606029610049
349 29.557814973556635
350 29.72954100384758
351 29.060318569604895
352 29.637301994081845
353 31.03053976568368
354 29.608659446262635
355 28.59073778458778
356 32.35289837744159
357 33.94861314788659
358 30.163455244931203
359 31.451504440473876
360 28.483379908333138
361 33.400131222452494
362 30.137375407383068
363 30.445066674617024
364 32.472949668824036
365 30.161545463970842
366 36.72886871617538
367 34.86163770601084
368 34.82715913440742
369 34.19680721536704
370 36.21080161066733
371 40.659804791837466
372 42.32463798368393
373 38.41049392298891
374 38.29158344674099
375 36.69838759095815
376 34.70611254706833
377 37.62904147757297
378 37.854967654546535
379 31.322916788564687
380 33.15312036466004
381 34.74145463326423
382 31.571997173286864
383 34.16691051427173
384 36.63580981658119
385 39.30562724228522
386 39.06927597617951
387 39.88303670681609
388 37.802960080210504
389 41.63197599048556
390 40.11104890691248
391 42.631037268299316
392 44.2490384435987
393 42.18975188791465
394 38.04297449347927
395 40.44455023539001
396 42.1246628940364
397 41.04213031626999
398 41.08731668274842
399 40.134109451655405
400 34.93494360554867
401 33.51226757093932
402 32.175169941550074
403 35.128604626861325
404 39.299018138135224
405 35.54844557278557
406 34.14617818413856
407 34.17162952774159
408 34.941485162553185
409 38.54088991232512
410 40.06999205619973
411 35.327983278037074
412 40.196830216779375
413 30.22709510044937
414 30.98267376315974
415 27.7298102713314
416 27.681353131725984
417 30.967677794021704
418 28.081039638876526
419 23.426811365247303
420 24.833700420471597
421 23.548107973421455
422 19.101225982448593
423 22.19196523371322
424 21.763353605069337
425 21.059330176588645
426 22.772218261797608
427 19.60136800193739
428 20.858852936201984
429 17.614643526004983
430 18.32435590333446
431 20.47307230806343
432 20.008639092877495
433 27.951617965278484
434 22.257503855943273
435 16.77531307190363
436 20.51732333252994
437 21.456111979128035
438 23.72672976200699
439 22.49087163782038
440 23.059881029680554
441 19.635946404131378
442 25.154706497361843
443 22.682072835142865
444 21.170784555151894
445 21.534684125796765
446 27.718385450674855
447 25.330204204455963
448 21.243275602966747
449 20.97123904900636
450 15.90067611911567
451 21.117498490392727
452 22.659986998863026
453 20.30794497239163
454 20.924296064382027
455 27.35758598756832
456 25.258098347943616
457 27.206511076557167
458 35.48673750819335
459 33.62022404806349
460 37.58809512800707
461 39.302574156374945
462 39.990014753364356
463 40.74331234239641
464 37.88812321961883
465 38.06346644792362
466 37.066931766055305
467 37.92985044828131
468 32.6894855792543
469 36.13313818091313
470 38.09392854500565
471 39.15375820803522
472 37.155036087842106
473 34.45949021518585
474 31.54856231435617
475 31.116293910002298
476 26.549998862890387
477 23.894408213315398
478 25.579761705626932
479 20.6986549842669
480 23.79351530928865
481 27.31554106447259
482 24.725829030141895
483 26.76693170516257
484 31.107588237861066
485 32.244635414209924
486 35.59757281779672
487 34.09767500560859
488 33.918757019242776
489 31.380851795972138
490 30.519995695361903
491 28.386633091862908
492 31.76531774709269
493 30.571280726816916
494 30.865261310883753
495 29.26734795802226
496 34.08100252461165
497 33.97523237498005
498 33.91840889399525
499 35.739960762224904
500 33.47249863103501
501 32.91237139626177
502 33.03131561455299
503 37.19231919747882
504 33.376932561222944
505 32.848794843436686
506 28.28591351288141
507 27.345003242133277
508 32.93177837807136
509 26.836431967608537
510 28.862655036447194
511 31.94895929975644
512 32.90336746729474
513 29.08061642117055
514 27.872717103738434
515 24.30373537966703
516 30.54399134292572
517 28.483164225414797
518 27.730494425677765
519 30.49098951778453
520 26.311196645700292
521 24.592948189299264
522 22.81544499691402
523 24.771475988266086
524 26.02039224145722
525 26.721875131895775
526 29.15541194631631
527 29.85461270307127
528 30.959750259645126
529 26.86219116163999
530 25.930765021721367
531 25.9605930240761
532 21.67017835512238
533 26.204054985670325
534 22.014601012419504
535 22.177919669924222
536 21.72448506324192
537 22.786368485920114
538 22.718052271161664
539 21.443856600398703
540 20.003775745011517
541 19.803016102435855
542 19.776574147393674
543 19.55633498857475
544 16.12015720327794
545 20.55620681798507
546 14.71746898895806
547 14.48366777261648
548 5.475975657968964
549 5.81851729910308
550 7.284460480167074
551 8.242327128977262
552 5.758730750626007
553 5.682637589407612
554 7.059161573798
555 9.507505949669541
556 15.872929053140687
557 13.645624349927957
558 15.874954980742903
559 16.038190315066917
560 15.38334543952189
561 17.961028997809915
562 17.929334781338607
563 19.416196545011005
564 16.95302420526238
565 18.050727610255727
566 16.67355666319038
567 11.831733382979158
568 12.71501184605111
569 11.866482196992564
570 9.48297707238028
571 7.4632504534813195
572 13.17464921180827
573 14.07911119811329
574 19.257752479870646
575 22.365581715923074
576 18.142845512998125
577 19.04548800799825
578 20.19689352874047
579 18.791851247374662
580 18.006768347289185
581 12.38244976397052
582 11.26713405666967
583 8.88559686360688
584 9.496894018361589
585 10.840249592372256
586 13.742709438712655
587 12.798406356507357
588 12.351354050683245
589 13.316682925879398
590 12.317742208431477
591 12.876497430588516
592 13.499980494239823
593 11.847120083495755
594 11.588781044109961
595 13.548099237773512
596 12.015035442541535
597 10.759965811744898
598 10.94886928529439
599 11.609665418370335
600 12.388477253113633
601 14.29435700163034
602 12.487233311379525
603 12.702725709559227
604 13.18077510208731
605 13.179015424459537
606 12.194076825716698
607 12.174533400740316
608 12.623632400085517
609 12.183935949888951
610 12.719984737387986
611 11.00319762196634
612 11.862409965359033
613 11.961868205278655
614 12.087414577851574
615 12.457347000388092
616 11.120402682983995
617 10.265331575568261
618 8.531431146946662
619 8.540146114293133
620 8.25484437851374
621 6.463600182186146
622 6.422431954720722
623 6.299781057230198
624 6.576182751254572
625 8.24983987958662
626 6.7604330378804
627 7.171851365997136
628 7.245339395890796
629 6.719711231629303
630 6.200172230230424
631 7.2313536133450205
632 6.189031193274062
633 8.644322077744448
634 8.349252584960308
635 6.012471748011142
636 6.129636100934883
637 8.438869643532229
638 7.65748289115731
639 7.488469866138172
640 7.137974902645128
641 5.248612063626853
642 6.905481085103513
643 8.529175534669328
644 6.635714106154341
645 6.88695501091165
646 6.6991256448256165
647 4.756790290674508
648 6.166358835318305
649 4.658956213927251
650 6.76906181471136
651 4.494940565767245
652 4.727168226466446
653 6.103727666992915
654 7.2664893305689455
655 8.695930991725678
656 6.838777775112924
657 6.860136398975504
658 7.218843177326446
659 6.9533558529072215
660 4.896012119161102
661 4.729793394228495
662 7.483572221047599
663 5.961822431356976
664 5.202111817027676
665 7.3192554337919535
666 6.668975479161904
667 7.026939326863743
668 7.1875274840576875
669 7.409285949237084
670 6.228392824303637
671 6.113486605942855
672 6.277970881594012
673 8.859104756456873
674 8.550694638978985
675 10.02604388288803
676 7.918006345414605
677 6.853563179735905
678 6.814654344516756
679 6.322258661929777
680 7.155850450564422
681 6.41314383049208
682 8.047732770572543
683 6.177877088710861
684 7.476810451046547
685 7.362071721642929
686 7.042266512875345
687 7.592612764797525
688 6.709761001343219
689 6.260794159450239
690 6.9785945018098205
691 6.700703930179659
692 7.627994736483872
693 5.695276677883006
694 6.201276875944769
695 7.49316514704448
696 6.930470181976929
697 6.971153244869326
698 6.711985964981966
699 8.31010535671671
700 6.926076999114086
701 6.654726594393372
702 6.060098434052131
703 8.279833060846556
704 6.878306583774296
705 6.609886953893254
706 6.232299808892762
707 5.917707559591986
708 4.762012875191449
709 3.939525122783883
710 4.911295615919747
711 5.00204121406466
712 5.500881082620244
713 6.950497059022268
714 4.519299463322433
715 6.209716358413809
716 4.815448523396033
717 7.640477771540993
718 8.279520740814773
719 10.436458789096633
720 10.026377635418438
721 7.408889368395663
722 9.791007654989711
723 8.031339722842286
724 7.759678725533017
725 7.104689293723376
726 6.600223916497118
727 4.568169724671373
728 6.304245467919756
729 4.45511280205438
730 4.431658355076126
731 3.5291611980718924
732 3.6150273078110224
733 8.252127784054768
734 7.153801830202189
735 6.794861834377963
736 5.057444661607971
737 3.655080441552465
738 3.6020422533439347
739 3.5642578333373742
740 3.566245750634849
741 6.95635744315146
742 4.249393361130541
743 4.109862809479599
744 3.9056509875405716
745 4.711051289655466
746 5.593454153339819
747 3.7970147649563386
748 4.342644522863682
749 3.574291358909946
750 3.499836002006728
751 5.706584025182558
752 3.449136837258317
753 4.275445998056287
754 3.5147420321820624
755 4.855329408085268
756 3.5971192876902687
757 4.899852908652981
758 9.291170913343825
759 8.073759937986948
760 9.331033909149202
761 11.265597228230831
762 8.23603147272426
763 7.684870720348683
764 4.622391076737212
765 5.215377406298355
766 5.573885250763384
767 5.454101766801987
768 4.421425392518149
769 5.402642034074142
770 4.252838914764894
771 6.671565410385021
772 4.352140495170497
773 4.179085563238151
774 4.125924741857613
775 3.936836675215077
776 3.5321038659093036
777 3.441360523515261
778 3.6913933173188003
779 5.938882625241759
780 6.919658271165743
781 6.370335514029286
782 5.960829706796074
783 5.941430439418237
784 6.073286428741482
785 6.400170470204575
786 5.954749635323353
787 6.518264115360251
788 5.151177882947069
789 5.709801127260885
790 3.9937834583219978
791 5.4338509873129
792 4.9819793247368285
793 5.2797699007821155
794 4.117308247690097
795 4.850861335229944
796 4.814516362226267
797 3.7169615344165012
798 4.886217935535437
799 5.221949029193428
800 5.432103336462908
801 6.017323275772065
802 4.219439348518796
803 4.48216795132507
804 4.625848038053018
805 5.539110266528928
806 6.3000915752635995
807 6.499899770435663
808 6.2751650825115535
809 6.034339338289039
810 6.64200890013611
811 8.41790082135582
812 7.860241219967277
813 7.04900849504385
814 4.553344353035143
815 4.649661824227915
816 6.0986431195040645
817 6.311580894424869
818 6.681358480550182
819 5.638319827562474
820 6.341756995383124
821 5.071806710223536
822 3.574778010497594
823 5.471043147801338
824 3.9139638161305763
825 4.058056390874169
826 4.83667491408194
827 4.416829180925427
828 8.202345063108043
829 7.39657521000271
830 8.574113506635266
831 8.844849478017009
832 6.575804334395358
833 4.9356749914286
834 6.485248140209918
835 8.535638184661064
836 9.154183487422374
837 9.013906400282286
838 7.778162644725657
839 8.534895797948012
840 9.071930675251403
841 7.569706683063014
842 9.352666717246853
843 10.520936411080195
844 8.950152689521264
845 9.096594488031824
846 10.345869550656355
847 6.66771120799838
848 10.016317763524944
849 8.958236060020885
850 9.243599984874946
851 8.830085787685436
852 7.638985097087358
853 9.257482810562571
854 10.306347774952552
855 9.946016807128041
856 10.267045229306904
857 10.25336323954833
858 10.71923291433724
859 9.164249732948297
860 9.813235810969022
861 10.274161477030887
862 9.829192959589383
863 10.095462120885347
864 10.105212815436527
865 9.49714087592899
866 10.185547499085935
867 10.743192643981198
868 10.621313707728868
869 12.285674035262936
870 11.664733118316938
871 12.797902768522146
872 12.82164964601157
873 12.635518796188716
874 12.304891651215753
875 11.941425283970768
876 13.507787982945063
877 12.374133226178033
878 13.061669686247948
879 12.89275469005863
880 12.539915080295692
881 12.611628618081127
882 13.61437225728967
883 12.793489791844628
884 12.698649352020835
885 11.571041845893689
886 12.534681878294865
887 12.255717130271101
888 12.583725114389182
889 12.285164723329384
890 11.0814603767861
891 10.868911679500151
892 9.258766637730261
893 11.462198933239671
894 12.160544180074208
895 12.914064147446657
896 10.430959809098928
897 11.187564304761917
898 10.845396602532714
899 12.859104659799721
900 12.569984735529532
901 12.205861938073433
902 12.708871743176479
903 13.163468982214749
904 11.73617270812127
905 12.646329069314712
906 12.523589789561187
907 12.043672529863565
908 12.687034415848736
909 11.767776920877667
910 12.481179838226039
911 12.16680919537649
912 13.971291747417235
913 14.033032516585566
914 12.710101128248084
915 12.166320958018598
916 12.146611863362274
917 12.146555838856976
918 12.198058662754535
919 11.070929207125117
920 10.82003876817322
921 11.230606739465243
922 12.975700568603298
923 11.794953431806428
924 11.439771604146872
925 11.369930226037113
926 12.7787591624515
927 13.15752280807443
928 12.331339104899596
929 12.174823255259753
930 13.24858836635067
931 13.3631323094468
932 10.480320043517876
933 11.415027213852069
934 10.174226536452155
935 11.518594089126031
936 11.645994521295385
937 11.470449792440991
938 12.07481321529089
939 12.505734382595046
940 11.88893324233963
941 11.392894195918348
942 9.724497630887102
943 12.21254842787243
944 9.916560473189403
945 11.996272897921802
946 11.71905285330712
947 9.187207450286099
948 10.024577536873528
949 10.935619320591583
950 11.221449555241211
951 11.518423748436673
952 10.180593725655267
953 11.048471632142016
954 10.807050453237228
955 10.945149133870643
956 10.752900069649842
957 11.01359462687003
958 11.625925032816486
959 11.493098614703625
960 10.980154234203157
961 11.64528395836423
962 10.749654851399711
963 11.506109829567615
964 11.382278149708451
965 11.506774811124485
966 12.040145594347987
967 12.86852662734352
968 12.745783130742787
969 12.19638051620691
970 14.495982395410456
971 14.18969079433395
972 13.38216930114804
973 14.012249913053434
974 12.557815910118912
975 13.51310044180051
976 13.689973822423706
977 12.699014051865129
978 13.22997475994274
979 11.172678970017971
980 11.831755438391298
981 12.700537482981039
982 11.709467324157758
983 13.056186022655979
984 16.42460675691319
985 18.080484604268552
986 16.139222404716207
987 13.568317860822441
988 13.237627366942094
989 10.97590191124495
990 11.423246289615312
991 12.888183854077507
992 9.707969876891397
993 14.46049293783834
994 12.498730516444828
995 11.72150809986495
996 15.181483732101736
997 13.763905974441244
998 8.696599860074166
999 9.417486402909397
1000 10.232926821708622
1001 10.727290703432768
1002 9.959000386439364
1003 8.860888479678266
1004 5.8208223390990455
1005 9.536397648431887
1006 7.378250163203371
1007 8.412461755797963
1008 7.484835895525173
1009 8.171859161685514
1010 7.87335560561697
1011 6.464566194966855
1012 7.9602223723538055
1013 5.855421007701834
1014 6.014168443382171
1015 6.766341426845838
1016 5.961968771299445
1017 6.440408302037595
1018 3.994018383319019
1019 5.476723281609167
1020 5.595451749635831
1021 7.060971223726495
1022 5.3930811154637235
1023 4.502990025371853
1024 5.450225770972513
1025 5.418839991475067
1026 7.653864789549575
1027 6.719895352866933
1028 6.715443762386569
1029 5.699914553220012
1030 6.37473383397145
1031 6.687548521826125
1032 6.001403585918783
1033 6.260955363028801
1034 5.32599415289341
1035 6.507365551076099
1036 6.634245227524282
1037 6.250755799052753
1038 8.15577680426556
1039 8.506457546716534
1040 6.92338780740583
1041 7.343831080396738
1042 7.119339426213489
1043 6.27245301074604
1044 5.886935209728638
1045 6.794066508194641
1046 6.818149350358136
1047 7.285424974673159
1048 7.574954904840204
1049 5.59085843930905
1050 6.006632363616426
1051 5.7034898113036725
1052 5.704170972048881
1053 5.299512265767767
1054 4.602520431035147
1055 4.598230631493516
1056 5.948216236537316
1057 4.775656759822348
1058 5.689129342852624
1059 5.586511509841253
1060 4.278249118436718
1061 5.42098327294395
1062 5.5572426781695174
1063 5.945048236094167
1064 6.492220237942312
1065 10.658669938880005
1066 8.7369624485254
1067 9.0264468315128
1068 13.62894525355744
1069 17.169894320727085
1070 15.222951151649958
1071 19.07753668500316
1072 21.622680189061132
1073 21.745249668407983
1074 20.094884961747052
1075 18.96766361764352
1076 17.69526122395577
1077 16.75833717323253
1078 12.339351287351143
1079 15.504857849830856
1080 20.353051049548355
1081 20.211319062087846
1082 19.608965891285006
1083 18.77612665020922
1084 19.939480116378483
1085 22.81410460035075
1086 19.945245042593402
1087 24.980033022399233
1088 26.400098477664454
1089 23.3258650131904
1090 26.521442484569995
1091 25.780079739945982
1092 27.222697387587296
1093 28.0325723532757
1094 31.84098552840564
1095 31.883261134662835
1096 28.670204429535335
1097 28.771253691383848
1098 32.07120282070897
1099 33.06363059243405
1100 32.85973872639653
1101 29.06956809928599
1102 31.89822345744596
1103 32.48527367331166
1104 29.479272424813722
1105 28.449380285920743
1106 30.20723905542754
1107 29.13289000915762
1108 26.450062273919222
1109 29.155161329264576
1110 27.97446888784743
1111 28.01701407010955
1112 29.32141551841664
1113 28.184268651545953
1114 28.931115825950666
1115 28.59603294624881
1116 31.840355950327705
1117 33.87242337071255
1118 30.022532537420012
1119 30.002292876444837
1120 33.42577149354623
1121 34.482493726106135
1122 37.12256032246538
1123 35.95734529073421
1124 36.26472790444666
1125 35.10776951894151
1126 36.46393358723303
1127 34.36404205511327
1128 32.28529932599116
1129 31.330383870814405
1130 33.20956779380511
1131 35.675674689351744
1132 30.915113564718848
1133 33.565685154153286
1134 31.86966820601429
1135 30.72515599640134
1136 31.153804105450472
1137 35.36503793126382
1138 38.08336711745286
1139 41.79898391981866
1140 35.987140460999775
1141 39.20640433851759
1142 36.496368141485235
1143 37.59851590881157
1144 37.96015873341246
1145 37.37410911124458
1146 32.96020375928663
1147 33.18565868073188
1148 31.665063071096423
1149 34.28810907283391
1150 30.52637556736371
1151 31.12752906050642
1152 29.526588054545826
1153 28.026915878047948
1154 27.731986309009276
1155 25.831386902578426
1156 26.12256058081921
1157 24.148312995214113
1158 22.67195258215302
1159 23.311191361411822
1160 23.74850346898487
1161 25.69219331733757
1162 30.379591301189652
1163 24.497003666979566
1164 26.074538940124317
1165 26.12478106614713
1166 26.205202845557157
1167 24.200065779525822
1168 27.902477838223188
1169 26.67349795056471
1170 30.422562919004836
1171 26.90475066526723
1172 27.273617513461346
1173 27.200826525222162
1174 24.419478828007968
1175 27.92124828410436
1176 30.57323892173912
1177 28.167229589344824
1178 26.47189447436002
1179 27.513924832616333
1180 25.310633419601267
1181 27.27134342042557
1182 28.853779715121618
1183 24.37489459986435
1184 31.99665136832833
1185 30.59638939662384
1186 29.033164538959173
1187 29.93775220741316
1188 28.128054375709166
1189 31.700207566514663
1190 31.93580948399257
1191 30.051660448126064
1192 31.32028291622622
1193 30.39847929364892
1194 31.000367039372936
1195 30.467156703355997
1196 26.591615632294964
1197 28.9255464937435
1198 30.545310994091007
1199 29.940637664927465
1200 28.893580335985497
1201 25.221273046416492
1202 26.678853160523307
1203 25.583389914427848
1204 28.878270441013083
1205 25.64295474110695
1206 27.844577632592497
1207 27.97070761242868
1208 27.03409397579635
1209 27.90221519238224
1210 27.605595832537592
1211 28.93943475164907
1212 29.452453324023157
1213 28.431181392434564
1214 30.211101088221277
1215 30.075940133590862
1216 32.947305808286956
1217 31.17464979120359
1218 28.941402811904197
1219 30.211157909794423
1220 28.8948596254431
1221 29.944907017774703
1222 32.06077023643422
1223 29.66982442267279
1224 31.001608027693646
1225 29.914338259159965
1226 29.573425700343744
1227 26.448783615348194
1228 29.439749375176692
1229 28.32947987337096
1230 27.956607470098305
1231 26.66346146674654
1232 28.970634807215735
1233 28.428896844046562
1234 28.614665701574808
1235 28.764479127197507
1236 29.676024374574606
1237 29.47320716133762
1238 24.533392137831488
1239 22.793734391629897
1240 19.38830172315383
1241 20.80622062373572
1242 21.118733670373658
1243 26.545346041783063
1244 25.363830076934168
1245 27.564891047291525
1246 27.130457867726783
1247 28.705098838964567
1248 27.078480929154473
1249 26.254176047031738
1250 25.201272495458433
1251 23.673340250313736
1252 25.6375387977041
1253 25.52162312092888
1254 26.099653424524995
1255 25.847334482747033
1256 25.707924591671325
1257 24.584647815012
1258 28.85353652818202
1259 26.456478310674857
1260 26.576700405351
1261 24.69973419752252
1262 26.08811493161464
1263 25.568217845585536
1264 25.464953059606653
1265 24.177679454704393
1266 23.642050097408823
1267 26.269972506675547
1268 24.141547352427583
1269 24.24899993754055
1270 21.153683607657435
1271 26.30252801115845
1272 25.201788877880357
1273 23.56187329799361
1274 27.570897513197647
1275 24.707129870941
1276 25.367960426514415
1277 26.250013969413512
1278 27.219883125588023
1279 26.371199312308537
1280 26.043880360057237
1281 23.715169724346868
1282 24.622440176898685
1283 24.958886043116937
1284 24.008397002578068
1285 25.878243791855184
1286 28.849485504136464
1287 29.254836248187093
1288 24.994256273063
1289 29.914543527534473
1290 24.74476012126052
1291 23.881427592075227
1292 26.504597758544993
1293 29.022409870840285
1294 25.815979036209338
1295 25.858809434808474
1296 27.29579538869778
1297 25.05069139282932
1298 25.785260678203922
1299 25.365229350554173
1300 23.792519903049524
1301 24.914479571108544
1302 27.05048318162934
1303 25.722732645859633
1304 24.583324752809663
1305 28.522176793137653
1306 27.005995721037962
1307 23.59508943298595
1308 26.64354579017406
1309 22.521395757472234
1310 25.519036167760323
1311 24.319169569609087
1312 22.899434341171876
1313 25.756515988340027
1314 25.926627721634546
1315 27.34200600818645
1316 24.582017644905267
1317 25.838597079498243
1318 26.967648366018143
1319 24.957708622623745
1320 32.13615497418052
1321 30.00599830150911
1322 29.740001174819742
1323 25.727799125509605
1324 24.245319193680743
1325 23.72979740179675
1326 21.268660626100896
1327 24.710697422565158
1328 25.504419816442926
1329 23.77234384696197
1330 25.96668803060985
1331 23.36082103459351
1332 21.953136645829854
1333 20.66631849467846
1334 20.07781408498871
1335 18.93925209407604
1336 22.424140820968496
1337 19.348279583601876
1338 21.66657756179053
1339 19.975730544749865
1340 23.033671606143738
1341 26.943938148882463
1342 21.137346644776123
1343 23.761609890499052
1344 29.22792953456662
1345 26.445510476328312
1346 27.22410248961229
1347 25.502770187452644
1348 25.57206200870533
1349 28.98790936007197
1350 28.96972563325907
1351 31.155376175043415
1352 33.95372214275919
1353 32.63983226605292
1354 31.415371494299734
1355 27.697936524946577
1356 30.222130966507546
1357 32.30561384202122
1358 30.97838191949073
1359 30.84467469941276
1360 34.51924344616227
1361 32.72059707817962
1362 27.38648440946174
1363 28.164996524990542
1364 26.71707347443012
1365 25.096216772227237
1366 26.326046865399366
1367 22.281907971631878
1368 24.36553244636927
1369 27.348571083209404
1370 29.29764330345338
1371 29.374048401278102
1372 28.139817667987735
1373 27.786595821561534
1374 26.27153350051484
1375 23.956861429807084
1376 25.539148817165866
1377 26.927189083865915
1378 28.0153658699942
1379 26.32918503570633
1380 25.82853725489792
1381 26.845393297444136
1382 27.24261865153866
1383 29.049662234857816
1384 29.619310251882546
1385 29.643230096193598
1386 30.38237281754218
1387 30.60220200156021
1388 33.06517676598372
1389 28.652507497148484
1390 29.4075804576804
1391 30.241494861731493
1392 31.337489661530128
1393 32.51800201607565
1394 29.338401953773236
1395 30.893441054707523
1396 33.7116859714486
1397 33.111577044548675
1398 33.61322624205611
1399 31.1686170482353
1400 29.361728796466288
1401 34.61280537126569
1402 33.86524900829659
1403 34.06403474661567
1404 34.38670724976455
1405 35.123365378913164
1406 36.05379048795697
1407 36.90451730859276
1408 38.31951322393693
1409 37.99839475439432
1410 35.74281712878462
1411 34.071798122407046
1412 35.23485541695023
1413 35.91878727687999
1414 35.57110608749017
1415 36.45277239462668
1416 32.81340777165984
1417 31.415990510784237
1418 31.261891365303796
1419 30.026732812388232
1420 32.4612691391635
1421 30.545975351222438
1422 31.710454766361174
1423 26.058186360047443
1424 27.332978797852896
1425 32.74900324339748
1426 33.62034199811487
1427 31.748821964570887
1428 28.542369750958528
1429 29.828051765584497
1430 31.413136544640494
1431 28.072781177327442
1432 33.517940035565104
1433 31.395300302178132
1434 32.10437496206595
1435 32.018496619204456
1436 30.347259106203417
1437 33.36783045605635
1438 35.903738655152644
1439 32.19864012945407
1440 35.50244041828175
1441 34.6146349478127
1442 33.7254901607632
1443 32.14089554031088
1444 32.591169021493656
1445 32.52450914689441
1446 32.53395494984244
1447 34.21933268818226
1448 34.89517849886748
1449 33.73665087115419
1450 36.356978332363916
1451 32.282198376548955
1452 30.62695512384507
1453 29.636624377617558
1454 33.245439090523654
1455 35.234290958099955
1456 37.923036351715254
1457 36.968125612253885
1458 40.548838646255334
1459 43.450049727744
1460 44.437048915664874
1461 42.96838075199935
1462 44.99710921320782
1463 42.402011871853894
1464 43.51424520727652
1465 42.986339019232275
1466 34.46649412942652
1467 30.43639973844921
1468 32.894226078965886
1469 33.82299855348814
1470 41.89830517028293
1471 40.285923770023246
1472 38.02656068599984
1473 31.92556362636854
1474 35.09014154435924
1475 36.47082973563259
1476 37.40690657852029
1477 36.50185650913239
1478 35.544537545593485
1479 36.95722647335288
1480 37.474134492694645
1481 37.346828036795706
1482 33.24468347719051
1483 34.52307585344591
1484 29.377896244994886
1485 31.378280108765317
1486 28.993155408356056
1487 34.77910432605403
1488 39.919688147556926
1489 38.42637627623288
1490 39.04326128413829
1491 37.82917353169652
1492 37.43499364001402
1493 35.7531640116418
1494 34.59567353035617
1495 39.105761552669605
1496 38.79350507433095
1497 41.978454643334764
1498 38.845956352017254
1499 40.93142996610969
1500 40.44191569711809
1501 40.04059083354625
1502 40.298039548615435
1503 43.52898465564218
1504 39.3218318407538
1505 40.3840867199568
1506 40.73345996035264
1507 37.64427594413523
1508 41.917110826393305
1509 43.93905076902082
1510 41.44721142483742
1511 41.98092068551655
1512 43.46233168369801
1513 45.30060841606098
1514 49.547387531905926
1515 51.578291090532424
1516 48.823207522082974
1517 48.46514580114626
1518 48.7012161253105
1519 49.8498271061339
1520 45.85465314829616
1521 43.117585064376996
1522 45.69206263710547
1523 43.80368535806219
1524 46.459370126358586
1525 44.15407062703388
1526 50.89733836125889
1527 45.99792301899632
1528 42.13102566953537
1529 39.07640066291522
1530 46.72350382947108
1531 49.43782739697822
1532 51.07028188031801
1533 45.38148421874845
1534 48.177072404436345
1535 50.275244907762655
1536 47.249824303246896
1537 44.271652870560665
1538 42.24133557091271
1539 47.29713703004303
1540 42.37292670713741
1541 42.14657013715665
1542 44.84154547663186
1543 47.087780708856684
1544 46.915123840043805
1545 46.87673189871452
1546 42.94043908111465
1547 41.96299300959885
1548 39.461773776461435
1549 44.173910141552376
1550 42.12560288474074
1551 45.0475852401542
1552 48.715608139004885
1553 42.607218229791364
1554 39.763382647240206
1555 43.8097776393541
1556 45.31399683825173
1557 43.37283511104893
1558 41.67450716887448
1559 39.65351461381109
1560 35.34942673657194
1561 39.12599452994658
1562 40.45117894593235
1563 35.68783385494825
1564 34.607989224433595
1565 27.79767338905303
1566 30.812049876870947
1567 34.48860449407943
1568 31.134060628317435
1569 31.593955829100892
1570 30.719683560202903
1571 31.575940750022625
1572 38.07620240717776
1573 39.870262912099065
1574 38.6301739304812
1575 38.21075482727701
1576 35.34649467606759
1577 32.39570834897174
1578 31.61412355689907
1579 30.485814682323685
1580 30.871695841599685
1581 28.86294897941391
1582 31.85793707741725
1583 32.01349068179405
1584 33.35695058090039
1585 33.11034906951493
1586 28.721371519942473
1587 31.56655579470496
1588 28.589185734814503
1589 30.63487019022132
1590 32.10270408473822
1591 29.007127862197198
1592 27.22768370499877
1593 27.335461187127912
1594 28.91620213037689
1595 32.4859838340184
1596 36.09374185041804
1597 32.316802198613544
1598 32.74182171919513
1599 34.28047875253889
1600 30.45856703357272
1601 32.713961530962855
1602 30.780051809678763
1603 34.04550103899699
1604 32.390291668969816
1605 32.06231853037354
1606 32.928864196227764
1607 35.25696195716372
1608 36.377587650143674
1609 32.7595935984314
1610 32.325293693177734
1611 29.855281165809615
1612 30.68233918086495
1613 31.91979799809994
1614 31.51377576560097
1615 30.113000511054373
1616 32.220708104612555
1617 29.04774592135749
1618 32.43949096379161
1619 32.9614314618202
1620 36.90332321210241
1621 35.092747259792816
1622 37.73288392333582
1623 38.67785444436634
1624 37.28458122215163
1625 39.99958060347895
1626 39.358690373699396
1627 34.27232524880584
1628 36.058317819291624
1629 34.062453717934694
1630 33.645124832717045
1631 37.03969322290471
1632 41.129315106110305
1633 38.80045425114157
1634 37.23477388466385
1635 34.27780121136433
1636 34.51294463889752
1637 35.53077408327024
1638 37.91297918903609
1639 39.53879339224271
1640 35.54904725959072
1641 38.273025377368185
1642 39.699972678618906
1643 46.317836306534936
1644 41.27948201289552
1645 41.1512692489596
1646 35.08951862258812
1647 39.16821608560819
1648 42.65813462005556
1649 40.65981658381976
1650 42.541996701359494
1651 42.028402066359604
1652 45.71365404354396
1653 39.56241511829271
1654 39.1722165049876
1655 37.33874164088347
1656 36.923491328294226
1657 33.55493284113988
1658 38.23998152072914
1659 38.809069402107575
1660 37.61666780729284
1661 38.54349379742118
1662 40.69576695380245
1663 41.188780710662
1664 37.36105592084846
1665 45.567567596045514
1666 50.141122343653635
1667 52.491350869974035
1668 51.75425131932355
1669 46.23803035830159
1670 43.409347127577085
1671 42.241260218910824
1672 44.679184124449584
1673 45.98645587726307
1674 41.68258948693368
1675 39.42647556723471
1676 42.13318643761073
1677 41.941840815027774
1678 40.89611150472926
1679 38.861208660043516
1680 35.899799332217114
1681 38.24437485221046
1682 39.82501048038637
1683 41.100706210562066
1684 36.64765825092409
1685 37.612253633947695
1686 39.01552451616408
1687 37.25142235592012
1688 38.23271753706149
1689 40.80552744299993
1690 41.77655692060452
1691 42.83963191466545
1692 39.86472136703339
1693 44.00972303320929
1694 44.13030246143518
1695 43.25254090517412
1696 43.29096498654441
1697 43.33589407795101
1698 42.86858514165033
1699 38.98250239430699
1700 41.21255520296545
1701 40.446781572267675
1702 40.110867217773574
1703 37.806909652579584
1704 40.08586731876428
1705 44.81161973593229
1706 43.277580216536535
1707 45.778309021531385
1708 45.027112238936354
1709 43.56517975110237
1710 46.90641598654996
1711 45.692254684394925
1712 49.36847418863132
1713 43.11908370211867
1714 45.1825564830064
1715 45.2322083742123
1716 44.480111033101196
1717 42.89619050088655
1718 44.07232067094452
1719 43.52481849248751
1720 39.052154059225316
1721 38.523206117325294
1722 40.70891569737151
1723 39.45351083910554
1724 39.01563499512698
1725 42.356624965330944
1726 37.179551063741
1727 37.87930870012124
1728 36.57081336173879
1729 35.19607191269914
1730 31.12528727494294
1731 35.094082037837865
1732 32.85095752721912
1733 34.497601536246194
1734 33.02954276564742
1735 34.2721208463343
1736 37.41788972973579
1737 34.09106878446196
1738 42.560962270177555
1739 36.17701243172265
1740 35.67808573623309
1741 34.04667634698456
1742 36.852582668282864
1743 36.70853616390838
1744 38.476614902354925
1745 42.78927812100861
1746 41.181833697024196
1747 36.98050499831674
1748 43.140222837911345
1749 43.761975133366384
1750 40.16058814700468
1751 36.51502951635503
1752 40.835819356602926
1753 41.13720094054668
1754 36.81625207586451
1755 33.09951640507789
1756 35.689983463394704
1757 32.36893375178866
1758 38.66748200545055
1759 36.43209858592567
1760 31.299476272992738
1761 36.40030008258905
1762 35.311911138853674
1763 29.793820029471703
1764 29.587666902070808
1765 36.157108972783114
1766 38.928111270806035
1767 34.973788931798026
1768 40.86469543083408
1769 40.07086915591091
1770 39.63576249764451
1771 41.876190088217335
1772 39.63504479815156
1773 40.77840357026641
1774 42.01423043964428
1775 40.17327395455
1776 36.37234930899787
1777 39.03494417791227
1778 34.25700511055876
1779 33.99153265418554
1780 36.51944822246458
1781 33.66837375059009
1782 36.02654653270667
1783 39.50391436455525
1784 36.617786884181896
1785 34.09094592517335
1786 36.5324841563466
1787 37.284383039324624
1788 39.177466924657665
1789 40.45373243690263
1790 37.113299219150065
1791 40.25837036378805
1792 40.41728845066656
1793 38.323880438649844
1794 36.962031634416135
1795 39.533874222144824
1796 43.1616712450573
1797 43.23142580743045
1798 43.10025770810067
1799 42.90794854248892
1800 44.716241160838024
1801 40.83261716526748
1802 38.478591727056276
1803 45.258581461413115
1804 41.545761075714246
1805 40.77432214504165
1806 31.62876625792047
1807 31.512950143266195
1808 36.95940512772987
1809 35.39061623192393
1810 35.77047193671204
1811 37.04060401894898
1812 40.311409683322516
1813 39.17616591313695
1814 39.306715812799276
1815 37.87018632699038
1816 43.64557647866946
1817 41.23882619414028
1818 40.97954766093559
1819 43.37413050703084
1820 35.94059931820149
1821 38.56940795790073
1822 37.46072327412519
1823 35.12051814406038
1824 33.756412827816796
1825 32.62695832505006
1826 39.27234386085669
1827 37.29444115388168
1828 39.53544453597719
1829 41.28133042698214
1830 34.74024409622169
1831 29.4328116454517
1832 34.50362049139059
1833 32.89242994782095
1834 31.776061434890295
1835 35.99170511941888
1836 36.11929723501343
1837 36.98523679117286
1838 36.80578618627668
1839 33.85134448515822
1840 33.64612139280971
1841 33.58182723359007
1842 33.72181144010717
1843 27.544005364666518
1844 32.66523503693509
1845 31.51669422075722
1846 31.82783477583885
1847 33.59868611417781
1848 34.77711721617466
1849 37.20978727160342
1850 40.29212182629052
1851 40.433508702209515
1852 41.583285486709926
1853 41.171668615281796
1854 39.83626598469446
1855 37.933317041327506
1856 35.694562233918724
1857 34.60448189437346
1858 34.02452673418704
1859 35.62166492451224
1860 33.58704843319825
1861 40.6552032204277
1862 45.463454018123926
1863 46.85776740749413
1864 47.100705438947834
1865 46.85953378903517
1866 48.1840053808825
1867 51.4475853253042
1868 52.848809009044096
1869 50.8196605239468
1870 51.59540372837885
1871 49.67082942416059
1872 52.08537065425073
1873 50.960477139716396
1874 51.52167695390723
1875 47.85035537834241
1876 47.84931520560188
1877 53.3702734017228
1878 49.755540893269604
1879 48.21973094969367
1880 46.916051789748295
1881 48.26219992500526
1882 47.69441050377732
1883 45.897581761970265
1884 42.39695491387108
1885 41.529721156661225
1886 44.52776868316648
1887 45.040718846553354
1888 47.70786783700596
1889 44.00180295676304
1890 44.55161607572676
1891 47.3357174343003
1892 45.9401114761572
1893 51.1509727422506
1894 49.02163993016535
1895 49.02472704988282
1896 49.80455738127521
1897 48.893565113269005
1898 45.12716212559048
1899 45.26753702833097
1900 46.65571210794379
1901 48.43883374783571
1902 46.000129710791825
1903 49.60796659421618
1904 46.38360304163638
1905 51.825169203144085
1906 48.66302613552044
1907 52.460521216054765
1908 47.914654455787215
1909 47.36926137985354
1910 46.285765180843164
1911 40.48770679966105
1912 40.609560563426264
1913 43.23933123129822
1914 50.71614600402879
1915 46.58321670527596
1916 49.75902508261994
1917 48.017240403667074
1918 46.85528015424682
1919 49.44844677196798
1920 48.69762444865038
1921 45.50449019526892
1922 48.53600390624775
1923 45.81921334009929
1924 43.876450105820226
1925 43.22193426159784
1926 41.146358493476406
1927 43.284278267980966
1928 44.88769473872442
1929 46.311678194730646
1930 44.29884875263931
1931 44.05749854309618
1932 45.73890852512959
1933 42.91638176916556
1934 42.79205881865021
1935 37.748968384351116
1936 41.238918910431074
1937 41.113154232750944
1938 46.075569300704025
1939 44.558484524292105
1940 42.39170536951262
1941 43.29810462963063
1942 43.917681930032856
1943 46.762986814389066
1944 50.00679031842472
1945 51.45356843341351
1946 47.119709130822216
1947 52.839959715572625
1948 53.997917289290854
1949 53.20305748448955
1950 55.50923313223773
1951 55.860099150295284
1952 54.5921722885903
1953 55.93027860985877
1954 52.871037543328484
1955 55.437062373409844
1956 56.753551042950136
1957 60.495036062773686
1958 60.357068901653925
1959 57.59923222121662
1960 56.64091281511142
1961 54.76116459766631
1962 50.953001110765165
1963 52.48415151390748
1964 52.79642016678541
1965 50.4233275284748
1966 55.41706638696644
1967 52.11404487437232
1968 52.89955105616589
1969 48.48551111699076
1970 46.47501957139666
1971 47.11452935316494
1972 47.40941066158812
1973 52.242883287272946
1974 51.98098826752145
1975 52.9555829800943
1976 54.17383932409789
1977 55.39677718243025
1978 53.08691008543209
1979 54.16361450363509
1980 51.58620323547134
1981 48.13380109504541
1982 44.70081649427015
1983 52.27942044674365
1984 48.8015019818511
1985 50.59490609526401
1986 48.82466259976369
1987 47.146442035228404
1988 46.98646023361265
1989 47.45077416420968
1990 50.74154676624806
1991 48.09012940270089
1992 48.19476686085872
1993 43.616755040477244
1994 43.56400695857081
1995 41.46939940505273
1996 43.30406191057331
1997 46.18643843595365
1998 45.185500020384026
1999 46.18116383670325
2000 43.975889418069514
2001 44.145315486491285
2002 43.30765618067817
2003 46.226737348629214
2004 48.03477514310374
2005 46.8848280891178
2006 44.1894944651634
2007 45.40462006132427
2008 45.66115159601454
2009 42.156770958064
2010 40.90104821528056
2011 46.71872271829552
2012 41.269467619220954
2013 42.41263422819095
2014 45.5309365119889
2015 42.758528192383096
2016 44.94631738161754
2017 45.945180125236114
2018 44.07106111270519
2019 42.17351914467881
2020 41.88863817314059
2021 44.50439911485027
2022 45.16398645038687
2023 44.81426264593894
2024 44.29401802832253
2025 45.46282016046704
2026 47.95812115808414
2027 47.314059573912125
2028 44.218059110276535
2029 44.71437635667989
2030 41.0625248708402
2031 42.26513050146118
2032 42.290429596517406
2033 44.53968955049631
2034 43.14241532634336
2035 44.870082940607546
2036 42.69990201466291
2037 44.77529658344912
2038 44.9770226429946
2039 44.73263817916961
2040 45.37144179129568
2041 44.67601719460831
2042 42.72292199678179
2043 44.47295026328575
2044 43.19901606095479
2045 40.666912187173374
2046 42.268582342022185
2047 44.24895569610745
2048 41.477613560927466
2049 44.82158290890919
2050 49.023322984184425
2051 47.330267622243326
2052 46.04523322942552
2053 44.068437016727984
2054 46.23032961168584
2055 40.94364759280942
2056 37.661241677178694
2057 37.82569213905516
2058 40.63097086905774
2059 39.54824920189008
2060 40.52169801805611
2061 40.33544606318653
2062 40.477859309533066
2063 44.32171603784048
2064 39.715529569349584
2065 39.50998207950432
2066 41.6772664037413
2067 45.166339185687654
2068 44.21703654855219
2069 45.285221166988265
2070 46.054493272047004
2071 45.12950590952015
2072 43.49312400540854
2073 45.09545395107239
2074 41.091561190070415
2075 43.23612416795679
2076 40.348503790634865
2077 36.33114834285729
2078 40.119661116406256
2079 40.390977801897414
2080 41.195673389723716
2081 37.11828439226909
2082 41.83482858903262
2083 37.57786719375143
2084 38.77375581354998
2085 39.55323722445815
2086 38.85058115801173
2087 35.964952939773454
2088 42.60854502957691
2089 37.262577727431065
2090 41.53115734375561
2091 41.05638757677179
2092 43.785964959787236
2093 47.11841926398542
2094 46.01125925814048
2095 44.5678052897762
2096 43.4751689123602
2097 39.39817732726827
2098 41.59001304776726
2099 41.49534282222786
2100 40.90881481617522
2101 36.4044274551453
2102 40.06962487755529
2103 43.6976662250443
2104 41.4724111273917
2105 40.88662213106916
2106 41.06559053966379
2107 35.68071401958879
2108 42.641901841817045
2109 42.789156365073836
2110 41.58009797046672
2111 41.53008883632572
2112 41.92267711725361
2113 39.80072647298787
2114 42.72831525756574
2115 44.81377228885933
2116 42.4764906372764
2117 45.3676782091146
2118 44.402372123435505
2119 41.78034653304825
2120 39.38871009834167
2121 36.26568997652293
2122 37.45940333596228
2123 42.76845660423561
2124 39.68000610071386
2125 38.16728436648865
2126 40.56678371395637
2127 36.95729958235313
2128 42.4649416529004
2129 39.111719797655155
2130 44.23007163010295
2131 43.454529173884936
2132 45.82153137849313
2133 41.035579099196056
2134 42.6408528397875
2135 42.761046950600694
2136 40.487502701537124
2137 45.393869496112444
2138 41.40008011408683
2139 36.623674855608236
2140 38.649595076447795
2141 38.8540648694863
2142 33.612416284501435
2143 32.05745505140324
2144 28.024365161215705
2145 28.300270574076247
2146 27.403262119087625
2147 28.15392168097031
2148 28.094939094171608
2149 28.11408743302434
2150 27.438406188322887
2151 25.91669594105574
2152 26.820079084755317
2153 26.26333741630152
2154 27.076594083850566
2155 27.749446099685127
2156 26.79610532824657
2157 27.760072561161028
2158 26.75460936835629
2159 26.833078159376548
2160 27.765624669669204
2161 26.760470661743007
2162 27.33500755172125
2163 27.8642211750148
2164 27.047356303369245
2165 26.869971374215847
2166 25.985925552068096
2167 27.089127019953658
2168 27.395813023823294
2169 27.402382220120998
2170 26.48066865689698
2171 27.838890834831492
2172 27.0929050047368
2173 26.363496233795555
2174 27.716406574129874
2175 26.918705712009288
2176 26.799435691973944
2177 28.14433690036375
2178 27.787803518504965
2179 27.35328137193649
2180 28.251010117668056
2181 27.37785191647705
2182 27.20321149159549
2183 27.44659381684434
2184 26.356445793943653
2185 26.125227607027238
2186 23.950659583578688
2187 24.409118542815754
2188 27.988882892232105
2189 26.880606583813226
2190 29.196310855012698
2191 28.864571422970304
2192 32.5162882827371
2193 30.289564742123165
2194 29.5301547549902
2195 28.899352213969596
2196 28.369627507206932
2197 28.888650884266692
2198 28.040083441892303
2199 27.685834812919758
2200 27.845074715449037
2201 27.55893510684687
2202 28.02718976497026
2203 28.15178950751699
2204 27.92979428484473
2205 26.86728651609797
2206 27.27536209119055
2207 27.44666023566946
2208 27.449075600533284
2209 27.955400514529746
2210 27.410946216279317
2211 27.08398328661429
2212 27.909520790870275
2213 27.467796526311943
2214 28.112013860023854
2215 27.48997099995573
2216 26.753486859060537
2217 26.775475748038573
2218 27.202443836008424
2219 27.01110509125904
2220 27.36614793130056
2221 28.212304247853876
2222 28.15967147945943
2223 28.011627426135906
2224 27.229708956875406
2225 26.968747248111928
2226 26.39143797456114
2227 26.807502163733492
2228 26.51652923200689
2229 26.601040279835374
2230 27.29028382953759
2231 28.205757151603635
2232 27.90430580980906
2233 27.632768886098248
2234 27.677215626285914
2235 26.301452242548194
2236 27.84769396547387
2237 30.22840468366536
2238 28.71566755992715
2239 27.985336724854907
2240 28.2533736482269
2241 26.963847859254027
2242 28.31996683083005
2243 29.55779887605479
2244 28.391510800571247
2245 28.14395364987037
2246 28.141674798086314
2247 28.335880454886603
2248 28.802527018972043
2249 27.871447996996917
2250 28.160293775782396
2251 27.36378583356649
2252 28.038912716111906
2253 27.461705187651184
2254 28.642003142083162
2255 27.736435690391804
2256 28.61716086080051
2257 28.463971012024917
2258 25.77504214093224
2259 26.73526470132674
2260 25.385142217718947
2261 26.32653508400057
2262 25.635133401261324
2263 26.793814465100404
2264 25.831622100652563
2265 27.535778095582376
2266 25.61715500944178
2267 27.575880866523217
2268 28.01786333467463
2269 28.359156853532973
2270 28.450920746424995
2271 29.539043568361723
2272 28.52300660874381
2273 29.741584314652254
2274 27.897629095100676
2275 27.632979289731445
2276 27.742877581549966
2277 27.39581485258258
2278 28.106723064347943
2279 28.752174482927224
2280 28.271413959511104
2281 29.73821806590772
2282 29.062945954586763
2283 28.362242389690365
2284 28.059966532677084
2285 28.385709594010315
2286 27.61991033073414
2287 28.79965251745148
2288 25.910641447728263
2289 26.031919261207847
2290 27.58719366868053
2291 27.024020477586845
2292 27.507946113855645
2293 27.032357971857234
2294 27.44142450688868
2295 25.82123772088074
2296 27.325668618085537
2297 27.978471765345805
2298 28.764353497870296
2299 28.79490581399474
2300 27.57931698768946
2301 27.151493890196853
2302 27.525008482603614
2303 27.66262072696555
2304 28.255316437998303
2305 26.947762799417294
2306 27.276056624127204
2307 28.829784303476917
2308 27.056084488752013
2309 27.72097014233377
2310 27.101673852651665
2311 27.126092962519134
2312 27.824862235873642
2313 27.200379934218873
2314 26.758646438152322
2315 27.040192039218216
2316 27.17477380820921
2317 23.492033391344698
2318 25.936984624423832
2319 24.650806611057337
2320 24.948891381104065
2321 25.27526190309677
2322 24.45493031645598
2323 26.038591010939957
2324 25.186619007979274
2325 23.75149891342973
2326 25.892130453018705
2327 24.502228158078065
2328 25.829897835683177
2329 25.049051234377426
2330 24.31169153607338
2331 24.51807755956757
2332 25.06536519845025
2333 25.457953982345632
2334 25.206580413617356
2335 24.78887621689506
2336 24.981503007410407
2337 26.252675080705878
2338 25.584533663908193
2339 23.396502742992553
2340 27.098844073059603
2341 25.664012502625642
2342 28.247999266397695
2343 27.123779027327668
2344 25.72950790526589
2345 26.395413403510823
2346 27.884235946327024
2347 25.595134175976682
2348 23.620964471399592
2349 23.445971244070467
2350 24.55277064247089
2351 24.443280035567064
2352 24.321918252557005
2353 23.334581543890586
2354 24.52039449398866
2355 25.339590170371174
2356 24.93449854873296
2357 25.016055276934285
2358 23.7984626023786
2359 23.968694286056824
2360 23.96747964757226
2361 25.061547141212017
2362 25.657693012849037
2363 25.216982483428364
2364 24.746606188090617
2365 25.704562472574732
2366 26.780146289381907
2367 25.265105530126434
2368 24.906167647520626
2369 24.431198029445905
2370 23.588806940594818
2371 24.619802829003937
2372 26.68768656884126
2373 26.19454377824917
2374 25.49300226369796
2375 25.97668797473952
2376 28.212250038053206
2377 26.064448412568183
2378 25.97878624850328
2379 25.940917245866597
2380 24.142940670516463
2381 25.595463783971542
2382 25.242490071349362
2383 24.853540059599133
2384 26.31169542074773
2385 24.317831944549557
2386 26.237278260046132
2387 25.27548050944291
2388 26.57580579596354
2389 25.223293338538852
2390 25.699095613389623
2391 26.308428028113134
2392 25.835798215167866
2393 25.67017585518773
2394 25.960199402571263
2395 24.95441194601384
2396 24.95166036152794
2397 26.58610540821155
2398 25.53026011830495
2399 25.683560732510838
2400 25.72887971520023
2401 25.29497978647119
2402 26.554491049916088
2403 24.46445119001979
2404 24.392322092314846
2405 24.351927417023614
2406 26.66209676422362
2407 28.913268318889088
2408 24.9441900292336
2409 24.41803647663377
2410 26.08218560194842
2411 25.037108368470967
2412 25.63545822715646
2413 25.971517239132105
2414 28.30639247135046
2415 25.966463790582903
2416 27.659899856942488
2417 27.298533603132057
2418 25.832444865517967
2419 25.12740912896262
2420 25.11306431250166
2421 25.17611822392145
2422 27.615991494019877
2423 27.117670993156324
2424 27.7370257641383
2425 26.551239785311637
2426 28.00241338944681
2427 28.57714116292485
2428 25.959918191939696
2429 28.436571968890807
2430 25.703150140463205
2431 27.531097962091998
2432 25.9847084274871
2433 24.841489359547708
2434 24.900975252315313
2435 25.994793289603212
2436 24.570263394645657
2437 27.006600789026994
2438 26.375308646893405
2439 24.220645404735155
2440 24.889526340240042
2441 26.58376628519815
2442 26.339463532296325
2443 26.818012796957138
2444 25.707412594176972
2445 23.680028655260017
2446 23.743512333953184
2447 27.78552037850901
2448 27.049744348847348
2449 26.33839901968375
2450 25.332415379050786
2451 26.820620188102932
2452 25.29597026243399
2453 26.77923758872361
2454 27.15300268455157
2455 26.695947092412677
2456 25.556987015285372
2457 25.268525140247778
2458 26.385678124616128
2459 27.84465617181827
2460 28.18789297742071
2461 26.80623954127741
2462 27.833323703962645
2463 27.458086332144152
2464 27.853874589514305
2465 27.755876320672137
2466 25.888030133846506
2467 26.496379761012214
2468 26.80349856245196
2469 25.977683977074516
2470 26.836704233622893
2471 26.138245566222885
2472 26.80924145191918
2473 26.14512372498645
2474 24.678522906426636
2475 26.10717541762302
2476 26.538206237613498
2477 25.805406101302548
2478 27.72236938380673
2479 25.418111407717127
2480 25.855307895927353
2481 26.975297724926165
2482 25.542940738120524
2483 25.50123624518493
2484 25.216306676865585
2485 26.55295699905726
2486 25.726163870828206
2487 24.4807378481951
2488 24.5542404988541
2489 23.95349603318271
2490 29.63720374071958
2491 28.83625138036795
2492 31.643637858224576
2493 34.21371210782323
2494 34.97937593012503
2495 35.51905706756137
2496 37.90502632865628
2497 37.778322445288644
2498 35.47262707118164
2499 37.65890357476851
2500 37.238435378621475
2501 35.146051744536614
2502 34.326959843049295
2503 37.312061106644826
2504 36.71211880718148
2505 38.545969656157126
2506 36.87811789967527
2507 36.12002044179269
2508 34.71262905677073
2509 35.60290354048896
2510 36.58902159745915
2511 33.57755633629658
2512 32.52912588411966
2513 32.90752978431508
2514 34.224362238890755
2515 34.61682869316634
2516 32.72787866547253
2517 35.304673383516494
2518 34.08104035617661
2519 36.92429802388111
2520 36.458522440290515
2521 35.89320435771602
2522 37.18700503464122
2523 36.26891643758251
2524 35.80934679390901
2525 34.1002749266748
2526 34.591153101439744
2527 35.334753173557054
2528 35.85738749257572
2529 33.252484030559415
2530 34.58662393694041
2531 34.45950862842024
2532 35.3052081400827
2533 35.250815406173636
2534 34.04714694870962
2535 34.83220623596493
2536 35.11869610294384
2537 35.15478541242491
2538 33.15264666681745
2539 31.543789942822848
2540 32.83795940139891
2541 35.9210140706298
2542 32.351586791956
2543 30.770719388988617
2544 30.891765409259094
2545 34.93594603672105
2546 34.85721611297119
2547 36.35820409539155
2548 37.82760917341773
2549 40.05944974950361
2550 36.921908643569054
2551 35.41332138284501
2552 35.58109746371571
2553 34.44468822045621
2554 34.65050745171535
2555 33.39492259913374
2556 31.13594912476592
2557 32.744732414027176
2558 31.274335740946984
2559 31.087746342074958
2560 33.98947665028252
2561 34.2693193531394
2562 32.72921789167835
2563 36.633868245421844
2564 40.40875433486068
2565 36.171756092184694
2566 34.91237974728698
2567 33.61364227362983
2568 35.316417688710835
2569 35.43608300753305
2570 35.433407194497626
2571 35.82433047543517
2572 35.15459345994594
2573 31.842256092505476
2574 31.167365578612607
2575 30.00842066562894
2576 33.32664944742008
2577 42.47693025663567
2578 43.16884067274932
2579 43.72905185555506
2580 43.40172567496711
2581 42.63743845250352
2582 41.007030211564164
2583 38.94676729004555
2584 36.50292442486847
2585 37.999911605045234
2586 39.29422865623116
2587 40.19560890689905
2588 41.69463924487625
2589 41.928716891214705
2590 40.849782307727075
2591 42.059329677776525
2592 37.6975384350028
2593 36.5451518019544
2594 38.40899228155274
2595 38.5061598823822
2596 35.79155377134189
2597 34.44373027378394
2598 38.31170670665661
2599 34.00313024811092
2600 36.28028310548275
2601 37.76626348190187
2602 40.12502803211748
2603 36.4433186348028
2604 37.682059683205175
2605 35.353167849410035
2606 34.896580565536986
2607 40.12455544288046
2608 40.399673043749814
2609 38.4863105497842
2610 36.962685491452554
2611 38.110931294392586
2612 39.791673687561065
2613 41.56207804854176
2614 40.3412497366991
2615 39.73707670054594
2616 37.769416827113815
2617 38.49465988580681
2618 35.87711390842376
2619 34.11066464246364
2620 34.315850344333676
2621 34.387540112144926
2622 34.925808264778475
2623 32.596345001427515
2624 32.52348605721353
2625 35.1334576024773
2626 34.959203221237125
2627 35.96273832727682
2628 35.772176747396415
2629 36.558060654389614
2630 35.483415968332224
2631 32.96373250206413
2632 32.731383805350774
2633 32.97874993592176
2634 32.327098781310575
2635 30.768817432559885
2636 34.30787627282583
2637 34.2755139282341
2638 34.58807002257659
2639 32.77334701527084
2640 33.86558084033506
2641 34.488435161982736
2642 34.32825848716717
2643 33.866573189816556
2644 32.5474354585605
2645 33.58630221317048
2646 32.18703956095706
2647 34.291922560014356
2648 35.0335868094439
2649 29.086170499296646
2650 33.1042717766332
2651 35.97833376047314
2652 34.25646423912037
2653 32.945888028134796
2654 34.005327118029065
2655 36.446478970140156
2656 32.62033786668827
2657 29.04842143069113
2658 30.938680281991488
2659 30.710080871808877
2660 31.213498495156944
2661 32.71306869085323
2662 31.975583668446056
2663 33.697577631255136
2664 31.963758991318755
2665 32.525262050705635
2666 32.851650122052504
2667 33.35494159344667
2668 33.76883430037348
2669 35.39385481784379
2670 34.59789190475528
2671 33.474506181327634
2672 34.99944042540964
2673 38.17814203459147
2674 35.29474637414634
2675 36.14700552563105
2676 35.49691831250248
2677 37.529705063765135
2678 34.21197520841936
2679 35.04383160266013
2680 33.96611813600034
2681 36.37100500272235
2682 31.027374511241945
2683 32.6364450214793
2684 30.22288877954716
2685 30.875043224192822
2686 27.499983414762404
2687 26.86634924109293
2688 27.208022248243214
2689 34.18572779724533
2690 33.38080941058811
2691 35.783194776890134
2692 37.58873018449382
2693 35.54730021931628
2694 32.81747754277771
2695 34.203134450375195
2696 39.348736452083976
2697 40.49696832287558
2698 41.05614194141354
2699 42.35027635503003
2700 45.03967919038046
2701 45.514608933346125
2702 47.009520841771646
2703 48.01504466089472
2704 43.98997875605084
2705 40.07984879859629
2706 40.15057672828985
2707 41.23031062689914
2708 40.05978535165849
2709 39.3369227841697
2710 41.29665676004699
2711 39.5223671156709
2712 34.713850367484596
2713 33.27215747288699
2714 33.563988487080536
2715 30.285886665242213
2716 27.17575428589213
2717 24.54187743051056
2718 25.63552237664541
2719 31.678416302427113
2720 33.50076461502329
2721 40.87965945647761
2722 35.30765436290796
2723 35.371664254473885
2724 36.63303214725179
2725 41.00913736413616
2726 42.55596229573432
2727 41.41734181646704
2728 37.926763004183975
2729 44.83366991565259
2730 42.57355220046177
2731 36.223696919691925
2732 32.59488659589756
2733 36.46769218744117
2734 37.95270928323038
2735 34.96895300821079
2736 35.08204300832985
2737 38.43053907214818
2738 32.491884365339324
2739 26.749946166525316
2740 30.33798289870019
2741 35.44033456633941
2742 35.955093587746205
2743 36.87674416746818
2744 34.943293297257036
2745 38.27083983775466
2746 43.660327840991116
2747 32.956886565695186
2748 34.9108610475652
2749 37.816083182319865
2750 42.28705567346064
2751 45.32571969932791
2752 41.60157094641279
2753 50.05449452333259
2754 42.40201925709583
2755 35.50629690340258
2756 33.64583062281609
2757 32.97886360971296
2758 42.579675147131596
2759 40.48833273157601
2760 40.22157521466511
2761 39.11018212153789
2762 38.8554499617669
2763 39.41191016530878
2764 41.47811795792478
2765 41.94000796413121
2766 47.253039596496365
2767 44.051511359676574
2768 37.58902122814533
2769 42.099644896890794
2770 44.982671856105654
2771 43.22459200654859
2772 46.00248007687952
2773 42.26507157556102
2774 42.27125862601738
2775 45.453638751791324
2776 33.29564857277145
2777 35.376869376319014
2778 36.07029861948775
2779 35.268362073376274
2780 38.47356371052765
2781 38.6156110812688
2782 36.80314179351211
2783 38.997513411345636
2784 41.89014143592794
2785 33.92283951687542
2786 38.963906822747546
2787 38.23884343111036
2788 36.77498937257371
2789 34.29710620727094
2790 32.58813281716347
2791 35.24460258832444
2792 39.042212692365375
2793 35.40776891449576
2794 42.141352981618574
2795 34.00379916923271
2796 27.292787171662837
2797 32.17421190728027
2798 33.999799461354584
2799 34.406379327611496
2800 37.160299946881345
2801 37.18493195283251
2802 40.120477690656315
2803 34.78052568764493
2804 34.428646603986145
2805 30.358648250498188
2806 31.188771198690716
2807 34.78100617055448
2808 26.890042305719547
2809 29.616740566632792
2810 35.38422906533667
2811 28.677919162342874
2812 29.590239451963477
2813 30.49497037487118
2814 30.73642330980108
2815 30.712074717435044
2816 39.12077293734651
2817 33.46235629732918
2818 32.31897186769416
2819 29.365415592247764
2820 28.638981151540403
2821 29.927987994233447
2822 31.098460556985557
2823 24.163393463212852
2824 27.200870570069828
2825 29.6602250689939
2826 32.22148889204857
2827 31.75482508498134
2828 37.29347302210337
2829 35.93337104898523
2830 39.05539381785349
2831 32.93204057681718
2832 29.96653420437592
2833 30.372252126235125
2834 29.328576827914
2835 28.560028118584356
2836 29.883804823268367
2837 33.37824400534009
2838 30.381962610842923
2839 29.44975465201284
2840 29.3054966796173
2841 35.89810750902598
2842 29.563405917984028
2843 19.96307320115482
2844 24.600061347898738
2845 22.021298547519194
2846 17.597570216217687
2847 19.18681529720227
2848 20.486520225987196
2849 20.417412701111882
2850 19.397785268352106
2851 18.782617568375503
2852 22.16456769237572
2853 27.42630775049646
2854 21.770223741484642
2855 19.403878434540026
2856 25.510551579215534
2857 30.50156058769139
2858 40.24123119807904
2859 36.25735287209948
2860 33.37032929827986
2861 32.21999484811359
2862 34.69958103639108
2863 28.973992234253863
2864 30.47743412419752
2865 29.229645901824277
2866 29.877684131999125
2867 26.796266304581383
2868 33.29506797229192
2869 29.62526993450899
2870 34.17792707131713
2871 35.602271659725844
2872 35.550505999312975
2873 35.68961249907523
2874 31.151211888138192
2875 35.18443190372317
2876 36.36302701149012
2877 40.08964384822481
2878 40.799399497714234
2879 41.75024845880417
2880 42.44186571001478
2881 40.780041375521094
2882 42.96148161529074
2883 41.793518043342296
2884 40.97285598650078
2885 42.52333941948746
2886 40.74583860180466
2887 39.10463383409777
2888 37.346342329447545
2889 38.43248487411918
2890 37.400622616947324
2891 36.930455797693824
2892 40.263128479972295
2893 33.977368428888944
2894 39.067445993405556
2895 39.79574632046292
2896 38.24356995669502
2897 41.532525550378445
2898 39.217610156692956
2899 38.28944513956604
2900 37.25873447331807
2901 37.19850849833774
2902 42.419031393189876
2903 37.659231268194404
2904 35.80453214607169
2905 39.286553063369595
2906 37.399911151636935
2907 34.5197471194585
2908 37.06507076370503
2909 35.209876520023656
2910 34.52053203748197
2911 36.04008611740481
2912 39.3200663646024
2913 37.84067409949275
2914 41.583209253274546
2915 43.43042577354826
2916 40.50668584474914
2917 45.85590796020632
2918 47.0052741193046
2919 43.14640848859115
2920 39.69053656971545
2921 45.168500595807615
2922 45.98260610804768
2923 42.61606858855371
2924 42.932934799004336
2925 45.072579931699856
2926 45.64915274801939
2927 41.52449544914679
2928 41.95690273556938
2929 43.27960312596765
2930 45.07728620723993
2931 42.41419649312879
2932 41.837087599278895
2933 41.51444710536582
2934 40.708506749359834
2935 42.01631672865816
2936 43.51900417789824
2937 40.02081186151887
2938 38.321889710033716
2939 41.58458788226605
2940 43.646699004180995
2941 42.01692419475356
2942 44.93835805980564
2943 43.47276669327258
2944 45.71175204369794
2945 43.86198956538168
2946 39.554090043333325
2947 36.60356800314294
2948 33.8690118070566
2949 36.64566777427617
2950 39.96492853639397
2951 38.30170294682985
2952 38.36215726146515
2953 40.26749391230654
2954 33.522018806147074
2955 35.31257720650196
2956 30.252997812133078
2957 35.059921404641976
2958 29.38259821034614
2959 29.313868472614576
2960 26.765529942881923
2961 28.694502963366897
2962 30.83534088423317
2963 34.723764273248555
2964 37.06172728732531
2965 40.08949951152406
2966 38.00220232799143
2967 36.77829345661707
2968 36.552125775810936
2969 35.15748029536849
2970 35.45575023730941
2971 34.65846943997855
2972 36.54709152677217
2973 38.57946868441873
2974 39.54636483285072
2975 37.20266571630623
2976 36.007467589290485
2977 43.78402856739345
2978 41.7564562741519
2979 43.05093099389674
2980 34.62351823096599
2981 38.96843100211746
2982 34.55641892789683
2983 34.94417538030699
2984 30.48531665559913
2985 34.74511171514738
2986 32.65491953678443
2987 34.06201180952378
2988 30.23205807686647
2989 31.38564300513538
2990 23.462426665863298
2991 25.477836374784356
2992 28.18540822253293
2993 24.837620282024186
2994 25.33614750879485
2995 20.431604179616976
2996 20.483141961684847
2997 24.075394201839412
2998 26.332168686889748
2999 24.405371424781084
3000 25.334475145057887
3001 23.126454905812217
3002 21.234112392455856
3003 18.166288376376656
3004 23.49100876749148
3005 23.10853594000248
3006 28.575915082338923
3007 23.63521053403889
3008 25.717522582335324
3009 26.153072806333725
3010 21.21327602504749
3011 17.734702187178414
3012 25.263481597464466
3013 29.27819533163521
3014 25.308280941547874
3015 28.308032694285966
3016 28.817928235817767
3017 31.094626061976705
3018 30.75455644219409
3019 35.59760030631088
3020 30.509164601652763
3021 31.926263688168234
3022 31.570966546760914
3023 26.39878885417597
3024 32.1408759231919
3025 33.20839421805026
3026 32.531312522722
3027 34.47271409439953
3028 34.5797290043645
3029 35.78177754342604
3030 30.522042291354992
3031 33.2322053456025
3032 32.45509485656891
3033 28.410207627046738
3034 26.866014073958887
3035 32.275520210962235
3036 32.247596227006106
3037 36.22226169515733
3038 33.82465972670601
3039 34.81407665551434
3040 29.58011958656383
3041 33.692030806585336
3042 31.204792310208152
3043 30.083677083563714
3044 28.44115959384876
3045 27.881292039243895
3046 33.40801393888105
3047 31.71607365675381
3048 36.31043885721079
3049 39.02642215965058
3050 32.34894190378214
3051 31.79966950042203
3052 28.498320001824872
3053 36.88753559403779
3054 36.825574956827566
3055 41.502506326886916
3056 36.34613508288764
3057 39.43816865623625
3058 36.15714389404395
3059 43.796157285158436
3060 38.520064733760535
3061 46.108509426158285
3062 49.52713623819625
3063 49.75068706925008
3064 52.37943937022408
3065 47.98937798457264
3066 43.82321837900262
3067 44.26048724582965
3068 44.31162365141448
3069 44.61190692309718
3070 43.53538749298936
3071 40.70850033950257
3072 42.4305961859037
3073 40.84901527392301
3074 43.5733838342845
3075 42.98342119297772
3076 44.24005914513989
3077 42.51001106966268
3078 38.52087762619142
3079 37.67453739220271
3080 33.12501404562215
3081 33.6368691260018
3082 32.80187368635247
3083 36.360778786688556
3084 32.425714080885356
3085 29.82136991619842
3086 27.000859898400122
3087 25.784464169446316
3088 21.497738391049957
3089 31.05561275732428
3090 33.979073429870894
3091 31.494297736964718
3092 33.005405058540305
3093 34.222742241943145
3094 33.13147567722554
3095 28.098608759527064
3096 26.016114063120558
3097 28.247980257019773
3098 20.719463912855694
3099 16.08895715563638
3100 20.74093227275842
3101 18.071870030716248
3102 18.94671766178048
3103 26.722433343682322
3104 26.216728004671094
3105 25.557562345267232
3106 30.38206172059143
3107 36.63286958916613
3108 39.008098772399066
3109 30.731846970036983
3110 33.543874424720755
3111 32.002096289189005
3112 31.14281953404138
3113 32.96296779688421
3114 33.81951731194296
3115 32.607446970268576
3116 32.285551824240166
3117 32.07384201920774
3118 30.989404736171164
3119 28.222058018526905
3120 29.023094420094637
3121 27.9810183677232
3122 29.9637402453715
3123 31.756815696484463
3124 30.46558048692777
3125 34.10403784441124
3126 30.926327319052344
3127 28.685700500052857
3128 32.99847692765743
3129 30.013333208646777
3130 30.96869232602285
3131 29.80358526624679
3132 29.095145734171346
3133 31.811819192090383
3134 32.347410415846355
3135 31.759998077102388
3136 22.227929920314665
3137 26.94195180734765
3138 33.54601656157863
3139 34.41234214304579
3140 35.726591970598
3141 34.77761160327303
3142 33.7447947677965
3143 33.9534380770641
3144 37.55973586145146
3145 35.51511402732922
3146 36.24083625510688
3147 37.06887581800205
3148 37.25422820959488
3149 36.13264808423566
3150 37.24581542962383
3151 36.98418581608765
3152 34.81376811472894
3153 35.834607844235045
3154 33.9721581127224
3155 36.89739350721007
3156 35.09460825386841
3157 34.7171854642727
3158 34.600911637909974
3159 34.12256860640839
3160 35.99796734066785
3161 34.788524186410314
3162 36.00839415587619
3163 33.629396741876036
3164 35.23859679292146
3165 35.539916597186625
3166 38.07522624975399
3167 38.92922763236787
3168 39.463176183976515
3169 37.826343748520195
3170 37.879386123398326
3171 35.74162463953801
3172 34.17072365400909
3173 33.4271936530376
3174 35.15489720010556
3175 32.69323042674337
3176 30.49909293416838
3177 31.94794033997262
3178 29.63898836636392
3179 31.45055053950043
3180 32.45813135181838
3181 32.754646178462245
3182 28.971763916152035
3183 34.49461512440515
3184 34.82537619985694
3185 33.33204553582065
3186 34.31134800410929
3187 35.556175587260185
3188 34.33534733019774
3189 34.90200058482143
3190 36.57088974816282
3191 37.13342400434958
3192 29.634427011270937
3193 30.40257013088832
3194 29.127488797231024
3195 30.02480488254717
3196 32.72134984861123
3197 32.19045084722234
3198 33.28297746240795
3199 31.684134059958975
3200 29.589324419521777
3201 31.87574908656141
3202 29.731196472081255
3203 27.977701053653167
3204 32.80113436327268
3205 35.701973083185024
3206 37.46621920114086
3207 36.12578306968539
3208 36.79184417528879
3209 39.74094376400081
3210 36.90994025606679
3211 38.78330762315116
3212 35.62244822373333
3213 36.31602711737686
3214 34.65958734609933
3215 34.52170464334899
3216 33.84473555013414
3217 36.34974751515742
3218 31.49982931606954
3219 33.178758154714174
3220 33.815625262397596
3221 35.55481347461267
3222 39.1028321406907
3223 38.938889544607484
3224 37.80307992834077
3225 37.60504631376216
3226 36.35535424632132
3227 38.01774391658805
3228 36.294562165611005
3229 36.343426192750684
3230 38.54189675971049
3231 39.30977877069472
3232 34.22833449350504
3233 37.176333540095214
3234 41.10479876260172
3235 39.67132127360863
3236 41.50982046083782
3237 41.18031926534483
3238 41.10723375101693
3239 38.07586737691569
3240 38.41227885456658
3241 40.78553661977371
3242 39.68381550885368
3243 40.62549907111643
3244 38.775674190827516
3245 37.586323245910364
3246 38.901152949462734
3247 38.49461414299682
3248 38.86992467032924
3249 38.0030702978257
3250 37.26796010229969
3251 34.933384270754914
3252 37.19278763772636
3253 37.370621603136975
3254 36.215835786505906
3255 33.585846764900765
3256 36.583698484580644
3257 32.004548806716834
3258 34.132162554436725
3259 31.10715411129365
3260 37.62630668876553
3261 42.38614988921689
3262 39.4876390638318
3263 37.04015148896803
3264 38.745015967226685
3265 36.85859513777197
3266 33.80817677316891
3267 32.22718510188318
3268 33.56130658369562
3269 35.76983384867991
3270 33.44143616311959
3271 33.094712004764745
3272 35.780777369833615
3273 34.56562295118247
3274 37.829854732807355
3275 42.021224261030675
3276 43.0297164873508
3277 42.768283401921586
3278 41.101638506353524
3279 42.48650259714568
3280 37.507916068110944
3281 37.46007911692865
3282 37.86573865045651
3283 38.67710381683471
3284 40.33829906980924
3285 40.92524728217155
3286 37.70871028091302
3287 37.58999220202167
3288 39.74195376821242
3289 37.627601543528094
3290 37.11038972769944
3291 38.18189608316804
3292 36.730111320298555
3293 38.396559474355534
3294 37.28117674346624
3295 35.73795816333109
3296 37.59719062592395
3297 37.71604224679133
3298 39.0459507622344
3299 34.130298951824436
3300 37.247490985051236
3301 39.77043062685326
3302 39.72900540522663
3303 39.387822761130934
3304 42.00117475471611
3305 42.365714163623494
3306 39.572872846111224
3307 43.032358707323645
3308 42.35592808754868
3309 40.79057293952545
3310 37.98705951915971
3311 37.31864180380295
3312 38.18767760154217
3313 37.98626598016044
3314 40.74828648490568
3315 38.49273149374186
3316 37.03386823308815
3317 34.90406247666414
3318 34.99162127885805
3319 36.37207899655855
3320 33.4560782739511
3321 33.64565090614737
3322 33.026062850049534
3323 33.35412554291202
3324 35.16556604416814
3325 33.20119621269941
3326 35.7102588471904
3327 34.02351858206641
3328 34.30159746125167
3329 32.93230547969763
3330 31.290433993638644
3331 34.61619009686225
3332 33.43503989024079
3333 31.549286114127778
3334 37.32271055791913
3335 37.42287727745035
3336 39.2246908232858
3337 38.338933078487706
3338 41.14880835333226
3339 38.57548209727604
3340 37.760942708605086
3341 36.954229975094826
3342 41.733539262786515
3343 40.022182154969194
3344 38.21075775761617
3345 42.910716409802156
3346 39.98540007062833
3347 38.8238667660119
3348 37.80641109143528
3349 42.856066190160675
3350 42.79986645966742
3351 41.87191928291536
3352 37.35804660645263
3353 40.65081211680849
3354 42.95248445041234
3355 45.71729394128752
3356 43.05514293990456
3357 39.90510122328781
3358 40.87907888413621
3359 38.21326458541404
3360 37.47565538006509
3361 39.11183249966758
3362 40.28357062536505
3363 41.54182090199858
3364 42.177085216316094
3365 39.57976455645949
3366 40.098564642833864
3367 39.484504485026434
3368 40.23870420554189
3369 37.743147982517144
3370 36.81945097455419
3371 34.14093618863779
3372 36.14439148163939
3373 34.61905690546446
3374 33.89898427278147
3375 31.059590685612076
3376 35.83767836164563
3377 32.36742944049873
3378 34.9498390914979
3379 36.76840081489963
3380 38.01320258867278
3381 38.00797616928173
3382 37.621355744575126
3383 36.1329704191323
3384 37.457963550530884
3385 40.14554374321661
3386 37.964511941697324
3387 39.5078865039684
3388 37.088795638305136
3389 38.36776959332848
3390 37.71594894391713
3391 37.07679394229538
3392 34.63580885512089
3393 35.67869529580485
3394 37.76810381708881
3395 32.97026776015259
3396 36.73557620020314
3397 32.58330594736834
3398 36.49353904027833
3399 33.846973305990836
3400 32.94036599562549
3401 33.7876709386752
3402 36.73988023271862
3403 34.82847544806759
3404 39.15369467289835
3405 33.00274898828805
3406 35.90365262317037
3407 35.19431245417988
3408 35.7817037819731
3409 37.74831170978276
3410 31.78359577736822
3411 38.408594863152516
3412 41.31850780911895
3413 38.05691091453142
3414 35.89586688947279
3415 35.7158191139045
3416 34.41448177470055
3417 34.933549446873855
3418 34.766738899329255
3419 37.440904636234556
3420 37.38042428347079
3421 36.22732964406978
3422 34.88222993006053
3423 37.469563652388075
3424 40.1366856577412
3425 41.890875588548404
3426 38.65846539237489
3427 36.300901086978264
3428 39.670925375511075
3429 37.04460305445041
3430 38.30850664420655
3431 38.826432605645216
3432 38.090038053511414
3433 39.84698912013973
3434 40.61993937704705
3435 40.00666484886473
3436 40.391904931755505
3437 38.11118112203366
3438 37.63320386934527
3439 34.175512570798816
3440 31.992222916025966
3441 34.657821235485606
3442 29.98978322667713
3443 28.981052735126987
3444 32.884877800649505
3445 33.91909407591882
3446 35.413928100631985
3447 37.326886679129764
3448 34.37237111921619
3449 35.41032635274154
3450 31.756848422765213
3451 33.03546956636281
3452 32.931542640996085
3453 33.38694799711129
3454 31.638336346699127
3455 31.55303970621524
3456 29.738965824002694
3457 32.58561864766612
3458 30.26672128198721
3459 31.288785322827234
3460 31.19242116822395
3461 32.415845976419035
3462 33.443729991957206
3463 33.31813913621478
3464 35.13657651529448
3465 33.964997729903
3466 30.50900791583922
3467 34.12987057133826
3468 34.012815313819424
3469 31.836815224242482
3470 35.638829123649494
3471 33.23825691496906
3472 32.28966902480346
3473 33.34032479645693
3474 35.232211916601244
3475 34.05741742310732
3476 35.41305123270147
3477 32.88579797218661
3478 35.02796764363594
3479 35.50233162451513
3480 36.145058696301724
3481 35.27346628800095
3482 34.38455118357615
3483 37.20093349473036
3484 33.76676210758907
3485 32.87372061390732
3486 32.400705342563455
3487 29.540904590902787
3488 30.20542053775508
3489 29.513060131293997
3490 33.159919401605045
3491 33.02638955033442
3492 30.79547546437089
3493 31.94130280570127
3494 38.049276889067286
3495 38.34629526528179
3496 35.41380980052624
3497 35.02267212140861
3498 33.546179594646105
3499 32.869086943798884
3500 35.76072435844824
3501 33.61195944904498
3502 30.463070821591064
3503 31.758541359878713
3504 31.693378229563674
3505 32.87116097495314
3506 33.81527018905781
3507 34.81718392289004
3508 35.26562102756667
3509 29.925195223614075
3510 31.567900420465957
3511 33.31679110019081
3512 33.54692784842869
3513 32.87488708930329
3514 35.66790942601133
3515 36.03384241545936
3516 36.67150158211049
3517 34.10144428490737
3518 34.19386452075757
3519 34.81384630501202
3520 34.608442383659074
3521 33.231635986755556
3522 34.87357781457094
3523 34.89927137109226
3524 33.43683690393536
3525 33.490764493364296
3526 34.47605378479215
3527 31.81543288254989
3528 31.688519080418537
3529 28.401146139968926
3530 32.162789925891495
3531 31.69672637163555
3532 31.56455220976546
3533 31.511273664705488
3534 31.960561225657788
3535 32.32308971474748
3536 28.945189140325713
3537 27.30720343652812
3538 30.717459150200067
3539 28.66998217462574
3540 27.50843542537837
3541 24.72275095490565
3542 23.788160328029846
3543 20.62168720249714
3544 19.300515586502495
3545 17.016710446043927
3546 19.257341872747546
3547 24.852854258523212
3548 23.52068262269653
3549 26.5066525696275
3550 26.55247930276065
3551 25.68602932629052
3552 26.050037576251373
3553 27.09371535073971
3554 30.350062843349807
3555 30.551274513373176
3556 30.113625220259546
3557 28.85831741474173
3558 25.350086635877155
3559 25.030157829513236
3560 25.269541244192407
3561 30.198678717543476
3562 33.971604110115834
3563 38.09127253350871
3564 34.69028948695196
3565 38.0625075755912
3566 37.577456797558355
3567 35.72829424446685
3568 34.848842677034554
3569 30.88736581612481
3570 32.34366519884169
3571 29.667268849663454
3572 27.821315284608282
3573 23.86184994426401
3574 28.140047504746384
3575 32.07294633178471
3576 34.99565905968817
3577 33.487151461276525
3578 35.899233037908424
3579 36.85902221654593
3580 37.90016682566701
3581 37.64362203605619
3582 35.73952188269079
3583 36.918563128792954
3584 34.716453024036646
3585 36.87602876100237
3586 38.0702138671161
3587 36.93399390238466
3588 37.64642943507795
3589 37.95107604058685
3590 35.14920376560707
3591 35.21237707035334
3592 36.95298018873223
3593 42.81531725989943
3594 42.793306477112246
3595 40.98323096156141
3596 36.7343231081667
3597 39.111391913359
3598 36.68711639347527
3599 39.174641028766
3600 38.6608916496607
3601 39.59348717949455
3602 40.29605905147434
3603 33.2538748290475
3604 29.863446762679917
3605 35.846099457449725
3606 38.373191593802225
3607 32.0466099155927
3608 34.65321001298646
3609 31.557641229343208
3610 31.092448466570787
3611 31.947673463558644
3612 31.727768931071626
3613 34.932931313788345
3614 34.84678370874647
3615 33.225639904127426
3616 36.45868082370139
3617 36.415390302618455
3618 39.06887458225439
3619 38.71892089091647
3620 35.646116669242595
3621 36.066956848898975
3622 38.955056014354994
3623 38.06458938518393
3624 35.063644896675356
3625 33.690346387442965
3626 35.68071785766116
3627 36.70132248222124
3628 32.761638040303936
3629 35.245701578745596
3630 33.05861474512071
3631 34.935356677764865
3632 36.72553462555952
3633 34.641844821146194
3634 37.82165830035879
3635 37.38309444413487
3636 36.726140485644756
3637 36.830649440081096
3638 32.3503579473917
3639 34.508462418037276
3640 36.15317133163513
3641 34.641570405888764
3642 32.290467285362325
3643 34.184370157508916
3644 32.67932484101194
3645 34.653392548713704
3646 33.02956480609746
3647 33.46940139334056
3648 34.14601654169525
3649 32.45934279538875
3650 35.02598695946899
3651 34.91186571132192
3652 37.54855178377737
3653 35.96071648727309
3654 37.591328838695546
3655 37.02220422615504
3656 37.40956544537491
3657 34.374292015795525
3658 33.4415389349033
3659 31.02839431190777
3660 35.59075934016792
3661 36.12412979870388
3662 35.796515722733034
3663 33.95695492242
3664 30.775885080629983
3665 33.71444786294152
3666 33.766243449258056
3667 34.5991071278154
3668 37.69188145133433
3669 39.29067937783743
3670 41.48600916719247
3671 39.17749540967555
3672 41.277623518304146
3673 40.38148867299901
3674 36.1938185548988
3675 39.07837396683196
3676 37.37162588887536
3677 38.240308382598
3678 36.46828389726337
3679 35.896653966117896
3680 35.83103949066637
3681 37.15392090562986
3682 37.57473450227905
3683 36.96821154000957
3684 36.54355857216423
3685 35.178386436002526
3686 33.70248066505568
3687 35.984931108599326
3688 38.02919252171694
3689 36.472227118555395
3690 39.41012160228445
3691 35.01337943664604
3692 36.101122785025865
3693 31.40866134978964
3694 33.441872345376666
3695 33.46830696746076
3696 36.99095204759893
3697 32.23263083283669
3698 27.825435544029943
3699 30.987152505781033
3700 31.4194662062269
3701 34.76641110598386
3702 37.90605631845112
3703 39.359253848021304
3704 32.506582768025226
3705 36.754307946458255
3706 38.40826920875936
3707 35.29681302259774
3708 36.577036001554994
3709 38.38180983201621
3710 39.27440036200578
3711 39.75860994132048
3712 39.44121729127986
3713 38.90235898054877
3714 37.82246974466115
3715 41.434760461005126
3716 41.529513258135935
3717 40.970239140880544
3718 37.62946321795028
3719 33.19942531187904
3720 36.73947588945241
3721 38.92131719595809
3722 32.07033110087578
3723 29.649334655805127
3724 33.06791593689715
3725 23.51173004407883
3726 26.851615699823473
3727 28.008622347479953
3728 26.008253248506012
3729 26.505347860624234
3730 27.587083440176063
3731 24.326902706995646
3732 25.003790583203607
3733 27.99312484620671
3734 27.656347838949312
3735 24.523484707666377
3736 22.965658686211437
3737 24.425165367561704
3738 29.49673171096664
3739 31.604108759403132
3740 31.820357801748305
3741 33.522356767133154
3742 33.141766963208426
3743 31.032259083007165
3744 32.22626728430391
3745 27.007602546944003
3746 31.572066074708967
3747 34.718413531460314
3748 32.93089197801202
3749 34.15613162149766
3750 32.59350537758227
3751 34.92888181621998
3752 31.112120537511704
3753 33.63262447096171
3754 30.636308228787858
3755 32.59878001254274
3756 36.3558619383188
3757 34.95671041275275
3758 33.65581471604961
3759 34.7549187074845
3760 31.47782564792242
3761 32.238373103371316
3762 30.889707032538865
3763 31.634221782442676
3764 28.88306952145369
3765 34.75618548357208
3766 35.53928501063644
3767 28.63214883979621
3768 25.621247188031088
3769 30.68045324354472
3770 30.367842400377768
3771 34.205787833279395
3772 33.98908567437682
3773 35.20153069938862
3774 34.24208796821149
3775 32.40757717855765
3776 30.88003280353497
3777 32.55474612260327
3778 32.06839408622282
3779 33.812413294073025
3780 32.42331666900848
3781 34.4398668942157
3782 30.20965902350237
3783 31.65487259327643
3784 33.52247703946273
3785 31.525745842353196
3786 30.416825457757188
3787 28.804136191887437
3788 32.13368575418208
3789 31.549127269378907
3790 34.56956693843381
3791 35.348287250423226
3792 38.39995741363838
3793 38.42638018860844
3794 39.03376967238383
3795 38.96460944711415
3796 38.90592191618277
3797 40.120888589716294
3798 36.550813302065876
3799 37.635213007167714
3800 33.90127982719977
3801 36.16744959598234
3802 37.22572648491897
3803 34.536995035901
3804 30.855259661843707
3805 29.031601084539115
3806 32.45353489697356
3807 27.361127088331212
3808 28.771091338333704
3809 32.96384324528476
3810 31.474527889962854
3811 32.613533433297455
3812 33.50217196971954
3813 29.320466047358945
3814 27.772057999090705
3815 26.496501286456503
3816 27.501562911728062
3817 31.356524519139203
3818 34.199256740819905
3819 35.26096002104207
3820 30.375249920105098
3821 31.13530108769612
3822 32.35869077560672
3823 32.03802402477089
3824 34.50616334807498
3825 37.713904538040104
3826 38.034338067117595
3827 38.62967665780001
3828 34.78593447630952
3829 34.206715726441395
3830 33.88651011483756
3831 37.430939276919545
3832 34.12395275973336
3833 33.78312973848814
3834 33.04418449375784
3835 37.79784791955894
3836 39.265801760607765
3837 36.23398138151584
3838 37.998504711356205
3839 40.60873971675151
3840 39.54173543480792
3841 38.497321156528066
3842 39.6257818807271
3843 38.27250158797333
3844 37.17886673193163
3845 35.099340446732676
3846 36.26319292615076
3847 34.68583449993922
3848 42.27017478299571
3849 35.73150833785365
3850 36.122040465707954
3851 40.00354969088189
3852 40.63218424533622
3853 38.85008492196326
3854 35.5394743567769
3855 34.429227418123936
3856 35.88799890437714
3857 33.825259034345855
3858 35.24246792552668
3859 33.87212450881923
3860 31.59091140834586
3861 33.573943176489365
3862 32.26414693291078
3863 36.68352744941903
3864 37.52795082138384
3865 31.079967780201027
3866 32.43083329498676
3867 31.90093678465749
3868 33.58232768402
3869 36.022757675899975
3870 36.42482318760294
3871 37.653242297521615
3872 36.132728410944
3873 37.562210353112455
3874 36.558201119096694
3875 37.76353391353175
3876 40.0190183578935
3877 38.12838864953495
3878 37.23438908098569
3879 34.554753392387944
3880 35.054389947088914
3881 30.369425986076877
3882 35.66201477093999
3883 38.53962947084385
3884 40.53974028063363
3885 40.51809915711777
3886 43.632981056246194
3887 41.2975184971599
3888 43.08744404983807
3889 41.529707207174965
3890 40.31126581802287
3891 35.512911571660275
3892 43.06675727142563
3893 40.39960048341717
3894 40.16281008223434
3895 43.81426591073353
3896 41.57997754953626
3897 40.35632949394625
3898 36.56703402730474
3899 38.668936196805035
3900 39.447204774685574
3901 37.271096976231796
3902 41.12463764820831
3903 39.09978044008538
3904 37.57688736586199
3905 35.41019728428635
3906 32.75277538695997
3907 33.39382875375678
3908 35.50720153042033
3909 32.17185490442337
3910 28.628103772430165
3911 30.493051132579698
3912 30.24927714646771
3913 33.46019410980572
3914 35.36488797551971
3915 30.339328421154043
3916 33.87983444440912
3917 32.40960401966008
3918 31.486553246871125
3919 30.944363112266327
3920 31.389322568981058
3921 32.15515726562061
3922 32.213333923562594
3923 32.7228001723258
3924 30.21768311312945
3925 26.412270421902367
3926 26.495739233679377
3927 26.069316119953573
3928 26.64614879644006
3929 30.747735846860763
3930 31.066283235268074
3931 31.603884836875398
3932 32.1410114949063
3933 34.997829425467636
3934 35.45070788694302
3935 31.358234712138618
3936 30.130918123295043
3937 36.329497642604814
3938 31.129974503022293
3939 34.53677390322661
3940 30.706406746088046
3941 32.54566295039734
3942 32.530111893163905
3943 31.133945731130165
3944 31.00695995817407
3945 33.150629560529616
3946 30.08827730397199
3947 31.155463887624403
3948 28.19501508044755
3949 28.255643275624127
3950 27.902441679342896
3951 29.09890573413244
3952 33.63809270056088
3953 31.008366399915484
3954 31.747709214746806
3955 31.390209856187518
3956 31.633205007206854
3957 28.4589708143139
3958 28.655823563590754
3959 31.276119294489526
3960 32.76072394910802
3961 33.89318925609686
3962 32.71529819772429
3963 29.02334850314436
3964 30.22920109935523
3965 30.17574065973448
3966 30.794758260692593
3967 32.8750995678795
3968 32.15877572476217
3969 29.978105439745587
3970 31.741413768419772
3971 31.596357072193957
3972 31.339826630950025
3973 30.136068561330884
3974 32.69765345634071
3975 32.63687751312649
3976 32.82610462562579
3977 31.80551579887034
3978 34.481338339535824
3979 34.13677004369081
3980 32.95757772581116
3981 31.153996170694732
3982 34.257934674098465
3983 32.418909340480226
3984 35.078010059917496
3985 31.674591805265052
3986 29.72691864642614
3987 29.21246690651429
3988 27.519108311293248
3989 28.36715220738728
3990 30.50320316046744
3991 28.668721825482734
3992 24.04495174724899
3993 26.78718480317282
3994 27.257690312035802
3995 31.775138006475053
3996 31.50238566924626
3997 31.382036293122024
3998 26.79670685488292
3999 27.589468192020732
