0 10.849215996658705
1 11.83417575895055
2 11.056512239504526
3 13.267890717598085
4 11.733403284066409
5 12.302304185482841
6 11.282954556860163
7 11.054407536783977
8 10.653299569425524
9 10.338420282650823
10 11.358396435441186
11 10.536762506090088
12 10.857391453452252
13 10.561862573437121
14 10.768869250269088
15 12.208903774928789
16 12.521730516534957
17 11.044668997422944
18 12.799790752951042
19 13.156238053798276
20 10.836733704396178
21 12.338546295269714
22 12.43376793961431
23 11.872629680139845
24 12.68222084954223
25 11.924733323939424
26 10.430641804653604
27 12.278940273678403
28 11.104608377586342
29 12.361665126085398
30 9.630455022706581
31 9.602413878181729
32 7.749065551753901
33 9.020842431462299
34 9.080059471446498
35 8.319313226714671
36 9.106186743818563
37 8.42619537889556
38 8.904523396783805
39 6.3617699167373045
40 7.27936414933612
41 8.124387545324929
42 9.065274141589843
43 8.53882237750085
44 7.716600478158726
45 7.8446559640751605
46 8.154932361684521
47 8.191722213429015
48 7.63021895516997
49 7.7268588715804825
50 8.915694995450503
51 8.730098703850944
52 7.194417236092794
53 8.837534415129937
54 8.042762404551869
55 7.011093797861675
56 7.734326435053472
57 6.735183781054353
58 7.208487210404806
59 9.314343154629269
60 8.505643211307795
61 8.309821561214475
62 7.132939620484953
63 7.267578064238714
64 7.690643696781626
65 8.876275363369269
66 8.649514458837295
67 7.592302086940235
68 7.1754230461588735
69 7.674403768351789
70 6.980990717564813
71 5.70010146647216
72 6.53841783423045
73 5.853389363392755
74 6.341934726541079
75 6.210658047565491
76 8.032510852154106
77 7.208006721864079
78 5.442338847191191
79 4.389958913626601
80 3.98757140972021
81 4.57378660184675
82 5.023261517590225
83 4.568149869198904
84 4.421686944482025
85 4.571512589238718
86 3.5364672254212506
87 7.161943509085194
88 6.856078256190808
89 10.043075433524008
90 7.870930826900458
91 7.2970610923989785
92 7.030154067561185
93 4.434456886412366
94 4.187985672337912
95 7.138571859494518
96 8.463790680126978
97 6.621156860750938
98 7.464821833994241
99 6.3465963241893135
100 6.666276223832878
101 7.5506938605746745
102 6.5626831468765685
103 7.8845537421942495
104 6.946288207042226
105 6.346925338166891
106 6.390980014295374
107 7.055181655740646
108 7.4261587775427715
109 4.609478379808725
110 4.4517960867284145
111 3.7459051458386567
112 7.63882945221736
113 4.231322173570139
114 4.367077187995467
115 4.880613075512447
116 4.359257618272449
117 5.001113667383394
118 5.557492606430319
119 4.390712721521922
120 6.569564951565783
121 4.5806133454454185
122 4.114096130212904
123 4.882776577864433
124 4.26644142254827
125 3.755369066626876
126 3.890215272420808
127 4.7169660181552135
128 5.963020956497624
129 7.806475793326403
130 5.638914848296003
131 6.482977107796637
132 6.554173481127196
133 7.358950371240094
134 5.515937959659967
135 5.681333554202604
136 5.147188635696237
137 6.664029621363227
138 3.263090889569217
139 4.231463370007568
140 4.506716471486276
141 5.207974566253411
142 5.711450089158907
143 5.83618734520064
144 4.103746748014366
145 5.16812198983608
146 7.743516012429031
147 4.967706579443524
148 4.015414263091061
149 4.723117736036964
150 6.0638512349623745
151 6.064344185950042
152 5.141379370022794
153 6.424755133200529
154 4.783535516352481
155 4.8411394691699465
156 4.582410105404346
157 6.3733707473845875
158 6.582477121685993
159 7.875605706107776
160 5.715826890330279
161 5.299765696656802
162 5.970865679897167
163 5.794994078093031
164 4.622283936959289
165 4.375077429569974
166 5.439302202117783
167 4.173916601992765
168 5.207903865653102
169 4.267411932569917
170 5.012641759327045
171 4.364033040269666
172 4.129308010094818
173 4.623577365338011
174 5.848059218902882
175 8.10941981427467
176 6.863914735722172
177 6.883851642165985
178 8.80666250077766
179 8.160658029468204
180 9.676723205482132
181 6.586148512207671
182 6.002434719942771
183 6.303523648268706
184 6.365842500049721
185 10.419996847560578
186 6.734315022280009
187 4.547687196181115
188 5.309011721278148
189 5.907811446022447
190 5.549763931107841
191 4.2952059685145985
192 6.836623043153131
193 5.593137790667096
194 6.17301740287617
195 6.220264244848184
196 10.158282097385378
197 7.798859925044167
198 7.685290869354469
199 9.213293434845976
200 6.574771400614247
201 7.075580156812213
202 8.738103128014357
203 6.223653506317097
204 6.103495540730691
205 6.704566678960278
206 8.968583819715183
207 4.440017149086831
208 4.139292545669957
209 4.153740205330962
210 4.46453154171322
211 3.9520128852770364
212 3.880027828864067
213 4.568345221148622
214 4.5976001979751695
215 4.754837043181829
216 4.780050720106818
217 4.702540679331537
218 4.800392714157412
219 4.887610435668595
220 6.564178317144812
221 3.7483232113789313
222 4.243858842866473
223 4.190459932289975
224 4.536777479966233
225 3.735958845807622
226 6.266407783687479
227 5.842800922462369
228 5.162952627021775
229 6.593157809300087
230 6.96095833483459
231 5.702826674590143
232 7.339568593032748
233 3.610097988618062
234 3.4916581742270343
235 4.24694555221099
236 4.381858708917107
237 6.7647347713427415
238 5.7597857313035234
239 4.477953279448724
240 3.488438379750363
241 4.511608832384351
242 7.223875224531161
243 8.946456194178916
244 9.193993148620107
245 8.058737839545337
246 8.493171458087026
247 9.3534201776225
248 7.511796959525705
249 8.104799215801973
250 7.171088387683454
251 6.6709592480976445
252 6.337181720777232
253 6.7088337988127575
254 6.897696699843832
255 5.0397625539092274
256 6.7865164733830445
257 6.156954377434478
258 6.556725368048005
259 6.159922401204269
260 7.761728806647315
261 7.739421715700521
262 8.703091409085342
263 8.114446290381764
264 9.25470709872035
265 7.370488120744365
266 8.77512859580271
267 8.754580959962137
268 8.035399105230079
269 7.286524831735818
270 6.77001524206367
271 7.399645629902118
272 9.186672031381423
273 7.373020993431166
274 9.225058227663204
275 8.917898376860581
276 9.197271857140832
277 8.867630619684725
278 7.808347524460644
279 6.997159721057046
280 8.031687833648194
281 8.674886884327908
282 8.4875434909095
283 8.611160265868723
284 9.279843528359955
285 8.318578172374458
286 8.299495403561995
287 7.2438258676078116
288 6.214813613609938
289 4.902093300265388
290 7.846043553051382
291 6.707738309683476
292 5.156185960315027
293 6.615657873125328
294 8.023746777300076
295 6.935188975548197
296 7.25220405587574
297 6.985876883871119
298 7.882748563730314
299 8.550988241995855
300 8.486226017648523
301 7.094472913320944
302 7.548796847316813
303 6.623104736776348
304 6.985519637818318
305 7.113166351863186
306 6.4393706251922636
307 6.7246745494725335
308 6.680256558428318
309 6.845889962351752
310 6.954879888126363
311 9.701838034140929
312 8.163280871002327
313 7.785723423908329
314 8.103374871474806
315 9.171211902635115
316 8.079443186792268
317 8.87441210325845
318 7.93699878702181
319 7.801725095663752
320 8.018310772331315
321 9.702285955018429
322 7.731475792226629
323 7.454825421514579
324 7.530392825404949
325 7.399173134379701
326 6.513232770766322
327 8.116131278430842
328 7.5460040851944665
329 6.472359922537044
330 8.32653610660016
331 9.216830387172124
332 7.018076589250828
333 9.253917217142892
334 9.186593451889664
335 8.813597884142014
336 9.72572692637406
337 8.334938105662573
338 8.907315748886594
339 7.568820377957058
340 7.056230469862513
341 7.072672921641275
342 8.222319128470287
343 6.604120531297225
344 6.6329729585374295
345 6.3492170670181025
346 6.953497254982343
347 8.877181554965675
348 6.707027106073127
349 8.115107759875691
350 5.916135777933559
351 4.729027455236315
352 5.580045739158788
353 4.868499585276642
354 6.52078886301513
355 6.4778362885561425
356 6.408764072073835
357 7.282226229038464
358 6.586434981375582
359 6.667744336287398
360 7.205884016468598
361 6.5285275124213085
362 6.070199959327147
363 7.261789271305225
364 7.1491039438126185
365 6.157931149469895
366 7.641608935194224
367 8.984617442665574
368 8.751876949102892
369 8.07191197907971
370 8.14945452823804
371 8.1707399271919
372 7.644212459408463
373 7.754940564601205
374 6.500810310343671
375 7.288775813327923
376 6.403093723602804
377 6.595878522832815
378 6.191501825983339
379 4.888369808019024
380 6.627938122524688
381 5.060647423941137
382 6.1446926472992125
383 4.8353156724260575
384 6.660800549832141
385 6.70959746539335
386 6.684815368183688
387 6.8767025441348695
388 7.528132379403471
389 7.900917124456517
390 8.307977985027893
391 6.096415095647903
392 7.264062311233062
393 7.7351631856038185
394 6.792809766518052
395 7.842070140238343
396 8.077188631921885
397 8.97839029862598
398 8.095613826792297
399 7.615169105530997
400 8.797167677780982
401 8.434264532789589
402 7.18242252112555
403 8.282868370401511
404 8.316392486220005
405 8.284553991702015
406 7.887872955054399
407 9.006664265364702
408 9.637188968958558
409 9.90111600782231
410 10.021590682502573
411 11.58616174368022
412 10.725310182677424
413 9.806499967233012
414 11.407502962082283
415 11.73033546577214
416 11.380347832717167
417 10.66800474068022
418 8.759915933062446
419 12.388329923690671
420 10.059362670577391
421 8.09330403340089
422 10.863232622757552
423 5.115991911800328
424 5.961909868463484
425 7.135654850128564
426 6.216567155249477
427 8.839483098137611
428 10.312478652615082
429 8.747026057314777
430 9.537573199667014
431 9.303988241270865
432 9.19716015414468
433 7.181895437780237
434 11.194986387903676
435 10.338820376074576
436 8.80608042823921
437 8.06489434484313
438 6.950131033291815
439 6.15879494048399
440 9.775526238657845
441 8.983048664325421
442 7.921140581552288
443 12.39816872589086
444 12.205491762981481
445 11.816469898482161
446 11.341911514015099
447 12.960757015387399
448 12.257227974184357
449 12.964575083140117
450 11.290793144179174
451 11.499063630057218
452 12.260233403176688
453 9.888588222147304
454 9.962767888933023
455 9.565459697069073
456 10.339615731531493
457 9.377106559184071
458 11.235703881540712
459 10.776771465669452
460 10.290210827180317
461 12.249230276691378
462 10.43649218942466
463 10.901277779875203
464 12.582159434964694
465 12.850548270169904
466 11.99656616347242
467 13.402978047973946
468 13.026603914217263
469 11.971251704337034
470 13.05918903737947
471 9.580097133316382
472 13.018666155818199
473 12.566373081068198
474 13.119370571500461
475 12.480072184151675
476 10.931717391691004
477 11.459327164566679
478 13.356464105251362
479 11.779696684402369
480 11.760186522632138
481 11.116512629001358
482 9.737755172193175
483 11.764465556824499
484 10.831391237953985
485 11.017377274815114
486 10.756459557542776
487 8.37388751658017
488 8.556426200947357
489 6.345993435897261
490 6.5394308811858926
491 7.308952208409917
492 8.40206767732274
493 6.382573261106522
494 6.912594396176672
495 6.316394652303532
496 7.744990872065292
497 6.392700652214121
498 8.002771681359429
499 6.213483578759445
500 6.184923895568272
501 5.210439554153987
502 6.6154307728486845
503 5.201635796046582
504 7.860167417639405
505 9.879999512492413
506 8.615156008738552
507 6.395832083625004
508 6.994192423508802
509 8.661650556113061
510 7.573288027113008
511 6.597127198647551
512 6.843943882191773
513 5.684748083672462
514 7.771571397890539
515 6.964825151714306
516 7.194731609471978
517 6.072449079515553
518 5.603082340468332
519 5.354042451705685
520 4.5794371369307925
521 5.979313952893276
522 6.250578180789894
523 5.098026362631697
524 5.372137309304728
525 4.58804756873516
526 5.9609823978096985
527 4.335058349322847
528 5.862633176378234
529 4.890040237621503
530 4.676652229958823
531 4.900404075939589
532 5.531133776057145
533 5.014936830275347
534 7.8693479501163095
535 6.60763911444121
536 7.290568606662387
537 4.002788686051191
538 3.6999289165675875
539 4.972451297770726
540 4.027092496468156
541 5.5644033020825585
542 5.05481245891216
543 6.004288501162616
544 7.105654572992935
545 5.151375258052724
546 5.152521178837621
547 6.2559267617801915
548 6.55008689413067
549 7.7012934941271
550 6.8907098386717145
551 5.917260533488279
552 7.559425226020198
553 8.104022478395054
554 8.75937009802059
555 6.9062181403346905
556 7.650547892126177
557 6.990296870907294
558 6.830420070413268
559 6.880825762739734
560 7.650312895854904
561 8.154395853632831
562 7.75233863117329
563 8.819230572155995
564 7.513607905031651
565 8.215867715329109
566 8.46924387896854
567 7.98134528583652
568 7.2507763814691835
569 8.082889717141455
570 8.906430238105239
571 8.52023181876425
572 7.764662160983413
573 8.338522728107488
574 8.386394019355693
575 7.2964544385401044
576 8.062092248055633
577 7.707177415917756
578 8.035203662992771
579 8.00577944284301
580 7.456282228716107
581 7.6531260748105225
582 7.109930775427716
583 7.181862048544256
584 5.907138142440806
585 5.9003246839081065
586 4.645691048241315
587 5.7441381514266
588 4.530360243523508
589 5.139960328881611
590 5.07315374295669
591 4.923258397968215
592 5.134344316691232
593 4.891911120878349
594 4.2559009227678
595 5.057154750100919
596 4.6862557647239065
597 4.238077053856549
598 4.971028007797549
599 6.1070257412017455
600 4.31844072971038
601 4.998000375545348
602 4.293073050443158
603 6.193886047638543
604 6.445287848167977
605 6.91947975108662
606 8.02288152008654
607 4.7480390042065554
608 6.168801402041613
609 5.719542261200755
610 6.638879680715074
611 6.6725220401603185
612 6.821928002935323
613 6.780863081413847
614 6.210239136322659
615 5.710768244107163
616 7.165467994298597
617 6.504860892341419
618 4.930731314498886
619 7.029186870950079
620 4.395129193303672
621 4.735737946540178
622 6.322983540063442
623 5.150780571141711
624 4.601666331062769
625 4.725583729809233
626 6.617375810955689
627 6.973143301843313
628 6.362807596621709
629 4.223544426842507
630 4.657350394229957
631 5.830431724527093
632 4.7125103596063616
633 4.508381193740237
634 5.204160777682636
635 9.540781620483477
636 8.366698475617929
637 6.126906935038101
638 7.333504041239007
639 6.788031851797849
640 6.1206645051646795
641 5.091674716010395
642 5.027448416676669
643 4.942275087982778
644 4.871861747004821
645 4.186857664745604
646 4.705302889651736
647 4.288737974220905
648 4.455322706008326
649 4.265833946953077
650 4.39111574351751
651 5.817400632301684
652 7.263275168389807
653 4.921794478829948
654 4.942788833390055
655 5.9008159677155145
656 5.25892678498366
657 4.585521706576274
658 5.047150693828181
659 5.457380473903027
660 4.6642182181472975
661 5.591455843291813
662 4.97108793730666
663 6.825671777641952
664 7.3784671662228405
665 4.102435514448229
666 4.539407361482709
667 4.654037985051758
668 7.88911528978312
669 7.326928732174085
670 4.837669544782655
671 5.004728319298358
672 5.085375298916735
673 4.407680128538839
674 4.578125518194367
675 4.098895592465788
676 5.084579863343951
677 4.770360498691508
678 4.523890558327851
679 5.422663191264502
680 5.315346935387066
681 4.685103441921361
682 4.336865779279376
683 4.49155504326029
684 5.121471037121128
685 4.181099879486405
686 4.035796819087488
687 4.781301105918688
688 4.354908576171283
689 6.017499913616822
690 3.5936490584692353
691 4.469162133908126
692 5.867504064716242
693 6.423016746829575
694 9.29808781281563
695 6.22475799725462
696 8.585529286801322
697 6.446873412975014
698 7.568891331191693
699 5.5995316498398635
700 7.192472175387207
701 4.112722833321194
702 4.455149226035334
703 5.219509514781258
704 5.420824883266151
705 5.606739871519999
706 4.640136425374461
707 4.715895350610335
708 5.394058785585929
709 5.729889650236492
710 5.494432409431666
711 5.577647690624253
712 7.732286853728195
713 6.664974417076095
714 5.860208410323377
715 6.309123711996251
716 4.21342364347753
717 7.13999481181741
718 4.3001301734699116
719 5.623424680635152
720 7.2269138262962915
721 4.263086096781122
722 5.630960388160609
723 6.267824835372251
724 6.5841900059042855
725 6.679323904356181
726 7.217948394449208
727 6.616992629721954
728 4.4522242846449664
729 4.605498516606954
730 7.737401026526744
731 6.801497510755016
732 8.365142836372405
733 6.819572568596648
734 6.919333389355859
735 8.025050111048166
736 6.265398790826538
737 5.812040677463448
738 5.9266936496478415
739 6.910291245014051
740 6.408070498022902
741 5.624963011883401
742 6.421829661099557
743 6.479099138046248
744 8.638722957802905
745 6.342615479994476
746 6.006114995478365
747 6.264457558199432
748 4.334215939920207
749 5.373541631279458
750 4.723770134362603
751 5.268850429405566
752 4.764020323485522
753 4.492738184388067
754 4.830587314591514
755 4.083228573782653
756 4.537186869427529
757 4.706717672980049
758 4.64466967948732
759 5.401234848880409
760 7.940312706668818
761 5.487914639388066
762 6.686597241330791
763 6.28875947789036
764 6.7431842719225585
765 6.824953622334472
766 8.359165488167706
767 6.265682110273977
768 8.757623545362323
769 8.675654609864075
770 6.441358192116765
771 4.399245835514116
772 5.483244063009741
773 5.953067458194964
774 8.48672737454403
775 7.474274981159915
776 5.405792976681598
777 4.198550526699057
778 4.154625282185155
779 4.681402275513632
780 4.909138726916742
781 7.179290363170402
782 7.425611505530386
783 6.303395453391307
784 5.265013335712094
785 5.232946833480134
786 9.941399230813639
787 3.721244817848624
788 3.541039428256313
789 3.9360915133516783
790 3.3386355791776654
791 8.440639045083435
792 5.661909802964229
793 7.71814795909723
794 7.181982346409843
795 6.65980675767104
796 7.035358882807691
797 6.783816097678356
798 6.487148456327278
799 6.289872171261239
800 5.926266344989659
801 4.940586431958136
802 5.509461105243893
803 8.184310043275506
804 5.328647874278408
805 6.50430865558452
806 6.234093620086448
807 8.249791485246863
808 5.060946196227693
809 4.387665953534551
810 4.308209370731157
811 4.379009079400573
812 4.994626921266805
813 4.671309988756371
814 6.368327031540047
815 6.566644427705497
816 6.166660930884225
817 6.777686233458813
818 7.083778415331715
819 5.39950714609417
820 5.506320765967001
821 7.726974247892228
822 7.227815842979264
823 8.298621642054819
824 9.461773548139147
825 7.754464533168877
826 4.61646453695156
827 7.592978580451568
828 7.828395629829383
829 9.802756885218853
830 9.01726193841629
831 8.814757261319425
832 13.752192750594316
833 9.130268885275356
834 8.795366133193355
835 7.019153237702134
836 7.073099896663007
837 9.891621076041309
838 8.908589464300933
839 9.892120262700494
840 7.333089030250993
841 7.556689640681342
842 6.993170385034864
843 8.100031101167117
844 8.714392796957853
845 8.412094068182524
846 8.226072689262049
847 9.73977586159806
848 10.187503091171601
849 7.5521172620296015
850 8.443258383077598
851 9.342564393271077
852 7.479762502924816
853 7.691675278907024
854 8.652181287254816
855 10.245433191877328
856 6.127478630117215
857 6.6956338194952405
858 4.841940028719389
859 6.571867831312454
860 8.361925523926336
861 8.68959266275698
862 8.099491924542845
863 8.83498189416886
864 9.287946375823509
865 7.198731594455461
866 6.486530026503084
867 7.8524435020984455
868 7.35897628493638
869 4.920389873324712
870 9.430815698478122
871 5.975743591370832
872 5.999278660967272
873 6.261854307320727
874 5.632617003843951
875 5.719570998837517
876 6.2446010166711305
877 6.121980796207424
878 4.185283263909496
879 4.850920292957853
880 4.20370705198229
881 7.506408267127887
882 7.922511635608419
883 8.029360096619298
884 7.214143616013473
885 6.911237438001988
886 9.079848822740825
887 8.063251589676975
888 7.830042807929142
889 8.70233134245076
890 7.935954894675757
891 7.810246927095395
892 6.698001962163821
893 6.4020052807224195
894 5.963809533965137
895 7.119785023542929
896 6.722523729515344
897 6.308063988607748
898 7.56647924550385
899 6.374075302173517
900 6.267616257710851
901 8.285456869129243
902 8.52247035737296
903 9.290285718896348
904 8.889680446253099
905 5.593299823339318
906 6.633091089084795
907 7.772850262835196
908 8.607160386733812
909 7.000222194423898
910 7.7269407242946
911 8.18489138619411
912 8.661508190774821
913 8.051655286096398
914 10.4399650901382
915 8.009088239316068
916 7.601401286929362
917 8.905268361441012
918 10.021323212150865
919 10.739298784280397
920 7.5536863795697915
921 7.254928119085488
922 6.895614894852171
923 7.569975470070406
924 7.470500365206137
925 6.921807025699117
926 7.515315488572724
927 6.7870428521462065
928 6.628664931527282
929 6.438045345016327
930 7.415042058768662
931 6.186995800111907
932 5.9247934154075415
933 6.669248195547236
934 6.5291119701741245
935 6.477999213950078
936 5.239268309508332
937 4.810853522217489
938 5.712456410024438
939 6.090193167028546
940 8.154249609357711
941 8.785719733790575
942 7.170555198192009
943 8.736718963283874
944 6.928335695591065
945 9.943183425391403
946 8.223190394210322
947 9.653145527477418
948 7.473554860241523
949 6.538605640987041
950 8.948178486404984
951 8.514445293954344
952 7.1280137531536525
953 9.458233213319152
954 8.13229153384657
955 8.368426408038673
956 6.55646885343714
957 5.361727683476044
958 6.117145640289263
959 7.911752633462951
960 6.3941337873257575
961 5.415424043857569
962 7.776192401019904
963 6.250832815190009
964 7.153744028422904
965 6.495504189162575
966 7.737325176240163
967 7.394003169595515
968 6.082690398969852
969 9.246433500524475
970 9.988859379135612
971 7.449299545640081
972 6.851735361158674
973 6.357596895718391
974 6.45741246433312
975 5.994588596407058
976 4.541853310233532
977 3.928278541714606
978 7.183357962540568
979 7.911663573266339
980 9.600579164276468
981 6.050509994211431
982 8.102431789138326
983 7.1810124676817635
984 6.255554650388488
985 6.813704638900469
986 6.403062809148612
987 6.432192686405718
988 8.888804952365426
989 8.222154028153376
990 6.791166976030725
991 8.0417348419615
992 5.374495076163807
993 5.678388645627488
994 6.150383894824253
995 5.890700956447688
996 8.324519698607302
997 4.697913471318456
998 6.717131718259007
999 3.208913761205595
1000 4.831135187570038
1001 4.403216955747076
1002 4.6031235415176095
1003 4.555499905790545
1004 4.17405598278997
1005 7.4423501344694625
1006 6.279919467575193
1007 5.236572626260844
1008 5.713143601918393
1009 6.656575020633553
1010 5.674121692214952
1011 7.9180585363438025
1012 5.265853625511698
1013 6.219075466275875
1014 6.268111891804
1015 4.131707305478086
1016 5.727285530674609
1017 4.46109977951349
1018 4.708367017370862
1019 6.705168560918921
1020 7.281356684822535
1021 7.50312411262987
1022 6.312467052139897
1023 7.695218750868166
1024 9.924751912573226
1025 7.761002047328868
1026 7.021724912228032
1027 6.574843894188167
1028 8.31110117148374
1029 6.75754486399931
1030 7.816321526250307
1031 8.249069540671842
1032 7.463599391349937
1033 7.839329965212704
1034 7.894170299543356
1035 7.001438741867825
1036 4.615762220112917
1037 6.634744274174667
1038 7.813904388241719
1039 6.501872630310731
1040 8.240984310644592
1041 7.943779932734439
1042 6.4803014571120565
1043 7.189985738126372
1044 7.411860054216161
1045 6.771624827925916
1046 8.786472413321155
1047 8.427593820990488
1048 8.121356449570419
1049 8.715344232017221
1050 7.499702723511141
1051 7.149728999586325
1052 7.959913585212759
1053 8.28435582772786
1054 8.635675631934566
1055 7.691464220253613
1056 7.394317146747116
1057 7.381045483287151
1058 5.891247416228085
1059 6.396112312891614
1060 5.5984581761450976
1061 8.030387831612837
1062 6.852431730639128
1063 6.184992564629599
1064 5.720839983966968
1065 5.709484030201297
1066 5.089341157841074
1067 6.1864636214887465
1068 4.888481519921092
1069 4.917238840157426
1070 6.759868974880176
1071 7.313033250410717
1072 7.934027621374742
1073 7.207817231844004
1074 10.31774021475602
1075 11.314190570410801
1076 9.972244749956234
1077 10.724039569012241
1078 8.337413098408275
1079 9.475487388827425
1080 9.246001333230296
1081 8.541539157831878
1082 9.6549864095057
1083 8.93719706856199
1084 7.691403229529005
1085 8.280625078326416
1086 8.726038689156152
1087 6.954995964722051
1088 5.997596586562527
1089 6.021650441394295
1090 7.291867207146703
1091 8.001097709281556
1092 7.3478044815553645
1093 7.147885411078982
1094 6.141174734280976
1095 7.410138110955779
1096 6.919291756835183
1097 8.109845961564998
1098 7.7076809492103004
1099 7.228005384489915
1100 7.15595616150447
1101 6.998981500278108
1102 5.961507592364163
1103 7.337717680706663
1104 7.195744321157232
1105 4.938392474222164
1106 4.467092521130349
1107 3.7451930246502854
1108 6.422659783394441
1109 8.129318236260502
1110 4.2304471474895
1111 6.257231364724442
1112 4.901692614045932
1113 5.034509588021273
1114 4.168483415408986
1115 7.018689791141423
1116 6.614224391002765
1117 4.963042476279537
1118 6.488268296044484
1119 6.207686893511359
1120 6.0511319324953465
1121 6.566579669198663
1122 7.133448915573426
1123 6.6630288658254235
1124 5.974865064735445
1125 8.546075439840973
1126 7.194856937995229
1127 5.604134021231279
1128 5.13414596765523
1129 6.118371777147137
1130 6.580428829897594
1131 5.294350406861991
1132 7.253552925169307
1133 5.5004469982364235
1134 3.6345890535157017
1135 6.752302324414552
1136 5.714520621049937
1137 5.950139680128075
1138 6.345344346524568
1139 6.494825582967345
1140 6.465195853809113
1141 6.1936061664164015
1142 6.505443575350343
1143 6.575995623144379
1144 6.498277580346476
1145 6.460655485229171
1146 6.021826484467354
1147 6.478472228937178
1148 6.838107161806513
1149 5.895924134647855
1150 6.260121320163952
1151 6.85290291202218
1152 8.250408880870621
1153 5.9989886758718605
1154 9.269126494361103
1155 5.919977737994866
1156 5.122964320605775
1157 8.479218697430277
1158 8.525993391259568
1159 7.1977442734242025
1160 8.181483912678623
1161 7.688553074476254
1162 6.37273318300948
1163 6.5332209691405225
1164 8.404588628063774
1165 8.229848307959768
1166 7.2778614006207745
1167 8.486235578383537
1168 6.401280558195065
1169 9.42339982781295
1170 9.458748036420547
1171 10.21710445037545
1172 6.752331899147296
1173 6.599362330312274
1174 5.255330686287038
1175 5.940212292224788
1176 5.146638740196096
1177 5.857214280200311
1178 4.801596058752632
1179 4.672136742557175
1180 6.3437907729171314
1181 7.245624160235811
1182 7.196892824721448
1183 9.11086717191088
1184 7.925461072279094
1185 8.88665626649195
1186 7.633031342176554
1187 9.224250436116618
1188 7.881628473990445
1189 8.822217654322568
1190 7.4840356608624
1191 7.042353522154681
1192 9.344714061455791
1193 7.330275602745827
1194 9.150973734333265
1195 8.392007549662411
1196 8.371053790721737
1197 7.722825372591128
1198 7.95588330274737
1199 9.052203372641632
1200 7.817618821728329
1201 9.041355914279999
1202 9.159457919480722
1203 7.4785197877406455
1204 6.2118758882979055
1205 7.012586114887819
1206 6.5237799089564845
1207 7.298811565179436
1208 6.580836092650322
1209 7.054746087373756
1210 4.99973551644953
1211 7.115064964985477
1212 7.1796832390607594
1213 5.038546328012683
1214 6.446155117475195
1215 6.371190211916404
1216 6.9341973066981675
1217 6.754853555863864
1218 7.034897652997783
1219 6.230095948888434
1220 8.125310038181931
1221 7.631296489026621
1222 6.740482589583712
1223 6.626002852651753
1224 8.502526147164572
1225 7.3941441789344315
1226 9.2358645711832
1227 7.048111374568122
1228 8.988100584858119
1229 9.31647766279246
1230 5.914040524286573
1231 5.665532621643357
1232 6.867006828722265
1233 8.433061891296378
1234 8.86832720357391
1235 6.945529327075109
1236 6.9457097188994705
1237 7.808800956956357
1238 8.76278279224731
1239 7.849515705553034
1240 7.717030790955671
1241 8.66622665946659
1242 8.18266488543412
1243 7.700705706779046
1244 7.828433615349198
1245 8.509684384228343
1246 6.9518872247046355
1247 7.679434025660914
1248 7.457531092232296
1249 7.20008443883099
1250 8.430797167199211
1251 9.089423305907049
1252 8.430147237649717
1253 7.979341200327165
1254 7.097318874176791
1255 7.574936752458998
1256 7.594945047912204
1257 8.174449310715046
1258 7.214635587986519
1259 7.597296102203191
1260 8.268296259691132
1261 10.34234808327377
1262 8.260786375016364
1263 8.73373075612722
1264 9.5440274532909
1265 7.731440891620839
1266 9.707112144322506
1267 7.629521071936552
1268 9.630348435214025
1269 7.415984803489379
1270 7.060568075339819
1271 7.206589183833971
1272 7.9460913622623774
1273 8.327637959982535
1274 7.728741498780661
1275 7.563791885280574
1276 7.43886164590617
1277 9.24980402183303
1278 8.255273709088371
1279 8.673447787762395
1280 9.78562973956986
1281 8.51559403433556
1282 10.35978427117208
1283 8.036693354878537
1284 7.3790144055128115
1285 8.77882730236498
1286 6.763986049889154
1287 7.796885261105946
1288 8.325761244352234
1289 8.983416493652157
1290 6.953631762891852
1291 7.567111024141507
1292 7.248002417137577
1293 7.372078631923808
1294 7.474646279003145
1295 7.515199400241103
1296 7.163933408177629
1297 8.069071801100403
1298 6.766200397034092
1299 8.023709315054646
1300 7.318015457730713
1301 9.83796158321744
1302 6.955986213253193
1303 5.207936625730617
1304 6.310237492471752
1305 7.134840985938593
1306 7.318880733209405
1307 7.416008675403611
1308 7.869042545312328
1309 8.525812964141434
1310 7.327058198016758
1311 7.934582337999365
1312 8.890996835445995
1313 7.220866976793458
1314 8.434310377740992
1315 8.655400301180961
1316 7.924333792485285
1317 9.542667842950802
1318 7.725019678807425
1319 10.756970236272288
1320 9.6221668811644
1321 9.216153127057694
1322 9.890341569116265
1323 11.458553599006853
1324 10.98448744133338
1325 10.81233179649248
1326 9.934180013771163
1327 10.087921636235206
1328 10.632631336101278
1329 11.644548804568974
1330 10.771741453517668
1331 9.852295113066653
1332 12.15704851923654
1333 11.992294669125714
1334 11.542572584891834
1335 11.118244027185481
1336 10.031103342802714
1337 11.48930159591201
1338 10.139075709211978
1339 10.540268011116574
1340 9.529846111287338
1341 8.695034340036015
1342 9.672025502342295
1343 10.588360234756326
1344 11.606563816273976
1345 10.586872031045067
1346 10.817817159299633
1347 9.021156406095796
1348 10.364370771796633
1349 9.698641746342275
1350 11.306170919651032
1351 10.777626494011184
1352 9.520151984195689
1353 9.989746642232065
1354 11.856667533962783
1355 10.21634404226028
1356 8.406437744113749
1357 11.297371369562823
1358 9.604824730707014
1359 8.811359823215533
1360 7.469847723313958
1361 8.647190062879396
1362 9.457182823648626
1363 11.730750502739262
1364 10.108969743633915
1365 10.097928682050537
1366 9.9059438164612
1367 9.8914055223026
1368 10.339169901881911
1369 9.801690704513891
1370 11.166661438717023
1371 8.762931499003624
1372 8.439988498407441
1373 10.214811945340568
1374 11.041697463653428
1375 8.918653816632558
1376 10.170570907024294
1377 10.672358764985592
1378 10.632411178880957
1379 9.730548531898206
1380 11.837760445775741
1381 11.530930267869463
1382 8.307877507479144
1383 6.702305326733412
1384 6.712832321818708
1385 4.838051776686171
1386 4.043769208396836
1387 4.362201448763404
1388 4.3524038625873
1389 4.696166490899896
1390 4.6486238049303825
1391 5.421136141893977
1392 3.9212527075220285
1393 4.023023595669677
1394 5.156046690705826
1395 4.495157422795099
1396 6.162608542961309
1397 4.410508423026198
1398 5.4361735975931795
1399 4.326311383106616
1400 4.490311620304351
1401 5.688602772455181
1402 6.310486413198369
1403 6.6368262486906096
1404 3.4845556855229924
1405 7.9808602314795305
1406 6.395424150042489
1407 6.685067325242536
1408 7.996874801411993
1409 6.627771161915019
1410 8.165680805201948
1411 6.642362342072548
1412 7.155120481481253
1413 8.000963740866442
1414 9.055699287647082
1415 8.4667263557569
1416 8.754323812083141
1417 10.046482299062555
1418 10.407915632628816
1419 8.381959238837128
1420 6.636289647019282
1421 8.630473918101503
1422 6.927904154335495
1423 6.611338125692138
1424 7.097336640699443
1425 6.322850906003989
1426 5.123590483138083
1427 6.957933593126884
1428 8.370388839722478
1429 7.485483161987909
1430 5.148020745662948
1431 6.481003891481578
1432 6.227641674375007
1433 6.142502427432848
1434 8.171197775559124
1435 6.331888308478843
1436 6.756572971724493
1437 6.784696257252396
1438 7.523093211027921
1439 6.639737418005227
1440 7.310781861662606
1441 6.635211192267737
1442 6.020012473931959
1443 5.879099330095465
1444 5.471877463981903
1445 6.259853919191308
1446 7.020633939225042
1447 5.026016588587515
1448 5.2739311413243275
1449 5.077396502038014
1450 5.785792096780402
1451 3.7511309501843244
1452 4.190347595390642
1453 3.880356839202728
1454 4.113234572078106
1455 3.696276292257852
1456 3.7416750539960275
1457 4.165714770556775
1458 4.15413173740412
1459 3.889429801714217
1460 3.7709916179029705
1461 4.058038112858684
1462 4.1641795148931635
1463 3.4148989787433095
1464 3.770042506008583
1465 3.6860279794112953
1466 3.8397120698135843
1467 4.232599706756134
1468 3.6005959738354916
1469 3.458081878236902
1470 6.268050689670052
1471 4.371812954825263
1472 6.912217668991171
1473 6.148018490781384
1474 5.722457144665065
1475 6.717497030709618
1476 6.483418923267965
1477 4.961047714961933
1478 5.52700862594661
1479 6.544570265773708
1480 3.9634481312200713
1481 3.6786701760382887
1482 6.4955995883109345
1483 7.038392506028558
1484 6.70342042079944
1485 6.2841301463183585
1486 5.414007969337227
1487 6.2051754404231305
1488 6.192265350110281
1489 4.183481981904861
1490 3.952503524884067
1491 4.258171806209016
1492 4.165604114252566
1493 4.539690176554889
1494 3.973176259592583
1495 4.209818204705538
1496 4.23814641073978
1497 6.476171946285702
1498 6.815513036468044
1499 4.4843186007288995
1500 4.354956057792891
1501 3.343046867738429
1502 7.250828485228695
1503 4.495812600612253
1504 3.3434641895142936
1505 3.499806120771419
1506 4.501643147446676
1507 3.4600546475991614
1508 4.1541067395923275
1509 3.904041298188082
1510 3.3146469779896366
1511 3.6090820243206796
1512 3.782665512292314
1513 4.156786467162681
1514 3.855437682039335
1515 3.9791094029065563
1516 3.89540878172642
1517 4.103104802119532
1518 3.870335221933361
1519 4.322684660264856
1520 3.7681142539738164
1521 4.039200170252142
1522 4.03720795448337
1523 3.9502888036249297
1524 3.6589691144829586
1525 4.5314570733019535
1526 4.450095771236037
1527 3.856313582139084
1528 3.8970162065583978
1529 4.009900738447274
1530 3.734064420651273
1531 4.065964172622072
1532 3.835361201075139
1533 4.2401015766379455
1534 4.063250677070031
1535 3.8551253222777833
1536 3.847187752887537
1537 3.9538389375691048
1538 4.305076586136571
1539 4.391491671965147
1540 6.875292780323968
1541 6.6948962889136565
1542 6.618488710980727
1543 6.388714965056373
1544 6.451048918157661
1545 6.462593613986835
1546 6.629649195800148
1547 6.387984475452447
1548 6.4253726559979745
1549 6.334754128120113
1550 5.92656238559521
1551 5.537195982658783
1552 6.032633345337093
1553 6.219416849041807
1554 5.018937390910598
1555 5.629275017741593
1556 4.363035686766663
1557 4.057548545437649
1558 6.401270569310682
1559 6.005956885561435
1560 6.219775076614347
1561 7.114899256877476
1562 6.352844472652882
1563 5.976808198511363
1564 8.499186683430665
1565 7.0812629047694315
1566 6.417560794781269
1567 10.903271636151835
1568 8.385303004760408
1569 4.603932010501181
1570 4.675025212723304
1571 7.037708665431924
1572 5.737599539097339
1573 7.679059394329626
1574 5.311941569502015
1575 6.175619593529206
1576 5.580697484202916
1577 7.239455536043752
1578 6.626757014507652
1579 4.713150304548248
1580 7.394372073144734
1581 9.08324620675396
1582 7.855499256418174
1583 7.084388440837509
1584 5.45421177633927
1585 6.024297569096754
1586 7.372593179751287
1587 9.811823431509053
1588 5.926204127987663
1589 4.204154305396891
1590 6.685445538640852
1591 6.516310821481673
1592 7.211502265815616
1593 8.388953950857587
1594 4.527658290043346
1595 3.9701747863572843
1596 4.741547489154999
1597 4.587667159255231
1598 5.046256716531886
1599 4.579092795111285
1600 5.684868593051239
1601 6.05194821754601
1602 6.539424615012349
1603 7.000850078139977
1604 6.319570194217222
1605 7.0913620017351
1606 6.845946323608074
1607 6.51849631968256
1608 5.618461205716906
1609 3.929426438782711
1610 4.46040462906159
1611 4.037085745575907
1612 7.67676120023358
1613 6.704903057044026
1614 6.394227902702608
1615 6.370657074173037
1616 6.5595947754849755
1617 6.586911421125602
1618 6.432060843658925
1619 6.64727969563432
1620 7.941369878506566
1621 5.9367107269488315
1622 5.71644232270367
1623 6.761834763806279
1624 6.096388280571557
1625 6.283635632816435
1626 6.622822458232377
1627 7.016067448293772
1628 6.63934464654585
1629 6.882939268295176
1630 7.48229915181627
1631 7.6914865037679885
1632 7.198734642805808
1633 7.502886573306649
1634 10.105753427558398
1635 9.32288437082111
1636 10.209934447472225
1637 6.169906948394682
1638 9.054991379519848
1639 9.523734392400737
1640 7.821526061995507
1641 6.271734690299314
1642 8.161088725107323
1643 8.781035178546606
1644 6.944258751926254
1645 7.155106006628015
1646 9.352494576496749
1647 7.967871490316277
1648 7.024628631482961
1649 6.576656209215637
1650 6.037324714842884
1651 7.737367732997743
1652 7.567713471766406
1653 6.5464044818914395
1654 8.523583190070184
1655 7.50331532850777
1656 6.430479244896668
1657 8.470186740407415
1658 7.9291837434552646
1659 8.382111410933833
1660 8.321826047180496
1661 10.090506658557779
1662 7.169223019243281
1663 6.1157476981668735
1664 6.136684330495221
1665 5.87945563321778
1666 7.109549220795929
1667 6.9435605148077695
1668 5.646883575615814
1669 8.182603381175637
1670 6.976755234678731
1671 6.47725220115281
1672 7.868301628320764
1673 6.565321159298777
1674 7.7121041010852105
1675 5.8882495504449235
1676 5.9339713689977245
1677 5.369689714248342
1678 6.404779947772885
1679 5.959500147797432
1680 9.023842345509847
1681 8.514103626875789
1682 6.868676865806863
1683 6.768061744696794
1684 6.802765107330906
1685 7.58043725240819
1686 7.286066823944671
1687 6.56374594846499
1688 6.736044870603669
1689 8.217242188411578
1690 8.084091860024765
1691 6.24702032715118
1692 4.6651634711354175
1693 6.78579476407542
1694 6.461548941761797
1695 6.919065388520438
1696 7.093957367908712
1697 6.11755869657144
1698 4.269947650389385
1699 4.587317611550609
1700 4.585930206755158
1701 4.3526378264768315
1702 4.440271634507057
1703 7.21661502663731
1704 6.178828789351189
1705 6.318033213888419
1706 4.567437978650169
1707 7.403509930818137
1708 7.492310196209379
1709 7.520528435326305
1710 3.4094956040078443
1711 4.439863490751375
1712 4.7994019645792
1713 4.244463211824839
1714 4.618427860075905
1715 5.6492026105756326
1716 6.1759528421252545
1717 6.061912561840808
1718 7.033858717799702
1719 6.2710359523621015
1720 5.663835645132492
1721 7.742131034817275
1722 6.214169639128619
1723 4.4298672615633645
1724 4.357685609011513
1725 5.176701293586833
1726 5.073926813184217
1727 5.038268405043474
1728 6.735656876139363
1729 7.2672893728803665
1730 6.337368264687239
1731 4.448461578492164
1732 4.73455642155319
1733 7.094258135192444
1734 5.3367440054501705
1735 5.76714906613113
1736 6.633571925032261
1737 6.167016250356733
1738 7.55663170721072
1739 4.3674575410188385
1740 4.556389752673554
1741 6.231730641840763
1742 5.7261641537294
1743 6.184290510542327
1744 4.26928927553106
1745 4.682875420158569
1746 4.655275650939107
1747 6.411515259291639
1748 5.801378908111443
1749 6.205818115468781
1750 3.7931908723473065
1751 4.495329852379647
1752 5.104827125878636
1753 4.553900403792072
1754 3.998885703205824
1755 4.560807807783012
1756 5.099843409787665
1757 4.48816441293051
1758 5.312724664635902
1759 6.333584492515354
1760 5.32373576717488
1761 5.782941471492009
1762 5.261809185501268
1763 5.449877309763294
1764 4.602394328325436
1765 4.574801303437869
1766 5.213041931924839
1767 8.622911618806208
1768 9.514794786904659
1769 10.79497032907034
1770 9.857169333866784
1771 9.3642576864866
1772 7.53505695561954
1773 5.214356111545555
1774 6.866264840633565
1775 7.927959597071163
1776 7.292066124176075
1777 8.555968111150204
1778 6.742091280910395
1779 6.235099546670647
1780 7.367306734217598
1781 6.75479567717132
1782 6.66836130054445
1783 6.320945168629972
1784 6.143009401404379
1785 8.001123241472452
1786 8.172098893343206
1787 8.515956973626837
1788 6.603109930006382
1789 9.004333226137211
1790 10.03552485449487
1791 10.514525947603055
1792 10.92127742576967
1793 10.269932513454343
1794 7.882379349028749
1795 9.431219535920736
1796 8.5407763810846
1797 9.366120384179576
1798 9.315700149571933
1799 5.382333202961894
1800 4.386114258244351
1801 4.49964911147477
1802 6.871363210713513
1803 4.533411841524807
1804 6.296268200155834
1805 3.715007644391491
1806 8.163887768144958
1807 5.829701188565249
1808 6.24688806566751
1809 5.131379982007095
1810 3.7202566000204405
1811 5.270138351298338
1812 4.682199899878423
1813 3.9920028274664205
1814 6.202293099428167
1815 8.160342814419076
1816 6.508769288069662
1817 6.6789291968988795
1818 7.337767678276832
1819 6.168749397951496
1820 8.249674866230848
1821 8.914206353601259
1822 8.648567367229507
1823 6.378205005325787
1824 6.564144344489032
1825 6.3976447645216785
1826 4.094188503863793
1827 4.5808897226875915
1828 6.939168814453902
1829 10.538763746245056
1830 7.772877429833798
1831 8.114988412280942
1832 6.204610530636437
1833 6.438002637016379
1834 5.115049202614471
1835 5.165707635071677
1836 4.419475191243208
1837 4.728393506756521
1838 4.356188977415006
1839 4.213943618337593
1840 4.010792823810531
1841 3.7170624006049993
1842 4.018036230269252
1843 6.7722875027003315
1844 5.210595392228096
1845 5.104176036971373
1846 6.446562473210477
1847 4.163980956946722
1848 4.209962568156927
1849 6.643608525457086
1850 5.537684483333631
1851 7.762873984234213
1852 5.875095047253071
1853 4.146482423323514
1854 7.848774662434134
1855 6.172145464381217
1856 5.334316214307654
1857 4.162762257132912
1858 5.256926099305832
1859 4.391429924818776
1860 5.294615657390844
1861 7.535484696167411
1862 6.8392080873458845
1863 7.106534179693633
1864 5.86265633350084
1865 6.5478985396634375
1866 6.492399900926774
1867 6.256567365827002
1868 7.9023066432433104
1869 6.441796887789232
1870 7.677441534328339
1871 6.238714815642335
1872 8.08717150645055
1873 4.444128631048468
1874 4.087017823678104
1875 4.452524639291894
1876 7.534823312083988
1877 6.247970538577898
1878 5.036394320290528
1879 5.540594385414703
1880 4.360506785695115
1881 4.936675332089253
1882 5.419995944001788
1883 6.5429088716166435
1884 5.486762961254799
1885 6.515046118888103
1886 8.36875298375375
1887 3.9427405381960714
1888 4.921727515404489
1889 3.928043370493213
1890 4.987792062232548
1891 6.703284020021515
1892 6.9935223976854095
1893 4.642201684396426
1894 4.199576182576242
1895 6.679111591088329
1896 7.976023508666932
1897 7.480113044148841
1898 3.543066517696129
1899 3.290297906275177
1900 7.066145940166896
1901 5.265180733489872
1902 9.073232383063225
1903 6.867653392314213
1904 6.978289766774102
1905 7.605884080241366
1906 5.42820127985903
1907 6.545794119960269
1908 6.262327503912885
1909 5.964705820126795
1910 6.514299462931924
1911 3.8946339737578644
1912 6.085865166800672
1913 8.496384363899983
1914 7.173419674964131
1915 7.4757686057877955
1916 8.222289931711178
1917 6.781056741334048
1918 5.95459679742352
1919 5.837429717823244
1920 6.620523722383426
1921 7.165895227864242
1922 7.748968929475954
1923 5.738241476372031
1924 6.655667436607072
1925 4.730948837288683
1926 7.197110226658918
1927 6.939197618423075
1928 5.830206189924171
1929 8.11203516036597
1930 5.8342108909112484
1931 6.970822635686969
1932 8.236586039211682
1933 6.021821573921187
1934 8.807384651990878
1935 8.494670722127518
1936 5.070505343854689
1937 7.232020463591408
1938 4.763094820889509
1939 4.531430366005054
1940 4.77782559513538
1941 4.626967598209889
1942 4.792665837779901
1943 4.978076323945333
1944 4.608902870067368
1945 3.979480739715927
1946 4.199836793056305
1947 4.358084886095311
1948 8.182620603814346
1949 7.231394043131781
1950 7.674082682074749
1951 7.326829226491684
1952 7.1905308694889785
1953 6.838207228095669
1954 10.067119608690325
1955 7.576434686158212
1956 7.646384516936773
1957 6.750779940295762
1958 7.965908864567136
1959 9.613899353158445
1960 6.548452442818331
1961 6.046349043570151
1962 3.978251873096001
1963 4.543418385795766
1964 3.478246966386974
1965 3.7931573568286745
1966 5.183841929969049
1967 4.46434025691942
1968 4.293460292173871
1969 5.5611155412974265
1970 3.8584875940132974
1971 6.921104714455728
1972 7.6952271870449955
1973 8.45088965723778
1974 9.026609106422168
1975 5.8898520084501635
1976 6.690875915601239
1977 4.095624492379196
1978 4.088976533472092
1979 6.634932775017612
1980 6.132715589621544
1981 6.949180744876036
1982 7.38535689059804
1983 7.025306659987051
1984 7.814688104905877
1985 7.39039308505818
1986 7.127778146086619
1987 7.414414277961924
1988 6.603714492243093
1989 7.18347703507559
