0 13.61757440772035
1 11.901757404950864
2 13.382801598801217
3 12.229941582260663
4 11.657676400600415
5 11.711579087120478
6 14.569604851672509
7 15.607528117231078
8 14.504626896537909
9 15.537820024463398
10 15.793326456449119
11 16.53197702519259
12 15.648011523779108
13 14.33497551749854
14 18.11782261149812
15 14.463700124954274
16 14.635019631912275
17 14.649140722584871
18 13.909627233755943
19 13.25403341716292
20 15.055936043018587
21 15.118934156505928
22 16.049384786297395
23 13.823421522910555
24 14.92974564990362
25 15.139249862132468
26 17.070327783918884
27 18.491985468226016
28 15.804490382304927
29 19.155582698586482
30 19.97452172034641
31 18.16254536271689
32 19.156715430899265
33 21.984240446298088
34 18.34817950101473
35 16.651004350163593
36 16.587238250308125
37 16.66822396807375
38 18.227025652272186
39 19.63711368934455
40 22.330491597164322
41 12.872879463088735
42 13.229018191695
43 11.487554005754054
44 12.357362799416544
45 12.295357306251613
46 16.194405432115303
47 13.24990537731903
48 16.101018206055063
49 16.73438954974665
50 14.367004668430667
51 13.611619076078398
52 13.350099460077601
53 11.592556150034904
54 12.566045306434885
55 14.07150588657213
56 13.588585985995643
57 11.556598156518364
58 6.386883813883064
59 5.919416375959888
60 6.655976956149488
61 5.656880194920756
62 4.691149098863333
63 6.094170593454115
64 8.010142082397604
65 7.29130768635198
66 9.653697604994516
67 8.877707394433921
68 10.079787198256076
69 11.039742080670658
70 11.20526175710383
71 11.330005651090922
72 12.248782533092387
73 10.758458778674465
74 9.877292036758828
75 9.535318735895556
76 10.362740884271764
77 11.474789596768115
78 13.110231365176652
79 13.298489396388751
80 13.187514817853907
81 14.704461679063682
82 17.249495659260123
83 14.675893867772208
84 18.636546165371193
85 18.275281595504985
86 15.791619813984797
87 17.36761092489824
88 15.44323798434439
89 16.54399632403982
90 15.467370603686906
91 16.348316720643485
92 13.639340219303453
93 13.677844105092136
94 12.732940997350516
95 15.145639992893136
96 11.811139208333858
97 11.515853179729024
98 13.352400060158807
99 12.492930822104332
100 11.488538436976821
101 10.782770543423268
102 11.598356047129766
103 9.17678432229883
104 8.634989604143124
105 8.601985538481085
106 10.445810580429798
107 10.077198011909102
108 10.566230660620786
109 13.30678637979336
110 10.747220108222061
111 10.28544565149194
112 9.409768817072951
113 9.968334390765829
114 16.21988045521388
115 12.483869793115842
116 10.482119195535418
117 10.774188029887824
118 12.59542963606859
119 11.965034740426344
120 11.375755311100068
121 11.75117656332102
122 12.594410561822782
123 13.254815056234586
124 10.233434597033588
125 10.656889513920746
126 10.337059822025461
127 8.73213982254641
128 11.72787208436311
129 10.118377477176741
130 10.114313388356539
131 11.839096795508961
132 7.342073792777863
133 5.834088873077416
134 6.556820922578432
135 6.894943900535565
136 5.871294731392917
137 5.267484207485324
138 5.677779340476616
139 5.5682702544943306
140 5.317184355096924
141 5.4276401223374915
142 5.182290069590029
143 5.420714082427
144 5.299711254653167
145 5.444596536962969
146 5.094374638413373
147 5.753374792367915
148 5.49092658825623
149 6.028148465176248
150 5.515338910728523
151 5.644555994073497
152 6.045786387858908
153 7.215402326387274
154 5.805152211702006
155 5.345939416709654
156 5.863704374606207
157 5.187994285568802
158 5.728400048483078
159 5.536247977025079
160 5.718267579308678
161 5.281917153697397
162 5.700635623071563
163 6.4923147983868095
164 6.243781233394416
165 5.53391784636005
166 5.857403613171743
167 5.845597491382377
168 5.738095007540951
169 5.765497946455274
170 5.559313415055779
171 5.1283774396854716
172 5.7012186523969115
173 5.724690223211233
174 5.05119497234409
175 5.822815446896602
176 7.815843999712454
177 7.465209706674303
178 7.120931790233871
179 5.081073655428752
180 6.175220808224129
181 5.080638366568194
182 5.797362505193919
183 5.336153232997413
184 5.172470511658688
185 5.49141146737039
186 5.903233438347956
187 6.457561003788737
188 5.0065417380658355
189 5.8409577986908205
190 5.4578104606008
191 5.660579118512557
192 5.864690553085028
193 6.170769603837239
194 6.5982612634194675
195 5.2359699017093995
196 5.365762749177069
197 5.160093299622006
198 6.124344717182161
199 5.453632177462363
200 5.818152113762683
201 4.832494235609474
202 5.083797152418657
203 5.476157175886916
204 5.648137449097925
205 6.460966260197469
206 5.481300847857105
207 5.7490569507592
208 5.511200167370056
209 5.811483950788962
210 5.682403875503122
211 5.477879910554073
212 5.591756527815272
213 5.800822847913566
214 5.637465023442074
215 7.56188381600546
216 5.4145516313802275
217 6.238576550676181
218 5.578200644542242
219 7.680878095763821
220 9.598730031999866
221 11.082592808810984
222 10.421822653936475
223 10.057531957659378
224 5.902336809665558
225 6.145297105276378
226 6.188982281830501
227 5.1319194816695255
228 7.530247712358758
229 5.427124647394744
230 6.2586524983630465
231 5.743511965490132
232 5.1255102775146515
233 5.950594419919299
234 6.948559584629368
235 6.972618264496896
236 6.514375312287021
237 5.320063086486443
238 6.011680159152684
239 6.04997153916482
240 6.8548376644939175
241 5.136383234661286
242 5.465850190126284
243 5.493721429764764
244 4.8381051466647085
245 5.344066972976006
246 5.238783284225665
247 9.416544893296356
248 8.463246513312017
249 6.644796173251174
250 5.975348018412878
251 9.840993194078703
252 8.14858758396339
253 10.025926344813563
254 8.922522790226855
255 11.002535190617646
256 10.977462686679175
257 12.707494155508524
258 11.06168419014534
259 9.557843823479148
260 9.759372790235043
261 10.521839575523721
262 10.076773874864665
263 9.49813369365036
264 9.937012696870173
265 11.157091100046644
266 9.476712140076557
267 9.54070174617224
268 13.497245543843873
269 11.81485266760787
270 13.794345448240604
271 13.840572319926398
272 14.993715624765215
273 13.232097172395147
274 12.056579298305266
275 13.574354909298801
276 13.871339839848115
277 15.577556979532503
278 12.739502773218641
279 16.27174945023586
280 15.349155260308606
281 15.889394013261116
282 15.396154724368747
283 18.676919815282798
284 18.43045173297005
285 19.93797318654878
286 18.221759321968168
287 16.76796041204386
288 15.592105541628271
289 14.274955992239942
290 14.429972229008332
291 14.1529315751652
292 13.518434122966394
293 15.453638957555652
294 14.691099958629323
295 14.138244839167655
296 13.35927990915221
297 13.607972847957695
298 13.386631519312724
299 15.586423033054361
300 17.43864065386956
301 14.738198324608065
302 12.90675665686011
303 15.317391197444241
304 10.233652122500008
305 9.321656667378436
306 12.445881451042705
307 12.323115410388755
308 10.83319655368479
309 11.630537263143959
310 8.161607133917597
311 9.74260172469629
312 12.228421750048245
313 10.60895760460308
314 8.550199345287707
315 10.35060586845941
316 10.610074013145395
317 6.757915357753538
318 10.65314007978802
319 10.833506340163616
320 9.767883204758505
321 8.279413284154963
322 12.476296564168193
323 11.107520492793679
324 11.151557135357535
325 10.621955569460832
326 11.807462771547748
327 12.571471171269447
328 10.261965917033104
329 8.826331209578248
330 11.99632416754682
331 9.914785118648325
332 9.129192404986723
333 11.039617589825411
334 10.633227435488747
335 11.759121836713659
336 10.212142431969177
337 11.018001817792037
338 10.105737015825735
339 8.45963287664674
340 11.793047383232471
341 11.520772986563042
342 13.888639297123854
343 13.183380091498266
344 12.083105666348555
345 13.148855155510054
346 12.821365640393482
347 15.258182194725697
348 9.029754358293296
349 15.630550376273456
350 14.304168525151384
351 14.636711792538799
352 14.17596186697097
353 11.94155579650513
354 9.231874270084226
355 11.329999469297444
356 10.0651540449109
357 11.086824655176718
358 12.218927290920805
359 12.776297250921886
360 9.457763536171017
361 9.49373659026234
362 8.170587168120235
363 7.830599302227485
364 6.262716777138031
365 8.59710274808829
366 6.940646297819342
367 6.03285739622008
368 8.117413923651664
369 7.2473333763564955
370 6.520560259365776
371 5.890891393155084
372 8.155373323902262
373 5.7569802248482365
374 4.204143575657863
375 4.681458263942894
376 4.401843704063431
377 4.556928379379575
378 5.251343875090158
379 5.214756306924725
380 4.429868543739521
381 4.391579619493578
382 4.805988194678229
383 4.310850269327904
384 5.287864368439218
385 6.3159923220303655
386 4.793355627325817
387 4.658293433274338
388 5.000341732340025
389 4.477269156513785
390 4.382875950419295
391 4.786677337812987
392 5.496954902732538
393 4.463868521647658
394 5.742564462049609
395 5.851773363565771
396 5.703168866975182
397 5.630792064392234
398 6.000001407522467
399 5.46773278910382
400 6.1828300248644394
401 5.830279014728951
402 6.072929090206931
403 5.6257036002726055
404 6.49741548146965
405 5.693845019578243
406 5.617690811145037
407 6.575073947925858
408 5.885252376301541
409 4.746995440526278
410 5.720926467110959
411 5.987530174235769
412 5.716024157221281
413 6.31691811583312
414 6.486127637363686
415 5.884072165570914
416 5.0154620258223925
417 4.928955409242317
418 5.474960884178913
419 5.445721147239682
420 5.8576812150776
421 6.480455435781393
422 4.991909652971274
423 6.48459281752716
424 6.044403025206741
425 5.5720896463373775
426 4.783012809071945
427 4.262936978407733
428 4.733785048093402
429 4.02982447075967
430 5.253667143509762
431 4.240848781968911
432 4.38989533611738
433 4.619777060814723
434 5.1353610144617505
435 4.770356002207603
436 5.092900697221233
437 4.3524432400562505
438 4.8046750816273045
439 3.790171608573263
440 3.5374785966617757
441 4.355944801087249
442 4.306236628173022
443 4.227377129559661
444 3.9973197430980583
445 4.407295303928708
446 4.2833276639327575
447 4.4423570345461085
448 5.0112265130466405
449 4.089184028213656
450 4.050693240746269
451 3.653007865364771
452 3.9231031332965456
453 4.248018586166253
454 3.4578277126517656
455 4.107275303245967
456 4.741283948542684
457 3.8402251964785235
458 3.4834994758671476
459 3.545370402811633
460 3.8113695200607283
461 3.800595565312514
462 4.012407246346399
463 3.707131418073316
464 4.28038415679066
465 3.4353552700742145
466 3.3174129832212467
467 3.5254944365852108
468 4.232458354012805
469 6.482798762526475
470 5.8532083490181135
471 3.421528061879417
472 3.339209543569273
473 3.3526329600132763
474 3.191283720421608
475 3.435454435800431
476 3.458492768134995
477 3.663690298319633
478 3.273453994009233
479 3.7040266033683156
480 3.357360565844767
481 3.3564996479958507
482 3.523180790041507
483 4.260930996485182
484 3.6780564156644933
485 4.063537264990057
486 3.4798396428030327
487 4.169639312285089
488 3.446919939365025
489 8.337321308034882
490 7.938955246167438
491 9.996628356125411
492 10.42160309707684
493 9.781472027251839
494 8.683471106388085
495 9.018026393615223
496 7.995895636600559
497 7.220314566750319
498 8.82177914590512
499 7.955132901794597
500 7.455354687684214
501 7.002559196108216
502 7.772561319890248
503 8.477034623363805
504 7.26965361309255
505 8.915516910442173
506 8.270600520316076
507 8.471037036679418
508 8.459913166475932
509 8.481532899512356
510 8.486427600587465
511 8.944496654955993
512 8.655913047830929
513 8.231442079175673
514 8.587218104773038
515 7.543451805348131
516 7.652028221361718
517 8.236222922848649
518 7.535537364398285
519 9.003862026783912
520 7.986976719424954
521 9.062496115249447
522 7.578091809782847
523 5.478779795576822
524 6.759832016157249
525 6.943865289868477
526 7.810016702097978
527 6.426822657553594
528 7.04760572717222
529 7.1479901523410785
530 8.084141448788566
531 9.713623640132225
532 8.391871030872322
533 8.98385340890458
534 9.047440042857396
535 10.711538965675105
536 11.362638711791815
537 9.836007326216574
538 8.994949954133434
539 10.31155309725029
540 10.61301991116644
541 9.879361464445292
542 9.926924798258696
543 9.080198735034443
544 7.971455918455508
545 9.59031837299992
546 10.94745883126855
547 8.60415304701662
548 9.80666656818564
549 10.908265462338367
550 9.246338280602089
551 8.217792877298654
552 9.693476734573709
553 9.835829485132749
554 10.317814462885762
555 11.446196894553049
556 9.112279917431858
557 9.973251751571523
558 9.427936185058877
559 9.917344511472384
560 10.329548444391698
561 10.279020878414267
562 9.519970222234162
563 9.502915137228127
564 9.149417901566615
565 8.878569134605344
566 10.097716362535964
567 9.599161695762886
568 9.543161961331997
569 10.23376980902076
570 9.424949395475293
571 9.452706341552167
572 7.791082096787957
573 9.239468186760451
574 8.85439640693797
575 8.624061409423712
576 8.509040479078756
577 9.465167892752035
578 7.954448088500017
579 7.77445610807719
580 7.47700977296418
581 9.145498924196588
582 6.3762578764358055
583 8.305566564306892
584 7.359498746945976
585 6.941574428231474
586 7.486526257667614
587 8.599202863583129
588 6.967797562561035
589 7.651349489869921
590 8.331315553810484
591 8.162515836837068
592 7.459681321829737
593 7.854845034386238
594 5.923466409652322
595 6.5952989196247245
596 7.646661445829742
597 7.419354011247545
598 7.794971037991663
599 8.405041664116085
600 9.961711957187147
601 9.046063253869265
602 11.222353208733345
603 9.879745358865247
604 8.809406691554003
605 9.207069532804883
606 9.372125671955748
607 8.142217951617111
608 9.309002739369864
609 6.156210911628717
610 7.884501543730895
611 6.180840305785774
612 7.683542880540238
613 7.734269727530678
614 8.710311099791214
615 9.314412241032027
616 7.943016337118908
617 8.868566300530478
618 8.634128814150026
619 4.854231897900837
620 6.981864137644008
621 6.716826605622542
622 4.648493117364132
623 6.847379247347041
624 6.681895712448815
625 6.788465407970132
626 7.0935982409999525
627 6.685243517360835
628 5.826978852416848
629 7.110469265109149
630 5.84038316223618
631 4.632639027146734
632 4.62036333069777
633 6.7677574178617474
634 5.121625955750652
635 4.804937107418586
636 7.201786561395055
637 6.833154343671022
638 7.370783602760429
639 7.472014890575899
640 7.357984801793825
641 6.581332965429437
642 6.260121944199781
643 5.827439890053452
644 4.674345944601433
645 5.3220161793781875
646 8.698534203327743
647 6.1662777297275015
648 7.951552548706005
649 10.515205962577678
650 12.25741687306776
651 11.432329474968284
652 4.350903786903989
653 9.281764076517982
654 11.114907094185156
655 13.086797092593919
656 13.046684845817884
657 9.00743463939707
658 11.947550775057264
659 8.598332461407805
660 11.009664402486674
661 8.10570096007301
662 11.491083371482967
663 12.806863193751843
664 13.547380033165526
665 13.046391030613858
666 13.93640661534427
667 22.074315063165997
668 23.746378285850025
669 19.12086444161627
670 25.026203238353474
671 25.2953706064072
672 21.953487280980525
673 21.63702869379844
674 19.364650513054887
675 24.041459671338963
676 20.972700282783205
677 20.115319764504502
678 25.726453908016186
679 24.153402354840637
680 25.615332186124206
681 21.481778198700628
682 21.21548480889241
683 26.197607561949784
684 23.518964306562864
685 21.706579973636266
686 25.421262370809536
687 26.69013976260063
688 24.009225607901758
689 23.610925013816267
690 22.718889389390338
691 21.351046488927953
692 24.8364064073589
693 25.32709861753287
694 25.999036581534316
695 25.083282431056805
696 23.65328257248156
697 24.645050483859418
698 22.331653038801203
699 24.9701619057182
700 24.343203360443376
701 25.17499186691959
702 30.205759211248726
703 26.619561026258065
704 24.752108315383076
705 25.45125798522348
706 28.287139547542896
707 30.390034816891525
708 30.44783261179647
709 29.522351355439387
710 30.267082069374126
711 24.58756972539833
712 26.5142266513109
713 26.14518254297227
714 24.626301451770846
715 22.793946900103784
716 26.060588560690196
717 23.251642400815225
718 20.76942923277676
719 27.58319994807135
720 24.354069690875775
721 25.689660230406655
722 22.74577704328851
723 24.262889788108787
724 26.45655647642594
725 24.32721854475171
726 25.233352167321826
727 25.381564908681053
728 20.39881075994793
729 26.352193619504913
730 19.889074216124104
731 28.54624453181823
732 27.653580488537443
733 27.25951996286134
734 31.74824655222974
735 32.39780972685205
736 28.30799302867086
737 32.80495944816225
738 33.42426098043258
739 32.88705139060615
740 32.78161295420656
741 34.781346989650416
742 32.663545173291034
743 30.738862933784247
744 37.172010710116055
745 33.48212997234732
746 33.13717656493582
747 30.28387683307648
748 29.256973725690138
749 24.56399524611269
750 24.87080674104494
751 27.830148517976614
752 27.227493669037983
753 26.219921044901987
754 27.78543393490078
755 27.148693934722147
756 25.078320799845592
757 28.70559466744551
758 26.286827265114926
759 22.596933457759654
760 18.748149326199776
761 21.165994734281057
762 24.076324229268554
763 25.386010540336553
764 26.632091716296113
765 26.724053961832368
766 21.425282196265556
767 25.416546764490537
768 25.802064586081027
769 26.284471454289967
770 26.88448081833478
771 28.618844594707813
772 28.754018399880326
773 35.29697469532199
774 33.331280085784506
775 32.52533751642165
776 35.13077490473849
777 27.582813587142482
778 35.173750155441596
779 31.07234764112281
780 29.661112998684832
781 31.57699111363099
782 33.655196580784526
783 29.237907613635375
784 26.53044541951336
785 27.09862032764184
786 25.560971365293906
787 28.139942206397354
788 26.41135253300154
789 26.968015153232898
790 27.92121538229271
791 25.979641283613212
792 36.504941762879504
793 30.672970632514822
794 28.641914533944394
795 31.60306084206836
796 31.663458235416286
797 32.21840033152667
798 26.09887795155995
799 29.228016529010063
800 33.54658513651409
801 32.39600273318466
802 34.595407278344574
803 32.28299419250411
804 32.39238001368679
805 31.836051900690993
806 30.148008949441973
807 34.31140896284864
808 34.890081961904755
809 31.18599633920112
810 31.72727800065834
811 33.85286066531105
812 32.248915238234716
813 35.340468286230916
814 31.50715280660232
815 30.092709143292236
816 36.0049444737361
817 31.262083073016345
818 29.58289845674019
819 31.304690955405437
820 32.9855753024028
821 34.85365433520645
822 32.15080494214959
823 35.22771279888612
824 29.77099491502668
825 33.00132569694532
826 29.07606661664767
827 30.039907712021794
828 34.01793869536151
829 33.93475843711487
830 34.94965089657189
831 36.38277607538423
832 32.71763623464506
833 29.410155033911874
834 27.499715152737824
835 28.210655025322467
836 24.122772244239975
837 29.001314460872987
838 26.042939671633476
839 24.723529650584457
840 26.170224769644044
841 23.626629751654505
842 22.987001626846858
843 22.374802546882666
844 24.537517454932647
845 23.50807974366492
846 24.299337873772195
847 23.63209789557305
848 23.913141814841833
849 25.756022614763523
850 27.438646393640887
851 26.140601325485523
852 32.96805374762239
853 30.794697087370512
854 30.07375298228385
855 24.576951080273464
856 25.108486274543573
857 24.29016015091867
858 25.71588013271066
859 28.466210569720126
860 22.100027123474103
861 22.89260722124939
862 24.51638562302248
863 19.818266130629567
864 18.002095226575513
865 26.829500265596195
866 19.781342549586736
867 19.338177325796803
868 17.37083924710432
869 19.263304747141117
870 19.272385537424505
871 13.03426764016646
872 20.99409031221964
873 21.306505408596497
874 18.43012513008849
875 16.339433501409044
876 15.108880895942834
877 15.659986145994713
878 15.694103238023464
879 18.030867292386166
880 18.41079130774197
881 19.316002274064576
882 20.34440661161361
883 20.084120481011514
884 21.509925504043967
885 18.50315918378303
886 24.595588397870745
887 20.285109129977283
888 21.816938947119258
889 23.34208724117428
890 22.892695495291612
891 23.85920868576689
892 22.625864279103407
893 25.335760540546737
894 23.972172366632318
895 26.058192931631698
896 25.08697014453175
897 24.536955265661888
898 23.615296499429967
899 24.24770000773815
900 23.438575812854044
901 24.990530613388017
902 26.26685993367422
903 23.28842972080316
904 23.8834262387133
905 21.293576156447337
906 21.333950855826572
907 25.56178332186774
908 24.741192361600792
909 21.328154616003886
910 22.806133991012526
911 22.962719004083677
912 24.317982976308254
913 21.656018718957682
914 25.154153548608765
915 24.79700920138161
916 25.3649664389499
917 25.470773856786526
918 25.87809340589741
919 27.22218831271695
920 25.008593785657972
921 22.357345097357285
922 22.386412465401843
923 23.326309330038278
924 26.54774589202166
925 25.829511536919846
926 24.266041856922033
927 25.714380904229223
928 23.953823312651735
929 23.691374887781212
930 21.408618100055893
931 20.909764603092103
932 19.626252705340413
933 17.50166339649658
934 20.661531290810007
935 20.80108208687754
936 21.242766785518466
937 22.348902139719478
938 22.88942457473184
939 19.922990772565278
940 22.880692472647787
941 20.149268628276424
942 22.332572081185212
943 22.10774863213955
944 22.726467588308886
945 26.023984184600415
946 23.243871727154804
947 21.93116538425516
948 22.80883686987209
949 22.688423605626227
950 20.59810664478449
951 20.917832687332293
952 20.173393510472255
953 21.42262601373516
954 24.28987033316839
955 22.492786583667776
956 23.467885656327553
957 23.310211016880586
958 23.29609318237662
959 21.36715748243987
960 22.144698427421037
961 23.394052748197147
962 23.29858402993169
963 21.42993113543957
964 21.05044958171157
965 23.16580464311693
966 22.14509717123397
967 22.56915705841469
968 24.446267277474107
969 23.196190775055715
970 23.906472816537146
971 25.13352260790853
972 25.282621463819943
973 25.415013705470063
974 25.7606046235879
975 25.01550598277629
976 25.457180531015304
977 27.214079645256213
978 29.316414209841646
979 29.778140541801605
980 26.23443080790409
981 24.888939817721504
982 26.62150797030445
983 24.278744413287843
984 24.36417361862476
985 25.78509146329181
986 23.40407680425553
987 26.746863805408832
988 25.831817413139532
989 26.563841948202718
990 24.321679004482252
991 23.793419597254434
992 21.825986380728082
993 27.942736497754403
994 27.873170016229334
995 28.585746930455603
996 26.706889098838115
997 27.074147735968374
998 28.301383874347003
999 26.948038190052024
1000 27.142397119626715
1001 26.123134712238716
1002 27.285862051270414
1003 29.227317675535204
1004 29.3339148789471
1005 27.929117705776594
1006 29.01630003215128
1007 29.445442773946468
1008 29.9553982719257
1009 29.852485788438678
1010 32.988188208108134
1011 32.166146300053384
1012 28.97767443016503
1013 27.101200105010225
1014 28.912464908529255
1015 30.017684529524516
1016 29.577374844499666
1017 30.34326206947027
1018 25.222949540148498
1019 25.081128936913558
1020 25.020775560532808
1021 24.10392781214011
1022 21.794088568155566
1023 23.441805583899647
1024 20.04638654227915
1025 21.06955171944619
1026 21.09069554311818
1027 19.48909941802517
1028 20.78911840765916
1029 21.03400003214116
1030 23.591832681792173
1031 23.631231460826573
1032 23.005796062146377
1033 22.755633646804224
1034 18.93438924012934
1035 20.075036292400586
1036 21.27696154493983
1037 22.494684250139578
1038 22.828188587640554
1039 23.979267319467805
1040 23.4157816510581
1041 20.977155595502474
1042 22.042836741347262
1043 21.852223704847958
1044 21.718161329231997
1045 20.588522584341103
1046 21.82672963917677
1047 22.212241514725537
1048 20.294747365164053
1049 19.219638657793155
1050 20.976439999223143
1051 22.569983488508193
1052 23.204743042323297
1053 23.843975116405865
1054 21.08670940511545
1055 21.049415402719706
1056 21.669138256406356
1057 19.729607634824372
1058 19.944395867286147
1059 19.62827495794755
1060 20.455143473163602
1061 20.208429183557246
1062 18.597669811422072
1063 19.96836762666303
1064 20.354452765500817
1065 19.25452454492011
1066 19.83632630929502
1067 18.377797740199338
1068 19.52171420048413
1069 19.102308897257757
1070 17.805716945643038
1071 17.79923487388641
1072 22.279213712097565
1073 21.111046520718343
1074 19.36361519059829
1075 18.77335991451587
1076 18.015944846168686
1077 16.989410004503767
1078 17.07586790349263
1079 17.71324060641675
1080 20.655739172146113
1081 21.475882375548675
1082 18.328193780336303
1083 18.87595919106403
1084 23.2099826424435
1085 22.128897802896226
1086 24.7426616550381
1087 23.827670728493153
1088 20.616838575486106
1089 21.546336716950883
1090 22.093586904749284
1091 24.700126434197575
1092 23.345709257512887
1093 23.267018837064875
1094 28.499107465590555
1095 25.57567401752119
1096 27.19035435500649
1097 26.437618683394184
1098 25.62340797076761
1099 28.31775234155244
1100 25.63632730285906
1101 25.06113250784733
1102 26.056229045405473
1103 26.827505551100522
1104 27.42339742224102
1105 25.17716679751686
1106 24.669344211751547
1107 25.297363414806444
1108 25.20477446701894
1109 22.015052285116827
1110 24.624812823727808
1111 25.858864933259834
1112 24.74668452651457
1113 27.702417639920675
1114 20.502850660012935
1115 26.38323396545631
1116 23.922921134550688
1117 20.895225971806482
1118 25.151556403627747
1119 25.790671880886226
1120 26.421597868626712
1121 24.23226581712439
1122 22.84729034571899
1123 23.12873081808044
1124 24.008638726871386
1125 23.558719024842045
1126 25.42841249551812
1127 21.07364542362124
1128 23.21192359942021
1129 23.325258501925223
1130 24.28129091637014
1131 25.8350906760802
1132 25.248139995357896
1133 32.157831821277234
1134 28.166469499217463
1135 26.03714317085785
1136 25.16775520692775
1137 29.304181040189462
1138 26.38980320521629
1139 26.20886744891733
1140 28.16902832882205
1141 25.71724769784116
1142 23.357848827765988
1143 25.417444302003812
1144 21.072753427752826
1145 20.948671011176412
1146 19.082975679613472
1147 18.168385234868182
1148 21.902966504321302
1149 22.98821876437552
1150 22.716950141826473
1151 22.363427747351526
1152 19.738508071004592
1153 17.94640951068679
1154 17.515149302512718
1155 16.86485911352647
1156 20.892519200054274
1157 23.230438361199305
1158 24.310551274346945
1159 24.81864475118072
1160 22.97068458254108
1161 24.63885649409408
1162 26.47899209178476
1163 26.17436941387338
1164 23.625875982388752
1165 25.06596831994414
1166 24.530593376703877
1167 22.604226011717124
1168 23.02910023331905
1169 24.049979822235777
1170 22.89366889067159
1171 22.725820624178446
1172 23.393337833085567
1173 18.15248357730232
1174 20.30562775183127
1175 18.129173389732404
1176 17.955196017378633
1177 19.679243192507972
1178 16.26622570279107
1179 22.88949767569743
1180 21.24467327464468
1181 22.791172546820203
1182 25.91333131521016
1183 23.542430921290155
1184 23.281858775552216
1185 21.044743732154647
1186 22.462483422165278
1187 22.677315559151356
1188 18.432318658418755
1189 21.673737114294973
1190 18.803170977630128
1191 20.69037198580377
1192 19.712915503212727
1193 16.724573700424326
1194 15.972021386798264
1195 18.66874338148937
1196 16.642996243887602
1197 16.945408960049427
1198 18.003081862330784
1199 18.264949174481277
1200 21.3033041178729
1201 24.042756736109478
1202 23.740214300260902
1203 19.194657483572673
1204 14.84030953101892
1205 13.831080104141323
1206 13.927548187363978
1207 14.015942432479328
1208 13.084187826004417
1209 14.999682790839746
1210 11.90469103772263
1211 9.591913127609047
1212 9.67988386744305
1213 10.77266113800458
1214 9.823659155471912
1215 11.193976226454213
1216 12.976416980407805
1217 12.669782945419744
1218 16.214717875301368
1219 12.303828507503077
1220 14.029578339260636
1221 21.098461563372478
1222 16.944942555768186
1223 17.50361234113894
1224 12.727434054366556
1225 12.430616620355831
1226 14.14054478952927
1227 15.107317673056796
1228 15.318590459426868
1229 20.78423601326664
1230 21.409194530895924
1231 22.55397564874532
1232 21.422962063504283
1233 18.351292638891476
1234 19.470173043907394
1235 21.735964935191966
1236 20.637683998905768
1237 23.113627109508887
1238 19.716692600566834
1239 20.447595573368673
1240 17.319483616591718
1241 20.08305691817653
1242 18.609873790771754
1243 18.879378587179048
1244 17.570011291497334
1245 21.677668420081616
1246 19.63699139697057
1247 18.144711800900943
1248 15.577744616811824
1249 14.69895304356987
1250 15.677483209057952
1251 18.449987879863293
1252 17.716748942722365
1253 18.25607661508163
1254 17.737530950151434
1255 18.787462137372383
1256 20.171214826962842
1257 19.409646877514106
1258 14.740296365473393
1259 16.218414632168102
1260 16.137273691080413
1261 16.118452917124014
1262 16.11506869843516
1263 15.768463947745834
1264 17.18473144305166
1265 20.544408392073272
1266 16.165190398991676
1267 15.972841878580194
1268 13.074687242179445
1269 13.238377152721327
1270 15.471782612868237
1271 14.123397988377542
1272 14.554378676477292
1273 14.669142733961467
1274 17.026024756242073
1275 14.434815583218633
1276 11.701979090895302
1277 14.249458916626262
1278 13.610235381534638
1279 12.736717292275406
1280 11.196976338218242
1281 11.770497746510417
1282 11.275229694761773
1283 12.105965907006853
1284 12.171120566059379
1285 10.777003250346072
1286 11.09095508542118
1287 12.366714628321203
1288 12.92276450861713
1289 12.91864441608268
1290 9.462747697432551
1291 9.288964444820188
1292 9.538390460365038
1293 8.964694922651972
1294 8.360480022020209
1295 10.183959021033546
1296 11.589762409260866
1297 11.892890339523017
1298 12.273485651375648
1299 12.645298516910222
1300 11.736893016694182
1301 11.46698232494809
1302 12.407622865324026
1303 13.387726381577881
1304 11.661639662784864
1305 13.617418425691678
1306 15.658611212961299
1307 13.782925151159123
1308 12.839573755395342
1309 14.476923939535833
1310 12.413305254247467
1311 12.458388616708056
1312 13.575533190374864
1313 11.244436461900266
1314 9.908316239175525
1315 10.760044127759757
1316 9.790106120577205
1317 9.243581548485443
1318 11.295974437246544
1319 10.470371487042327
1320 10.876697057149926
1321 12.252322036066923
1322 9.50900163837343
1323 10.58229611810226
1324 9.92082689386234
1325 11.013959340900888
1326 12.247273684958651
1327 10.723311448505724
1328 11.985622687589613
1329 10.194154787807063
1330 9.710234477573286
1331 11.354362979478742
1332 9.792677868487324
1333 9.639335553956792
1334 12.679123754718493
1335 11.709033194786146
1336 10.760495653127224
1337 9.920379655446505
1338 11.077232512050449
1339 11.42515414740021
1340 9.465399398014718
1341 11.027443186661271
1342 13.389598199511383
1343 12.168551418456932
1344 11.753996307789844
1345 10.872795897029366
1346 11.271315955785658
1347 10.93806238297541
1348 10.134810179324722
1349 11.58776773142547
1350 11.150479543691151
1351 10.000518194621595
1352 10.150372226801425
1353 10.477090948431336
1354 10.094395123754818
1355 10.419233292187204
1356 11.402641179296658
1357 13.174746490080253
1358 13.456686569095497
1359 14.283842103839444
1360 10.798935827748895
1361 13.246387479961628
1362 13.466283422789902
1363 10.683629252269345
1364 12.935288586366669
1365 15.382112550952753
1366 13.288011531211387
1367 13.087260849963993
1368 14.130893610880005
1369 9.466580009286508
1370 11.11477313238638
1371 11.186693079444149
1372 13.712850731329505
1373 10.770819235222918
1374 12.620704147908882
1375 13.002167812881106
1376 13.095883952058761
1377 13.405943856231127
1378 15.795089176437571
1379 15.235573387783347
1380 14.522138773847987
1381 13.767998785510096
1382 10.788659933142776
1383 10.039113103083842
1384 11.429306293193681
1385 13.196419073479568
1386 13.973417274676219
1387 11.671742197789442
1388 9.499300384584648
1389 7.75350524419029
1390 6.965269055127887
1391 8.528559323302845
1392 9.919179158501029
1393 13.072793300471417
1394 13.356477270773954
1395 14.526403767377913
1396 16.054528043593248
1397 12.771379949640194
1398 11.32119030404041
1399 10.796551870459044
1400 10.820259084872433
1401 10.958769265731613
1402 10.779699947373253
1403 15.57917315827959
1404 16.951875883486462
1405 17.15634975363826
1406 13.384998496721439
1407 15.143749851785264
1408 14.268105812263645
1409 12.608006799343746
1410 13.52545865630819
1411 14.089704842027865
1412 13.138162927008237
1413 16.584512901070983
1414 14.487812661189325
1415 14.948532307476688
1416 13.911536790966995
1417 15.140144947605302
1418 15.163387508412788
1419 18.501786874439244
1420 18.044022497386948
1421 15.14547768254279
1422 15.880705417075344
1423 18.253461204363788
1424 17.395302360124134
1425 15.462550462036406
1426 14.733381619238857
1427 13.751156545753322
1428 13.716955716937287
1429 16.64350596488388
1430 14.497010266930417
1431 14.499999663168579
1432 12.877437195803727
1433 8.23511844950816
1434 9.478241495000644
1435 16.197321715582568
1436 16.707388767768823
1437 13.409837169806977
1438 12.778480364319037
1439 9.984549876695764
1440 9.21262785752899
1441 13.451674085166669
1442 15.357691648142742
1443 13.366830822379418
1444 17.027143933813292
1445 15.320570755309435
1446 14.750439776930918
1447 12.257825714796972
1448 10.921873698814087
1449 13.044362104494747
1450 12.502772034187613
1451 10.567892014302307
1452 10.409456768814252
1453 9.298665667049072
1454 6.664294520279297
1455 7.138610264383187
1456 6.000362198473837
1457 7.496861105452256
1458 8.286926508386689
1459 6.512491888782717
1460 8.538358776522614
1461 8.332511416076555
1462 10.307520422384693
1463 8.626801950061134
1464 10.057106280553736
1465 9.253552603388547
1466 9.326175331619575
1467 8.44902974667098
1468 8.483876189602746
1469 8.06665799202266
1470 9.236998187884259
1471 6.471912324606082
1472 6.129951619355779
1473 4.286049858566362
1474 9.87847412335423
1475 9.517358315907144
1476 7.826675216652981
1477 9.004206648651538
1478 11.315380817573038
1479 11.454503538726824
1480 9.029603398468351
1481 12.462016946255197
1482 12.335560481224155
1483 12.42782205228173
1484 11.342952687044734
1485 12.085535576035989
1486 13.04112181745535
1487 13.679103854032928
1488 12.88421616781856
1489 12.474551496025004
1490 15.537923916195014
1491 19.610451717138815
1492 22.391733051685925
1493 22.18698301703746
1494 21.93614380387746
1495 22.06525766936854
1496 21.363792492745144
1497 18.311498142718218
1498 21.25280057799754
1499 19.278370348555654
1500 17.44781186230781
1501 17.136066347276532
1502 17.71777973737392
1503 15.08272811195062
1504 18.307478553072993
1505 19.30772461165207
1506 20.27254890347899
1507 18.970539409611405
1508 16.8109166172029
1509 17.144923352391217
1510 15.968346053310977
1511 15.982239981271128
1512 14.520441473562505
1513 15.613279589893306
1514 15.476121524049097
1515 16.56047561993562
1516 16.91886990146524
1517 16.25203765726342
1518 15.217996386761989
1519 15.391820816880966
1520 14.341976441023643
1521 15.213195877405237
1522 17.622259450820085
1523 13.979336515359519
1524 15.016183631490897
1525 15.414207709950468
1526 13.66682701168955
1527 13.49060342376981
1528 14.930915341703807
1529 15.59188481846182
1530 17.22826697973411
1531 14.578163024975208
1532 16.356726620753776
1533 16.550828056685898
1534 18.092613902575366
1535 20.458704057419776
1536 19.579905440838782
1537 20.066256646235793
1538 20.063301907525936
1539 17.569906787941694
1540 18.546856309621095
1541 15.779934475478704
1542 17.529401336151402
1543 17.662961533813593
1544 18.498256030982816
1545 19.16923289960267
1546 17.568941212915803
1547 18.243555970216907
1548 18.782598527663243
1549 20.143991937423973
1550 18.953427802348557
1551 20.467514543280576
1552 18.05290060054202
1553 17.844118229833285
1554 18.66188551069747
1555 17.212689577257308
1556 17.622596276874823
1557 19.65266568065183
1558 18.355361011272333
1559 16.19571976404844
1560 18.87102739685151
1561 15.52857553478702
1562 18.677694793160025
1563 16.138588830053287
1564 16.21192426186601
1565 16.01180213020193
1566 16.906271184168162
1567 17.165352339564514
1568 17.015464095707447
1569 15.659052444367818
1570 17.748096266192753
1571 18.939174592649415
1572 19.356292444350935
1573 19.15213244481566
1574 19.06662381211483
1575 19.30120950806036
1576 18.239347910728505
1577 16.85566844482107
1578 17.37912883573733
1579 19.801243412552356
1580 18.1927616063608
1581 19.8909376220957
1582 19.071385868987516
1583 19.566871517701916
1584 17.267990938097256
1585 19.72882963475903
1586 19.03666561030923
1587 19.149133773733872
1588 16.74828548036361
1589 19.655517723505138
1590 19.92464432567194
1591 20.134021148565687
1592 21.2529096705598
1593 20.34666954697612
1594 19.317643827538046
1595 21.333400613666427
1596 20.716587885150656
1597 19.969665885206712
1598 20.87361998839825
1599 19.72878804231377
1600 19.04573385652686
1601 19.083866813212456
1602 18.253470470826755
1603 18.403062395080227
1604 19.09803239295181
1605 19.79952703093869
1606 21.102992734145413
1607 21.75431137699757
1608 18.924519599311143
1609 20.773962191236276
1610 19.855619332835328
1611 20.679788581436256
1612 19.423973800989785
1613 18.52981132308928
1614 18.579635526486936
1615 21.27919373983626
1616 20.704482364131653
1617 20.587917224382196
1618 22.604101831427922
1619 21.643104021939052
1620 21.858120046758426
1621 19.059594714539905
1622 20.575934575273966
1623 20.61906649915376
1624 22.757584672200082
1625 21.25963260421784
1626 22.51033313345877
1627 21.712858238465643
1628 21.26347800335173
1629 19.652640554163863
1630 21.295242315365815
1631 21.622987626559933
1632 22.08312148480755
1633 21.417457806919902
1634 19.499177134593978
1635 21.079031656226512
1636 21.108569903360088
1637 20.823173421278426
1638 21.01278565182002
1639 20.612825183472783
1640 20.19891572192248
1641 20.871947793745623
1642 21.374071556744482
1643 21.42808666064084
1644 21.718209925116483
1645 21.06405457738379
1646 21.635674429165828
1647 21.719996891864355
1648 20.520185261479917
1649 24.72669688553306
1650 23.132880225295487
1651 23.78397300874813
1652 21.75873919433326
1653 20.592374324318357
1654 19.98314153429043
1655 21.91755723648144
1656 19.655005707314135
1657 21.162846965497373
1658 19.708637779409724
1659 20.540350708412745
1660 19.963116617544785
1661 22.39064855068205
1662 20.620275825824844
1663 21.19792814616454
1664 20.41898254095754
1665 20.977809392051714
1666 21.639764493386682
1667 21.02237850544398
1668 19.752637758271586
1669 19.857919991739998
1670 21.48953783230131
1671 20.292534878970287
1672 21.6783489869312
1673 19.82026063567457
1674 20.497912254907135
1675 20.37399568050262
1676 21.23197057862827
1677 18.164123239743923
1678 18.89672191941166
1679 20.205396227544195
1680 21.733160679501868
1681 23.57041747457933
1682 20.384590389283584
1683 24.67425228367593
1684 24.308348485291983
1685 23.08779920185872
1686 21.33695956672584
1687 23.424618010541085
1688 23.324206267732794
1689 23.7962583804205
1690 22.79097778355992
1691 25.059713141567943
1692 22.52950208925913
1693 26.14664906035978
1694 23.557367082091986
1695 24.40756180644661
1696 24.42385475029332
1697 24.63768307268432
1698 24.042744895905553
1699 25.00029140256228
1700 25.17744027444754
1701 26.662985895210795
1702 24.712104002579636
1703 22.853108937340526
1704 21.117569247093222
1705 22.67486725996067
1706 22.046085245612378
1707 22.054784492564796
1708 21.782861916204524
1709 23.157167531252238
1710 23.38630034794407
1711 23.269337817862787
1712 23.01002467086749
1713 23.288924928780396
1714 21.33188987029753
1715 21.191898465888528
1716 21.293329400578234
1717 23.123787331038045
1718 23.634501988393914
1719 23.444599157743006
1720 22.126174237858542
1721 20.92760136132519
1722 20.5603169295919
1723 20.815420796841217
1724 20.58847720596705
1725 22.36203515244744
1726 21.698330569389366
1727 19.769549310002308
1728 21.393252994827005
1729 20.87873396150037
1730 20.906619600097915
1731 22.560328339141353
1732 21.37475514330825
1733 20.483566944267736
1734 20.390459662410983
1735 20.806771492200124
1736 20.14932410438194
1737 20.010495858767175
1738 19.88383484650373
1739 20.67240703482862
1740 19.657566788106788
1741 19.311105943090972
1742 19.29478847881123
1743 17.612874298018614
1744 17.711185260254204
1745 18.096077059092917
1746 18.209945586153466
1747 17.951075995119137
1748 20.06341053841819
1749 19.64408164669989
1750 17.93834041706111
1751 17.18321912567005
1752 18.14502088781941
1753 19.80736706457885
1754 16.787126813845134
1755 15.956222455835757
1756 18.630818216874626
1757 18.118660414648314
1758 17.31414158990931
1759 18.04054082274929
1760 17.368443204749745
1761 17.895887736593604
1762 18.09335271670514
1763 19.035737656458142
1764 19.01180112797169
1765 20.875417315870138
1766 18.71270109226611
1767 20.56017207533287
1768 20.089308687572558
1769 20.53944836337793
1770 20.034958597187785
1771 19.5716577321716
1772 18.809045613193405
1773 19.456169023939925
1774 18.681790025617207
1775 19.74319021739023
1776 18.317495664104033
1777 18.506985866845103
1778 19.696748995823658
1779 19.857198775749264
1780 19.071902739269152
1781 21.001500373884774
1782 16.478047005849167
1783 19.2977911532862
1784 17.052111719126074
1785 17.494350221449906
1786 17.44417116994944
1787 20.043724643899242
1788 18.76660309528582
1789 16.519797320793398
1790 18.534154314821304
1791 19.366035561629598
1792 15.622337137079569
1793 17.758445670446466
1794 18.164730321154533
1795 17.795093737344324
1796 16.826254451259917
1797 16.323757640052666
1798 16.20120783780346
1799 16.759804855873128
1800 17.646524841484652
1801 18.142099377601966
1802 16.406196379281898
1803 18.13378411687262
1804 17.831390696766366
1805 17.140966599318716
1806 16.39500533052122
1807 16.802140168616884
1808 15.201179708956923
1809 16.90026729974603
1810 18.728102847728636
1811 19.717678885827098
1812 17.809573299804974
1813 18.310541403025763
1814 19.371622196208698
1815 19.326428927190456
1816 17.121249850922556
1817 18.16073686036207
1818 17.466479149651768
1819 17.969251163281722
1820 16.642207853435192
1821 18.622738329885664
1822 15.86477263018137
1823 18.64337416475887
1824 19.744800565574224
1825 18.85604619090551
1826 18.348992585543307
1827 20.237174744011664
1828 20.528083455418923
1829 19.006568997667625
1830 17.942314914135853
1831 16.997192911247815
1832 16.998215935329856
1833 16.727509968180716
1834 16.349685256505396
1835 15.764555582000819
1836 17.79915381848931
1837 19.897659999413158
1838 19.85820731324222
1839 20.129847077033283
1840 20.25403873723463
1841 18.040558523091587
1842 17.904488812900965
1843 20.316740056573902
1844 21.26782963151481
1845 20.52957891527639
1846 20.666379971881092
1847 19.125057783943305
1848 22.555519766498623
1849 22.136445621958337
1850 19.397627080456008
1851 19.77272994657759
1852 20.803278350237633
1853 19.64628021848908
1854 19.46565040748257
1855 19.05490627850959
1856 19.75690995258733
1857 20.8159596324686
1858 19.66167400987749
1859 18.259396281603067
1860 19.883630336905423
1861 18.90090880588892
1862 19.057246217992905
1863 17.398973459345022
1864 18.214744465429547
1865 18.908758175254807
1866 19.024061622617015
1867 18.708983252756653
1868 17.108709204498453
1869 18.904851225361398
1870 18.148559714180625
1871 21.237918617895
1872 21.25302307687889
1873 17.04778739418449
1874 15.875582231220056
1875 15.887530438120177
1876 16.78141333102128
1877 17.518670329077647
1878 17.312163682548455
1879 16.29634961976995
1880 18.50982963236782
1881 17.04432908614181
1882 18.682574634321828
1883 19.078718254996957
1884 18.664510536799327
1885 19.77294752679621
1886 21.2653676726787
1887 19.08375691382485
1888 17.03803741744774
1889 18.17117181029915
1890 17.233330421776106
1891 19.67538493968317
1892 17.235357378355996
1893 16.790442100903128
1894 17.388831629293428
1895 17.62881839794
1896 16.703428458403618
1897 19.808950938367694
1898 19.38896315266616
1899 18.688141069727273
1900 18.996606989880977
1901 18.064358268946492
1902 16.95629135755107
1903 17.959804962568967
1904 18.033331758709917
1905 18.808238563759545
1906 19.266060758572582
1907 20.033815856298965
1908 17.65218856799304
1909 17.415973389136646
1910 18.293849766965522
1911 18.571740287441614
1912 19.77720414221749
1913 23.507945416452554
1914 20.530420306176993
1915 20.262322372120988
1916 21.372217039520102
1917 19.438886066430705
1918 19.431933819318264
1919 18.992285157759913
1920 20.38296236174227
1921 17.91522040203422
1922 19.286887427119165
1923 18.950374682393655
1924 18.432001939214157
1925 19.66086763347582
1926 18.177852519045075
1927 20.839592049685177
1928 21.29973081236563
1929 18.135082813078014
1930 19.25287009012409
1931 19.779577556155566
1932 20.07961323824284
1933 19.99521907790552
1934 20.125994430041878
1935 18.19028486848331
1936 20.192506898613132
1937 21.20913462995667
1938 22.491576273769947
1939 20.1780313523708
1940 22.42850928512158
1941 22.505247021197583
1942 21.286389968106242
1943 22.098770234026922
1944 22.48394380510745
1945 24.044610233889216
1946 21.805977086900022
1947 22.56002630636803
1948 23.51419499793794
1949 23.513208571122018
1950 24.29461827712711
1951 22.611739040734253
1952 21.98676424276956
1953 22.90650766931998
1954 22.24721531673481
1955 24.03096542334349
1956 26.101762126940475
1957 26.29122902350678
1958 23.74347202407614
1959 25.975561448548085
1960 23.553517130183987
1961 24.93573779786492
1962 25.33945706399532
1963 25.752504321825015
1964 25.447017063126065
1965 23.127810436129202
1966 21.4477694758647
1967 23.084431381972355
1968 25.504752564665438
1969 26.05109189737677
1970 23.192251718254983
1971 25.604695019038893
1972 26.01606437626737
1973 25.68905805332066
1974 24.368070833398583
1975 25.02137440301139
1976 24.772640022551315
1977 24.728174163865503
1978 26.461707489853076
1979 26.567192656771105
1980 26.088174692250103
1981 24.332582112611373
1982 26.77105303493336
1983 24.564745315506407
1984 25.719942583186388
1985 23.77577110311014
1986 24.148027905816907
1987 23.95261110117197
1988 25.24423567394149
1989 22.959020034553657
