0 13.67223450689658
1 13.22432741263584
2 14.34419046987105
3 14.611356265806089
4 14.210739032244643
5 13.717750235098661
6 14.795460142991216
7 16.96376851213725
8 16.70161328766869
9 17.490733462114697
10 15.270667587922615
11 16.075066352526537
12 11.423665142480898
13 12.604516010193972
14 11.893737147466547
15 14.30282407312481
16 13.921722523623558
17 12.381996008639158
18 12.422823510746417
19 12.657562589317696
20 12.70405340071362
21 15.780955121146542
22 12.859657541217876
23 12.411396609772012
24 11.544696620161309
25 9.480603676017946
26 11.743506594166524
27 11.375233535584437
28 8.978036597065595
29 11.712827659178567
30 11.554131465393354
31 12.318587754279033
32 11.674019280063389
33 10.899131418839845
34 11.38030227215053
35 11.837902391018364
36 11.150497870745902
37 12.420771951042594
38 12.248552056949084
39 10.99747609688842
40 13.198810416347136
41 16.29161461601608
42 15.17079447273588
43 15.368937923003667
44 14.372101309389995
45 13.118308450118446
46 13.348444420827283
47 12.15319541693662
48 13.428844003950381
49 16.296736257696125
50 12.361798042559332
51 15.946708086801335
52 11.727823897282665
53 14.317410475416922
54 13.050998961697484
55 12.71367779512464
56 11.242064734933084
57 13.450288697319575
58 13.815730279805246
59 15.226088998759167
60 16.454090526909468
61 12.245570860648991
62 9.574342993636963
63 9.784789566149778
64 9.75204687078277
65 10.66666245336786
66 10.084676315200921
67 8.810184571951728
68 9.272058751701431
69 11.605335268519518
70 13.308831296943158
71 11.463480270475785
72 8.522236577934208
73 9.896273460753434
74 9.68015998415882
75 9.69863387629829
76 10.196386505331116
77 8.127851555523353
78 9.576693236676137
79 9.920844503337152
80 10.389501309851019
81 9.595775585344136
82 9.063337693844927
83 9.769763058228891
84 9.895562015691194
85 9.977492170620282
86 7.479085839147803
87 8.425219044536648
88 9.689872657632481
89 9.587012630641217
90 8.633615833036544
91 7.990065701423807
92 9.716465364060689
93 10.018731122229966
94 10.551605834081547
95 7.762252054661174
96 8.796563151898273
97 9.070891543931026
98 9.624385243486653
99 9.365564494515047
100 8.916504454790896
101 8.42826720555975
102 8.38044658111358
103 7.578115069290694
104 7.093799724282971
105 8.731805542734675
106 10.082593225455119
107 9.813716233074052
108 10.017078449342186
109 8.847089161743762
110 6.426455414366721
111 9.770205872795877
112 8.438545470041594
113 8.259166092112391
114 8.440515289038743
115 7.345517448748682
116 10.122381576143367
117 7.8464002270868045
118 6.968888222368766
119 7.510193458212536
120 7.6930304147362305
121 7.533590185775283
122 7.138878238010993
123 6.490359834087251
124 7.0651601077582455
125 7.54758378293448
126 7.857587344292015
127 6.717544172607208
128 6.881636142692006
129 6.231261767101153
130 6.157732402091314
131 3.551881999350378
132 3.5350374152692905
133 3.8239922080568856
134 4.088755193832601
135 5.282879259304652
136 5.8897436915651475
137 5.992556269728397
138 5.73226529919759
139 7.808868479687335
140 7.340338787325165
141 6.894876696937641
142 3.531588406516265
143 3.531912201284601
144 3.556484175675164
145 5.01169778063735
146 6.501647148531461
147 7.82844625317291
148 6.239121794325598
149 6.261518588689024
150 5.203324008162662
151 4.253961197524777
152 4.40624590211202
153 6.475731742619812
154 6.843311929114218
155 6.596698749492179
156 6.663212306003595
157 7.485042855316713
158 8.648362811386844
159 7.7245012417239165
160 9.105980970211608
161 7.8513174751710055
162 7.894901611065509
163 6.390483522672968
164 7.43169585110493
165 5.423687283814842
166 7.344177193441963
167 6.625047234913053
168 6.411126159493174
169 6.674301462228666
170 10.21041968854894
171 6.90760255064047
172 7.913569579275519
173 9.15035103408955
174 8.178749635470263
175 10.715128832985894
176 9.432081578288125
177 7.935794803742995
178 8.431296790654637
179 7.597943416455653
180 8.139547335354058
181 8.290314869330928
182 6.6655831069098115
183 8.631193887850934
184 9.140257582498434
185 11.391550076461465
186 13.150760342407546
187 13.213170494825663
188 12.610811794040686
189 12.154840705351068
190 12.033982792781437
191 12.120931792592556
192 14.514412645426656
193 11.993520500455597
194 10.19992562783047
195 12.792744145352135
196 13.52761481295702
197 12.563127985133116
198 11.879982371212128
199 13.597005355082684
200 12.646130742128683
201 11.866823190160611
202 10.392376300608516
203 9.427468632283988
204 8.69372481670415
205 8.432287536647202
206 9.13834390735222
207 8.68688382226572
208 7.579559587224865
209 7.711621300483228
210 7.676104076240257
211 7.838781259411578
212 7.380587944859076
213 7.755469026061478
214 7.815762912327052
215 8.119342678301535
216 7.5092608861209955
217 5.816831112091912
218 4.571834394959988
219 4.056542846092789
220 4.784324223807295
221 5.606959142618816
222 3.682179987923382
223 6.612781049864622
224 6.197923925858583
225 8.049388657367604
226 9.332675460795167
227 10.50568557169059
228 7.349226088846357
229 7.911266988067106
230 8.13239427207686
231 9.090936928363273
232 7.86939312593206
233 8.257794477512466
234 8.113287963239678
235 8.062656865000571
236 7.640005201119562
237 7.821771707445885
238 7.531835168501779
239 7.096578589627016
240 7.660276413197633
241 7.864286083690212
242 7.145746106795946
243 8.938896834426341
244 8.857200463018563
245 8.51992848036529
246 8.190709268124476
247 8.74606211291331
248 9.377097194348787
249 8.19257393394653
250 7.034614344340438
251 7.369446199682624
252 7.216535755327012
253 6.248482576533608
254 8.188765516792177
255 7.807837210346824
256 7.8139236046496725
257 6.086141330555969
258 5.595930409489826
259 6.67491509844464
260 6.401469313409772
261 5.803038858251125
262 6.420151988681996
263 7.121760988504138
264 7.78976424503375
265 8.449787321219672
266 8.758223534943697
267 8.556242446382434
268 7.290843490439103
269 8.419859977565007
270 7.7730184818774095
271 7.084979307113546
272 7.1092995126604555
273 8.103971155842805
274 6.762802458711648
275 7.764808330354755
276 6.828899678480638
277 5.977046529921702
278 7.458112720056122
279 8.501672241642986
280 9.524148539680533
281 9.574801349689736
282 10.540614448395079
283 9.537101639402284
284 9.936932880660851
285 8.364407184270513
286 8.724280127348859
287 8.632661170950163
288 8.12210074520392
289 9.042864134354915
290 11.02862356888392
291 4.777425189422692
292 8.90681502665357
293 7.195825297762795
294 9.601356152979871
295 10.972582033101189
296 11.349981216714182
297 9.027568236297702
298 14.453640078006064
299 10.375592362147462
300 11.065140265986656
301 10.301439409997787
302 10.507981122462262
303 9.143161301695864
304 13.97003198322223
305 11.556236061293664
306 16.192566829565667
307 17.959953411086794
308 16.80136879282102
309 17.14640465209531
310 14.617939055671915
311 11.969359719958838
312 11.921223735224073
313 13.375018783082414
314 12.598069805636968
315 15.530938617306166
316 15.65169547306854
317 15.03871529665225
318 11.298865857883813
319 15.44517132184693
320 13.153472051798154
321 13.61986889453514
322 13.180230490465979
323 13.211317689731201
324 12.228228016329536
325 12.772708377947817
326 10.900382059055021
327 12.058064825039578
328 11.809081350178818
329 12.558816977183437
330 16.82341781489778
331 18.708182845939156
332 16.52313867914812
333 17.199254242045278
334 17.03549943508789
335 17.60455004701966
336 17.66368370693642
337 17.46477743991082
338 16.912488981533645
339 18.00772582283319
340 19.230987700624418
341 17.217541527822874
342 16.205390509952647
343 17.026787995084955
344 18.603230133112703
345 16.140452277113862
346 19.481378198460362
347 21.416993210373025
348 19.528490565951827
349 18.87438679170231
350 18.081430689122833
351 20.043198544866495
352 18.09574498770696
353 19.81263458414288
354 18.6836460117067
355 20.972332830932306
356 21.166793109472056
357 22.064498400510633
358 20.224512429500635
359 17.66018228040501
360 18.020528785934502
361 18.860289127834363
362 19.32355992129689
363 20.245294395154062
364 20.84297677521191
365 18.163727719766957
366 18.769759542292842
367 22.116160053885803
368 22.49314924513132
369 20.877999504402283
370 20.858557445393558
371 22.277344857566032
372 20.95629275022002
373 18.89676104101283
374 20.798243085460115
375 23.6815839201852
376 21.527647989974728
377 24.474481031565567
378 23.137960728989306
379 22.801834170779905
380 24.36003076896486
381 22.198914215665656
382 22.3075326164579
383 24.108055240800585
384 24.889638465717557
385 24.67109443548575
386 23.398765306875557
387 23.32680606963903
388 18.262297940171468
389 17.131825923356455
390 19.64390532786085
391 16.226625926982848
392 16.969762428581884
393 18.4344623093908
394 16.632215859468413
395 18.943879915605134
396 24.20681170885706
397 23.149217286415745
398 21.329177787988964
399 20.93708769125269
400 21.29777509447185
401 19.823532406669997
402 20.156779445115887
403 23.89667604057926
404 22.70635544135324
405 23.64818124574296
406 24.65011608069318
407 24.353539533507828
408 23.6081858203376
409 22.91112508496331
410 24.80260065181726
411 24.970577109269616
412 25.453922063774293
413 25.43258741495789
414 26.96022723683041
415 25.362857891472782
416 26.27495993431638
417 26.06851853156005
418 26.662497800733306
419 25.435863120585456
420 25.659124614885677
421 25.84443959567963
422 24.725492597638283
423 26.11557047739785
424 25.778860909369133
425 28.064146900399937
426 27.046364557929028
427 25.823657803740538
428 28.35167886572765
429 29.85231321446995
430 26.6220366644815
431 27.943287775813545
432 27.347723215198176
433 28.882503703163465
434 27.372562440555104
435 28.29814809803942
436 29.623312120831077
437 27.78339887669036
438 28.060024267104033
439 30.00317087908028
440 27.255189849825136
441 25.911251254820574
442 26.706372601056458
443 26.899937654138416
444 28.152907302436123
445 27.74290036178255
446 25.95592990482522
447 26.21403779250442
448 27.037598644354837
449 27.227873085827408
450 27.24906401518092
451 27.190790152870388
452 25.635648819899473
453 25.32910963182739
454 25.437797984928604
455 25.160729631048735
456 24.27787670801497
457 23.868089887838536
458 24.053954691952132
459 23.88822146300185
460 25.528928069296082
461 26.081517063373493
462 25.88991097662945
463 24.22414075570544
464 21.736832034286063
465 20.576673198297645
466 21.829759709901296
467 21.489532441072058
468 21.9940444841544
469 22.27959330250219
470 21.651555545884374
471 21.53090755815923
472 23.555028369774355
473 21.73581513119134
474 21.67914764270505
475 23.444737823613423
476 20.62607858285604
477 21.66573902986037
478 22.200604902869582
479 23.224671830759576
480 23.614354256480958
481 23.631521355449483
482 24.237156168627845
483 25.052499665403936
484 22.566888627568282
485 20.516579583868847
486 21.695106036755714
487 22.46613980814097
488 19.92383569357217
489 24.814522569868597
490 24.212491620460334
491 23.73768960152455
492 24.76465712590078
493 25.946437134491045
494 24.572009022504783
495 25.08992786348947
496 25.99384239231263
497 25.57791722297149
498 23.114834203992157
499 23.137979574734903
500 24.036568211098068
501 24.780435607114523
502 24.691246312351254
503 24.18156559249379
504 26.25581793722866
505 24.03203134406298
506 25.037443735173746
507 23.650590815188924
508 23.243830590260465
509 26.911181220102584
510 22.17334362091043
511 21.844302553353092
512 24.828680685024647
513 23.2341815085103
514 23.68831787024493
515 20.5168065904142
516 20.19538144083709
517 18.289525969651798
518 18.382802880143633
519 17.776710284854097
520 19.251651534454133
521 20.04983012548306
522 18.97255139477007
523 18.451527103188425
524 19.448709899522697
525 19.92204379245644
526 19.379828667714662
527 23.34884360241673
528 19.379356275697717
529 19.276747397647174
530 18.446699997871427
531 20.220449652542577
532 20.088992271835526
533 18.38910173805271
534 19.961013569471735
535 17.404244463322176
536 17.400475155749305
537 17.56535225573813
538 17.33937636526829
539 16.446426017256254
540 14.965265628105678
541 16.351491205681594
542 16.07271936605485
543 17.067672556207064
544 15.531571271477207
545 14.36310027756773
546 14.934305242765216
547 14.343300294400844
548 13.363579819146123
549 15.18494029635154
550 13.839668204261484
551 14.91740677973032
552 15.857748403467589
553 16.18800470872995
554 15.393608872968379
555 14.680419267367544
556 17.587201096585755
557 14.338991641967274
558 14.778489098949075
559 15.728532702365023
560 15.828167579138768
561 15.005897806022354
562 15.125447789430499
563 15.77971328137394
564 15.298157211499305
565 13.149890646703216
566 13.69490149924702
567 14.648392853179862
568 13.872062103811645
569 16.072653663185545
570 16.583305364927373
571 15.59189296215364
572 16.42642407910817
573 17.37859190603401
574 15.639891294791058
575 14.425098497652113
576 14.410272665778463
577 14.427010130856551
578 15.785659729891998
579 15.099097495935068
580 13.54085181710788
581 15.962357392250597
582 14.700873214029562
583 15.038200447350684
584 15.69737849599658
585 16.63537772383017
586 15.831769499040398
587 16.990198940176906
588 15.182457933467218
589 16.60502933014058
590 15.61088471205002
591 15.286670217453025
592 14.064803736821089
593 14.963709837559191
594 17.11096866057725
595 15.626332931450884
596 15.890342577794536
597 14.028583966645849
598 15.905268577499017
599 16.336503256836014
600 14.720586714588201
601 13.462741207655283
602 15.546718373336246
603 14.547996281459282
604 14.30730076523276
605 13.940668518485662
606 14.131410241037019
607 14.076856474892253
608 15.88469898023283
609 16.391494527918606
610 13.930653335462033
611 18.369758807756035
612 16.98361533568235
613 16.36064770774083
614 16.800846361429294
615 19.469127433718516
616 15.642233797928967
617 13.73806458537084
618 15.257703510976796
619 14.672703481918193
620 9.212221072307779
621 9.531338342428674
622 10.197313760309267
623 10.147770823993842
624 10.127902165024748
625 9.617907561560042
626 10.141206019620466
627 11.314328947828228
628 12.385654960877993
629 9.775221662040732
630 10.085900039538373
631 9.428611081451152
632 11.52216493331793
633 10.620156021645093
634 8.5306854858087
635 9.247531380351914
636 8.666186067698618
637 9.801781848454636
638 9.142867496503337
639 9.750576710288218
640 11.413891862458245
641 12.57150180342858
642 11.35650486670401
643 10.8296124329861
644 13.167440675394362
645 11.093825211064638
646 11.654995283566285
647 11.782806330349176
648 10.488101861767193
649 13.48940653879053
650 10.854134181160422
651 12.348180138882734
652 9.857508725943374
653 11.133364918261721
654 11.696061953754462
655 13.03906069093574
656 14.987039423658736
657 14.45893250590958
658 14.267380209978182
659 14.873420641746128
660 14.444946102624584
661 14.537808031380205
662 14.751571624080938
663 13.324995762540821
664 13.416849375358833
665 12.17443794198025
666 11.222360609278851
667 11.55836563917469
668 10.70564855345797
669 10.584897154949156
670 11.923643359779174
671 11.668691855626175
672 10.821669556143258
673 11.477883834504812
674 11.189078441171835
675 11.369198621066646
676 13.787064427258262
677 14.23338501997389
678 12.518334905134527
679 10.98177274554112
680 9.729714750070567
681 10.741930857006375
682 12.048220883709217
683 8.86213291763726
684 9.953428503833031
685 11.16338896194059
686 12.706284667896437
687 8.162583535145572
688 9.830964560329107
689 9.035351134973492
690 11.40942609153493
691 12.711242298070319
692 12.617616523139937
693 11.365074502543884
694 12.512402811638784
695 12.527726988936035
696 11.050028328902393
697 12.73098495848501
698 12.166074702567913
699 10.70042521708869
700 11.196077471488143
701 11.829275107827689
702 12.417088788847423
703 13.02467988660059
704 12.422957383080613
705 10.316635878853063
706 13.499883583626952
707 13.802119118147655
708 13.578526370639562
709 13.906567040704651
710 13.718444567114995
711 13.141388731743554
712 18.608663693276657
713 16.710729228410994
714 16.44270851037476
715 18.986660236054387
716 18.11787659617127
717 18.720128914630855
718 17.05796702552078
719 19.826467178867922
720 16.18117773312
721 20.008901226107326
722 23.04932747393391
723 22.477830542652324
724 20.173278933055926
725 18.532732636002304
726 19.84870992311883
727 20.21242686878279
728 18.65858247819898
729 18.15429157753064
730 19.627879473781746
731 19.489120514400305
732 18.23005055793263
733 19.07461940093451
734 21.107394656806584
735 19.868822984045547
736 19.695072614316903
737 20.475092920331385
738 18.715291683073843
739 18.682041935095175
740 19.726244512990558
741 17.99046405630696
742 18.800260615215077
743 18.015729142117518
744 17.47604515875225
745 17.4420599613695
746 15.893802675365896
747 17.115715834347455
748 15.232387813596347
749 16.144757287797226
750 14.47104886493387
751 13.148856273487006
752 13.392187988036186
753 11.985047313732759
754 12.550551696227698
755 13.881758946822789
756 13.161928497929157
757 12.715350652779762
758 15.563181905278284
759 16.207497855842025
760 16.98670442438912
761 11.70620296313577
762 10.81624877986772
763 9.45051423297577
764 10.419593073621447
765 11.253058083751597
766 13.670596792893061
767 12.561946180932752
768 13.756090094259928
769 14.597393094307757
770 11.203385998322254
771 12.567127273855343
772 13.467442240010397
773 12.972417099322891
774 14.328467975712861
775 12.85238528029506
776 11.833750373971656
777 13.598039598696708
778 14.732391277009055
779 14.334711793232785
780 11.630315186184152
781 12.911072227860057
782 16.79471606077337
783 15.585539166853676
784 16.49338081638551
785 15.61761383005985
786 16.287714116247333
787 17.955360537145914
788 16.180430560618042
789 15.271685710974603
790 14.865330195674199
791 14.767894904223652
792 13.530685436158091
793 14.716548041026398
794 13.220018470521595
795 14.802671351845406
796 14.341092911916338
797 14.301102275361705
798 13.95013703587542
799 14.318898571362814
800 16.94614852938822
801 19.268371175210365
802 17.466232572844998
803 17.455648930098643
804 17.9198321474224
805 21.533794907954192
806 21.620463998359053
807 19.157651382954864
808 20.86955321923453
809 19.474912489725316
810 17.46092053077269
811 17.52929361455312
812 15.816510149554247
813 20.02681376694651
814 16.09032933129954
815 17.32430661510913
816 18.115857823842603
817 14.617507955906646
818 14.206991654686382
819 15.259423913653716
820 19.818742371833398
821 20.231262765176865
822 19.05577284574134
823 18.693916520969328
824 17.152672909083957
825 13.749448385265843
826 16.8244682647742
827 13.790234387219101
828 15.257701310967963
829 12.190633601716497
830 15.824868873215237
831 14.772090389017288
832 16.55292075483168
833 18.7973845456456
834 16.823890052200593
835 17.032637748105593
836 17.927143200344045
837 17.459719609717556
838 17.68041863962349
839 17.765696069368726
840 15.87472257691736
841 17.94478680547885
842 16.258047454988958
843 18.90084285532056
844 17.964247441845615
845 18.095089394304456
846 17.853986234444616
847 17.371904034144126
848 18.641845749306214
849 17.70987075913021
850 19.03803707760614
851 15.038114914754079
852 15.542019796771484
853 17.08734671480058
854 18.294043143504105
855 19.63785975275727
856 17.00371814161559
857 19.38267517860193
858 19.29439479451885
859 17.780963288265433
860 15.955878773215403
861 15.04401538217333
862 15.748455899416697
863 15.694680613890682
864 16.24742141908099
865 13.832136768518746
866 14.542402565286258
867 13.219338198871842
868 15.52702562449062
869 14.890090636897218
870 17.222456102158205
871 16.103044876111348
872 14.561015933925662
873 14.400646106647994
874 9.99565101932308
875 16.068713497879312
876 15.610928716856328
877 16.41512581864287
878 16.581065301816547
879 12.817385611594048
880 16.864447439474525
881 15.934953381236706
882 16.552949639687768
883 16.113974892435287
884 15.197635053408245
885 14.077132182169406
886 15.00989727911604
887 14.94938004854373
888 14.715459002077363
889 16.906837334149454
890 14.97104593874851
891 17.416189802415843
892 16.943921662105428
893 16.1959998057057
894 14.040662757540533
895 16.69119264686588
896 17.65985940135148
897 18.020705763826843
898 17.82960104511516
899 17.05682534697899
900 17.750533884161094
901 19.287846989413648
902 17.27582145217676
903 18.678897737040405
904 15.72903504225429
905 16.757981285084853
906 14.825941336921833
907 16.533582776456498
908 16.698623547984802
909 16.91444475323408
910 14.288125256183424
911 14.326877432046203
912 14.442818821995628
913 14.321877413924621
914 14.976119680387283
915 14.460821168235535
916 14.978504552549486
917 15.171192078278638
918 14.32946842943337
919 17.02344099685581
920 16.213108688438584
921 16.399320610033765
922 17.521037901302847
923 16.282475589589307
924 15.988681286631833
925 16.151468225703205
926 16.666928965730555
927 16.296915890130148
928 17.59606086098878
929 16.90854962218636
930 15.54323932107839
931 15.782297816288478
932 15.482307090962967
933 14.64074710314649
934 16.061906844228297
935 15.353993278068476
936 15.861369014491794
937 14.480543939916503
938 17.31096046807445
939 13.788727456563805
940 16.774932831686897
941 14.218203339670866
942 16.76626316203886
943 15.93460562834572
944 15.240566566638496
945 14.70338466629204
946 15.47331004692725
947 13.965137921871849
948 14.25108337058371
949 15.625348107139214
950 15.801847212371566
951 15.824382357057559
952 15.066634946735435
953 13.60287829676231
954 14.382656523211997
955 14.498333801505558
956 13.094725323383706
957 12.881250481361464
958 14.872364529349483
959 14.517613059814368
960 14.983543071386325
961 15.617332345753466
962 15.591959518479543
963 15.189055178245214
964 14.570970668945593
965 13.538027725780184
966 13.399547101166005
967 13.125892257653014
968 13.243329530846552
969 14.150108328604974
970 14.203867947115983
971 14.339699760777723
972 15.194702967001755
973 14.170020978663985
974 10.557431626532633
975 11.165253477242002
976 11.248575218712311
977 12.133863432754834
978 11.882300165690793
979 12.920187900602281
980 13.12179279412409
981 10.260471233593274
982 10.639397361484164
983 11.309009715400403
984 10.701114125034554
985 10.213932542990323
986 12.024247156391487
987 10.885495856859615
988 10.767724734699879
989 9.241712447562152
990 10.845824320530717
991 9.437613727817801
992 10.574877450098755
993 10.317536971183321
994 12.908566847779031
995 12.095217768357374
996 9.700927196776664
997 11.879505931345898
998 12.376880503286431
999 11.267645923146528
1000 13.01134509764294
1001 14.300691531506837
1002 13.67025686946657
1003 16.25038207770178
1004 16.592577417742707
1005 14.033749245117544
1006 17.056593597265312
1007 11.097314842413276
1008 10.947056245613995
1009 9.658808654364107
1010 9.32523965904
1011 7.130938008428384
1012 6.374215384138335
1013 6.406525995492273
1014 6.211445982758374
1015 7.543755068937772
1016 8.164536755220842
1017 7.182761644290578
1018 7.892999392093776
1019 9.208845718695812
1020 8.89956694881067
1021 6.926022384010966
1022 8.326948691564942
1023 7.468023790270254
1024 7.027026568689558
1025 5.962971650192255
1026 6.366480605057425
1027 5.6663997567771585
1028 4.307387322918504
1029 3.408119474978221
1030 3.6130811123664137
1031 3.803211160929051
1032 3.5457230420347123
1033 3.4190959891159904
1034 3.3929195947553374
1035 3.4161412484045814
1036 3.5216113613742666
1037 3.5927432651022086
1038 3.432319460123744
1039 4.060073384996594
1040 3.478743514364933
1041 3.5863056880142903
1042 3.645423045759578
1043 4.072097012434457
1044 3.462657263366996
1045 3.4790082063736785
1046 3.466816137266906
1047 3.792723857333154
1048 3.591320697521428
1049 3.512782113876982
1050 3.5541061492240567
1051 3.436470758931627
1052 3.56932978656122
1053 5.515896151037108
1054 6.0064534099180085
1055 5.323489195546483
1056 3.5082297230643396
1057 5.844199230785165
1058 6.85405298364934
1059 6.15122838213654
1060 7.776220704676099
1061 6.357250249267994
1062 6.741501886049042
1063 6.682333230737609
1064 11.069833091767013
1065 12.882630920049936
1066 12.234724115998384
1067 13.470600199777586
1068 11.860329655636566
1069 13.206397737798016
1070 15.554730241958515
1071 14.582450650598119
1072 14.02740982415046
1073 9.662661808831984
1074 9.894538411091109
1075 8.906790417950658
1076 7.680702618704265
1077 9.48386350036794
1078 9.272158334069623
1079 9.60887318670289
1080 9.550957080368242
1081 8.183261501588381
1082 7.587721133234972
1083 7.958172941038736
1084 7.24909937306488
1085 8.526378991663643
1086 9.104608665855109
1087 8.005138442917778
1088 8.069503556766907
1089 6.573464267066834
1090 5.9174968169257065
1091 10.279121426601405
1092 13.670254991756963
1093 12.065399537309467
1094 13.246528235854703
1095 13.335894984710666
1096 12.1131084037557
1097 15.477412951569736
1098 16.263742538617176
1099 14.740777585219638
1100 14.313337672371098
1101 14.145909168177806
1102 13.669416620704933
1103 16.35303074385857
1104 17.570667574162467
1105 17.73999957055632
1106 17.8042670314716
1107 18.172447454650175
1108 17.998018086411086
1109 16.54425685224018
1110 17.62742696936653
1111 17.0778048717741
1112 17.284396122417608
1113 17.81721095178813
1114 18.335659286468285
1115 18.564984550998958
1116 17.04836373792638
1117 18.889591886533754
1118 17.462087598411856
1119 20.010378924570084
1120 17.752800178467737
1121 19.07612599379999
1122 18.89463362079062
1123 18.97930626946442
1124 18.77973307198118
1125 20.354995504458802
1126 19.932471790266515
1127 20.743035421686912
1128 20.405433143282462
1129 19.74456001254079
1130 20.616404124132643
1131 18.30269449408578
1132 17.967806246273966
1133 19.564515476274494
1134 18.833813505414728
1135 19.466186508288317
1136 19.189674535953632
1137 18.837290902692924
1138 20.956687786463217
1139 18.621779331613105
1140 20.14660532711529
1141 18.856390427553233
1142 17.04749802973762
1143 18.91101399046071
1144 19.490982980505823
1145 18.820408358785333
1146 19.307529178679225
1147 20.537519446510387
1148 18.080517575816476
1149 16.60803999613356
1150 19.724526016303145
1151 19.08419443464388
1152 18.629602393765783
1153 17.95721195905886
1154 17.76613434688065
1155 18.40632960908887
1156 21.491670841414912
1157 18.118478364348412
1158 19.123694752765637
1159 17.06773419834256
1160 17.903552081091835
1161 18.244794383211
1162 15.348219919211136
1163 16.194925980838804
1164 17.892406494080685
1165 18.21961600235741
1166 13.72157771527253
1167 15.14398481749151
1168 15.894148904547768
1169 15.04009322891057
1170 13.121048865188698
1171 18.507469117735052
1172 19.54187370564523
1173 22.244347538781486
1174 21.32553502992608
1175 17.98698234181952
1176 15.672646909804769
1177 17.087405941104688
1178 16.91095895670273
1179 16.65854210405581
1180 17.76035692067118
1181 17.523842838053557
1182 16.257551009580002
1183 19.072656284093647
1184 21.620769225386116
1185 18.46056619835384
1186 22.319770479670005
1187 19.66641142283942
1188 22.105651434391607
1189 23.38824756903961
1190 19.39625113560711
1191 18.196412569824567
1192 22.74444322352992
1193 24.321154833060803
1194 23.134684106989226
1195 23.34289814520722
1196 24.289169202052012
1197 20.4510617660289
1198 23.83424563929246
1199 19.339376961091443
1200 18.78375050686084
1201 22.281678886353948
1202 20.064588800525993
1203 19.31520462181179
1204 22.530918056934542
1205 20.7496478515173
1206 18.34563139703066
1207 23.736175926286332
1208 23.836380918923354
1209 22.29919875229734
1210 19.876423948124017
1211 19.52642528304545
1212 19.97652182281817
1213 21.157532541932042
1214 22.729509762189355
1215 21.212618571319254
1216 22.501036651082863
1217 20.367470778688674
1218 20.6487271359285
1219 20.68026830973009
1220 21.09487128216832
1221 21.68927916308689
1222 22.10348000526353
1223 19.811997839226922
1224 21.139534644207302
1225 22.726638655208923
1226 22.562292876087554
1227 23.205277399456577
1228 18.35120885746346
1229 21.376835359848393
1230 22.270701013594824
1231 23.852323441985284
1232 22.262687007908884
1233 21.67317451225643
1234 16.679959044766836
1235 19.767394800857442
1236 19.9088186508499
1237 20.441126234367584
1238 21.45462072614984
1239 21.755504589085728
1240 21.150076007886756
1241 21.721351217309994
1242 19.477133585959134
1243 20.681176676884817
1244 21.863804312563172
1245 22.518340085190605
1246 24.789044813480377
1247 23.098446906797196
1248 22.992659110871582
1249 21.132366173772
1250 23.016765193428448
1251 18.03873238128883
1252 17.40418116664392
1253 17.112746004936373
1254 18.00892347258022
1255 17.477117984902772
1256 17.16920504919683
1257 14.184624249377233
1258 16.213275414364304
1259 15.172579133454336
1260 15.354403893215197
1261 15.776085342038447
1262 17.419577060772482
1263 18.877781743809546
1264 16.424728670565248
1265 16.570830424792987
1266 18.929288188853963
1267 17.101971112792587
1268 17.216807245458895
1269 18.166134341395427
1270 18.665196200507093
1271 21.859022269287617
1272 18.182625648927644
1273 20.57862234823491
1274 20.33768306869421
1275 19.72941611187445
1276 17.80444699173819
1277 19.460163562148953
1278 19.617962921065192
1279 18.702343577068703
1280 18.402490426377337
1281 19.702301622067246
1282 20.14347414205648
1283 17.340741426397923
1284 14.776241842846666
1285 14.528366061612608
1286 14.004590325800912
1287 14.275394045776032
1288 16.645588880634044
1289 15.30732383228108
1290 16.349142359651314
1291 17.941969371318862
1292 17.708388758297147
1293 18.074064093741463
1294 17.73216802818307
1295 18.39633246539432
1296 16.567618743034217
1297 18.92357327291946
1298 18.577236532503775
1299 19.962143264480762
1300 18.76417048876395
1301 19.29344978659065
1302 19.727539665273678
1303 18.397861866427437
1304 17.601632218083115
1305 18.62726434541677
1306 19.376837343195376
1307 16.96465510295382
1308 19.00835969110674
1309 16.68141661085416
1310 23.44298776925511
1311 27.007454781473196
1312 24.790010723422114
1313 27.181917961930758
1314 23.285358846666828
1315 23.95712447520557
1316 22.99213118958031
1317 24.665582227482854
1318 18.72978817310699
1319 24.964456413615146
1320 30.87195408343306
1321 27.567149757814583
1322 26.843189771464377
1323 24.02250604783547
1324 25.867420038102033
1325 20.083867235627203
1326 22.60815721802896
1327 21.464632734038762
1328 21.036137398727636
1329 25.680634296988686
1330 22.30687867505062
1331 22.86112112389763
1332 22.79242868044213
1333 21.60530921551765
1334 22.263178319240318
1335 22.231412414807014
1336 22.999014197613775
1337 19.72536697280215
1338 20.10583263026467
1339 19.768536683035947
1340 21.71991222798974
1341 22.637567726401603
1342 23.217740911868834
1343 21.67712594773084
1344 21.851139881690525
1345 21.454142383119386
1346 23.909123691440662
1347 29.23582569926599
1348 26.544190279047253
1349 26.4689807203646
1350 24.00853405900481
1351 26.18245690925145
1352 23.394075678488953
1353 21.152043453258614
1354 19.795774058425547
1355 23.215941295457863
1356 20.013361385560472
1357 20.15039381827923
1358 22.758070310849515
1359 24.9831908096658
1360 25.53904616956013
1361 22.943370229722778
1362 25.018529517109368
1363 23.315622935544447
1364 24.121353843554786
1365 23.7031722203784
1366 27.68520280650958
1367 21.284547963812617
1368 24.321954869393565
1369 20.610640742640346
1370 24.51916414647319
1371 22.61638751741312
1372 21.499974069046303
1373 22.680525976978647
1374 21.98654986855717
1375 23.0729992193094
1376 24.156180775142854
1377 23.6737082628252
1378 25.835402057584968
1379 23.535222799205542
1380 24.336772571517805
1381 24.372934069609734
1382 23.688704803428642
1383 24.330930121442364
1384 24.345805071269055
1385 22.202496421822886
1386 23.51567064585012
1387 22.631923447732042
1388 24.547295185483403
1389 24.527324734063786
1390 22.361136117841625
1391 24.296184328599193
1392 28.803003579921636
1393 24.277257569927905
1394 24.312825443316314
1395 28.719511053510463
1396 32.039441683711
1397 28.05163477224575
1398 27.38696659291718
1399 26.582632681332246
1400 28.420681692372195
1401 27.568897971021617
1402 28.237860324319673
1403 27.804422394279452
1404 27.43907293056512
1405 25.24815406758567
1406 25.980796234167347
1407 28.557693291957285
1408 26.455760751420772
1409 23.588950154037864
1410 26.77951570003205
1411 23.396658573676458
1412 22.247547770738404
1413 21.16055254892243
1414 18.93139661423988
1415 21.076418655402072
1416 21.258508048507547
1417 23.330214472752427
1418 24.150865268701075
1419 25.732121065776237
1420 23.816625270518298
1421 26.027367849062472
1422 22.298746577131666
1423 20.1543022085719
1424 22.837662396420626
1425 20.97830934665067
1426 19.480403319515464
1427 17.9095862348328
1428 18.75203127474199
1429 18.134455803155436
1430 19.74327124844832
1431 18.631229971807915
1432 21.41396222217169
1433 24.58288062794988
1434 23.442305725062262
1435 24.864526588443773
1436 23.994098860086318
1437 25.861426709316067
1438 24.026737315557533
1439 25.636794741778726
1440 27.394001099193012
1441 27.21647974615307
1442 28.618943294976678
1443 25.963318165268163
1444 23.68481702745648
1445 26.06984297883984
1446 25.967154531201402
1447 23.835160874856545
1448 25.123792988997177
1449 26.472259505366583
1450 24.91335703855032
1451 27.403734719098534
1452 26.345852897864177
1453 25.419503509903432
1454 23.33599260379456
1455 26.50674578835015
1456 25.53258247065158
1457 28.15916876430963
1458 27.045341756368956
1459 27.483681644613696
1460 25.06362542454632
1461 24.139199226860786
1462 27.040353106088965
1463 24.54328377486991
1464 23.114210085579046
1465 21.75303171225339
1466 20.081091480784895
1467 20.717516308987527
1468 21.014797464920814
1469 20.13750003676268
1470 17.055710768006247
1471 21.32515285636744
1472 21.30414473700753
1473 16.67801889716624
1474 17.551899255275096
1475 19.340293726513643
1476 20.00601300564525
1477 16.30037123290383
1478 15.631963755629823
1479 15.066971702412186
1480 16.348204412089018
1481 16.880876474645618
1482 16.246309149506505
1483 14.519379168164466
1484 19.06197180283982
1485 19.46816486520445
1486 19.45050739290054
1487 18.907117178403105
1488 19.392952341587918
1489 18.70391145889645
1490 19.60193320855987
1491 17.44834657177101
1492 15.13149347237523
1493 15.219848680936444
1494 15.326348478045828
1495 17.43355907390815
1496 18.820542660304657
1497 19.48432867962866
1498 17.29302176816577
1499 18.836142252774174
1500 18.83954281114174
1501 21.158608338674988
1502 20.48043562461659
1503 20.11821993473384
1504 18.873944906443644
1505 19.772348948519667
1506 18.599329418445
1507 20.191481339189934
1508 20.35688388070686
1509 20.733704374500746
1510 19.501758799978436
1511 20.249921924630343
1512 19.63177287673051
1513 19.197227915858768
1514 17.462690055577596
1515 17.528288551292103
1516 17.39731928589604
1517 18.066223895391538
1518 20.575803229140778
1519 22.848910696107996
1520 19.871399266803216
1521 19.960927348980814
1522 20.407107569883888
1523 20.47663928631385
1524 19.79765135627795
1525 20.450276132445904
1526 20.457649705526517
1527 20.051812337847835
1528 20.0247626701662
1529 17.671982136490637
1530 20.71593371315944
1531 19.012193345757098
1532 18.65599713333532
1533 18.20170946020782
1534 17.412782073025173
1535 17.667345783383258
1536 17.024639222870306
1537 16.51851515442553
1538 14.983268369179076
1539 15.218723594153577
1540 16.31316522663472
1541 15.181352642541833
1542 14.981828797059341
1543 16.10141668936459
1544 16.492212153760935
1545 15.366116212864034
1546 16.248465152338106
1547 17.20642881845281
1548 16.905170176412167
1549 16.457554348703297
1550 14.916410238839717
1551 17.290420918526294
1552 18.21541341776983
1553 17.29146799608615
1554 18.960970112904306
1555 18.06982498945897
1556 19.3007668998653
1557 20.994047144350468
1558 16.901293864435157
1559 19.908759349629236
1560 19.153151317899717
1561 19.834529656695604
1562 19.00136712544653
1563 18.90111057041265
1564 18.25190112836648
1565 18.524757849209713
1566 20.416207819465875
1567 20.44628833814353
1568 19.21604255435037
1569 18.31031758778592
1570 16.230613979166176
1571 13.309451678514037
1572 12.933866939815255
1573 15.139644827566022
1574 14.5700358530523
1575 14.35418496964359
1576 15.485202292015686
1577 16.25575637156835
1578 15.363575274086633
1579 17.209160738554996
1580 17.007717091001343
1581 16.342751421967353
1582 15.142746465463572
1583 15.732419249024355
1584 17.275888025944003
1585 19.808985789237283
1586 21.189338901077914
1587 20.865748578154673
1588 19.86214893558703
1589 21.311962747952364
1590 21.326060615306446
1591 19.907194475788415
1592 21.700350859556153
1593 22.443510061758623
1594 21.746588080445363
1595 21.95067143859471
1596 19.58052356640693
1597 19.722391503838693
1598 20.456894040124528
1599 15.488426492272366
1600 16.002113903382654
1601 16.73701176577213
1602 15.336018947768963
1603 19.355646426580297
1604 20.59887503666743
1605 16.832002700920835
1606 17.117323226240924
1607 20.622095060135212
1608 19.976598557792254
1609 20.240078217335935
1610 15.41923768242926
1611 16.215636132970555
1612 16.102076001215885
1613 17.085196894586595
1614 16.995048327889094
1615 16.954283810420236
1616 18.151047074039848
1617 17.37940118786133
1618 16.577939738885778
1619 15.673725978666699
1620 19.066687295684616
1621 21.356026870217296
1622 19.73688259627887
1623 19.369172881030227
1624 21.0212800669528
1625 17.72213565357184
1626 20.803361911536214
1627 20.692736071595704
1628 18.303784177957606
1629 18.637073441398243
1630 18.843137905843776
1631 18.694521019050267
1632 19.126477415069793
1633 21.02896889877698
1634 19.350515494219493
1635 20.161221034261807
1636 18.401122426677052
1637 16.129685619312998
1638 16.439469416376156
1639 19.223810536645125
1640 19.96391895453144
1641 16.76625345435871
1642 15.961640533526834
1643 15.11856029784711
1644 16.729858517394145
1645 17.822980319510446
1646 15.861383075392483
1647 16.042967699714424
1648 16.646981244215123
1649 17.847113501920152
1650 17.71050018098258
1651 20.468510088816185
1652 18.917798586108304
1653 19.585580077110663
1654 17.826271639214877
1655 19.755200775918144
1656 20.041400031925026
1657 19.45325856789151
1658 18.2685666498504
1659 16.2979977417419
1660 17.375748105360188
1661 16.000221683528284
1662 18.451632961012624
1663 18.463787183722744
1664 17.458201629017296
1665 17.54031887184118
1666 16.5019372894637
1667 18.28109872058066
1668 15.235370582246858
1669 18.613090295531098
1670 19.377638349882307
1671 17.37836046580905
1672 17.57708169022354
1673 18.52745939276515
1674 19.72499487880936
1675 17.626801605862955
1676 14.002043669630053
1677 15.37630154406691
1678 15.151253462837992
1679 18.844369719080156
1680 19.923002848924817
1681 19.663856131039434
1682 15.50238757789046
1683 15.491282834473486
1684 16.947382182656977
1685 15.471715922530903
1686 14.879325592591286
1687 15.975319805536474
1688 17.753293635223205
1689 17.180003680522198
1690 15.214297324747138
1691 18.771087436683562
1692 16.517025623190605
1693 17.81784246771906
1694 18.172531008002988
1695 18.561009304382914
1696 15.652427500375852
1697 16.07065895643194
1698 17.363482114616076
1699 19.591884124156312
1700 18.867871531136537
1701 19.444144139592055
1702 16.565632472347943
1703 17.61839435887461
1704 17.068625049698326
1705 17.119994837997847
1706 16.350909434232335
1707 15.507851585056233
1708 16.231842720210253
1709 15.398681980284886
1710 15.403181068963951
1711 14.821638521773963
1712 14.667766145219963
1713 16.563517253285998
1714 18.512480285352076
1715 20.369156893409862
1716 19.473643137681567
1717 18.69578632209544
1718 17.528132517109707
1719 17.53806611042473
1720 18.305092896263318
1721 15.921027899623345
1722 16.662652246323947
1723 15.972247283689025
1724 16.290270653393705
1725 17.96016381845843
1726 15.181806100531777
1727 16.83604312692624
1728 15.877148450552447
1729 15.692816039223022
1730 15.588235387019282
1731 16.311853638284294
1732 16.88128326678402
1733 16.182614395789177
1734 16.053807330501325
1735 15.479021736379181
1736 14.45671450362287
1737 14.533683639820415
1738 15.062204133727013
1739 12.652823405097733
1740 15.494015601826295
1741 17.470879742621793
1742 17.4226294072868
1743 16.673332504787908
1744 16.94594842941208
1745 16.313489444459883
1746 17.22396093030812
1747 19.372677255343593
1748 19.383602936588883
1749 20.93308968796858
1750 20.672740588169965
1751 19.565690577386537
1752 21.86700829605697
1753 21.104781681010497
1754 21.054196145965992
1755 20.70264067860687
1756 20.303767703974895
1757 17.856271530450982
1758 15.700386708030406
1759 20.535079340726618
1760 18.864699710886647
1761 17.43544092356484
1762 17.64090221431391
1763 18.56894251967684
1764 16.71301429410348
1765 16.39906651573842
1766 19.05005330416982
1767 18.94510222503061
1768 16.553167492270024
1769 18.473896739969856
1770 17.33038298944656
1771 16.579103902552294
1772 17.79023473900333
1773 16.190246511428462
1774 16.16155982842853
1775 16.919568135565456
1776 15.523921938027133
1777 16.533484472465553
1778 17.689476510995586
1779 16.03473230136665
1780 17.06543318937115
1781 18.021953522193375
1782 18.942281216361096
1783 18.860623213917634
1784 16.503901230173675
1785 17.43575280917135
1786 18.189862575822726
1787 20.560987463055156
1788 17.56523753960836
1789 17.223808880672603
1790 18.58186542492472
1791 18.25668295428555
1792 19.89725380573877
1793 19.169351619235606
1794 18.692105680051366
1795 16.942517402914852
1796 19.608840983825218
1797 19.99849159419492
1798 18.909300828709952
1799 20.872000699949464
1800 20.668824625467813
1801 20.028284610415398
1802 19.62273211428035
1803 20.78078680915914
1804 20.961678720413076
1805 23.675271058608107
1806 22.980656965859293
1807 20.44867577809026
1808 15.576952678081359
1809 16.993123726554042
1810 16.239312870946502
1811 15.600124821864684
1812 20.112995872626154
1813 23.64232210620133
1814 20.093498602698904
1815 17.954479044120607
1816 18.13030584983293
1817 19.185746674283862
1818 22.323334038307173
1819 21.068066080550715
1820 24.93960763062756
1821 21.286846266946853
1822 20.877171819931384
1823 22.480146591136002
1824 20.821463164917738
1825 23.18770753157172
1826 25.793298721729805
1827 23.330561498786018
1828 17.082931145085038
1829 14.458296419511067
1830 14.55365653402494
1831 15.049570450481914
1832 15.04312950465749
1833 15.929942036212049
1834 16.493076542799123
1835 16.43866621768476
1836 17.561941023170395
1837 18.025359394239516
1838 19.615354284857155
1839 19.19397266279951
1840 20.308523883727478
1841 23.034096238049322
1842 22.221109175511614
1843 20.937021950412916
1844 17.541610883446825
1845 18.34240286327661
1846 18.91191572707731
1847 16.517199914528998
1848 17.27339665319153
1849 17.937550894124378
1850 17.119930040674127
1851 17.140307088110927
1852 18.169479153638836
1853 17.07431404366507
1854 17.973441795049194
1855 17.9671066733832
1856 17.12537937776982
1857 18.413004920346623
1858 17.732177612537086
1859 18.233119644454447
1860 17.501545555621757
1861 17.198832656778603
1862 17.23734423345937
1863 18.11918582738049
1864 18.601973483198748
1865 17.820650652267457
1866 17.694295044434064
1867 17.627356845255175
1868 17.184260568763424
1869 18.266376028430855
1870 18.250809269242964
1871 18.49972326027427
1872 17.863219393337197
1873 18.220528017746606
1874 18.29883759000296
1875 17.891722604001416
1876 17.185242150947687
1877 18.069276592233333
1878 18.181802173966283
1879 17.73933864431815
1880 18.37743002597381
1881 18.112482766244167
1882 18.20026005787332
1883 17.168345201461324
1884 17.818521843511387
1885 17.603562485344376
1886 19.09914978422849
1887 18.829843210175774
1888 18.248614213489212
1889 17.38630266520325
1890 17.284552971735422
1891 17.899715120315662
1892 17.929980910396623
1893 18.34798122816766
1894 17.9023117402314
1895 17.534197149710103
1896 17.927435510746303
1897 18.683016109644157
1898 18.2845434279965
1899 18.667779197892308
1900 17.5459048812351
1901 18.290284465658353
1902 18.534867798854613
1903 17.439497197471763
1904 18.534486377548976
1905 17.945644542085628
1906 17.37486819554203
1907 17.200274992050016
1908 17.43391915074989
1909 18.28484046692862
1910 18.444888918919688
1911 17.856270586457743
1912 17.338353428558264
1913 17.027529692031496
1914 14.225743596487819
1915 14.91837854133306
1916 15.487365068759928
1917 15.40134033647019
1918 16.361499578854687
1919 15.76767520987873
1920 16.264464617139964
1921 15.768552393811003
1922 16.209080190844627
1923 17.614398215512125
1924 17.550257764172585
1925 15.663326276874896
1926 16.606945881543222
1927 16.260389786591155
1928 15.162664514721223
1929 15.53534902322222
1930 15.66469637892073
1931 16.345019436881593
1932 15.532519022729833
1933 16.897873074345707
1934 17.271711767284998
1935 15.774419129948422
1936 16.84538697449474
1937 16.500759350055443
1938 17.017018636178737
1939 15.709011801361486
1940 16.380531318151654
1941 16.579327381814622
1942 15.651443774434055
1943 16.916092898236617
1944 15.506369557823355
1945 16.429486722010477
1946 16.26922799294005
1947 16.189551988059158
1948 15.972222588630023
1949 15.884741031502935
1950 16.626415724266728
1951 16.330680027993143
1952 16.02642361443121
1953 15.284446651714202
1954 16.286809786456413
1955 16.365419288583425
1956 16.57959407645935
1957 16.547428682383156
1958 16.346984004022232
1959 15.643358674435344
1960 16.153168595421896
1961 17.543855418164377
1962 17.504538866290126
1963 17.301861885889632
1964 17.174839087180445
1965 17.85935327782746
1966 17.107359651313814
1967 16.35943046354404
1968 18.324486613372386
1969 17.820596848567618
1970 15.661353125591948
1971 16.793340363195476
1972 17.92787103889665
1973 17.60091110019655
1974 18.963290622145504
1975 17.317308160340833
1976 16.525258176512153
1977 16.41923126101109
1978 16.089895538068397
1979 16.8055629725969
1980 16.45531317238499
1981 16.234065251538322
1982 17.475800781239826
1983 16.641260703972225
1984 15.394391516492096
1985 15.87540547509525
1986 16.439644730942874
1987 16.15513734061208
1988 15.710678659944481
1989 16.300744268545333
