0 6.609730315670882
1 5.522179595492054
2 5.750569849264355
3 7.0164144391511885
4 5.888813858420802
5 7.037043699941289
6 6.1664640228393655
7 6.09200892541533
8 6.24217669919951
9 6.401176390222978
10 6.408813540429718
11 6.218555061576647
12 6.505665718145067
13 6.669454341489872
14 5.970310449461638
15 6.15928810500751
16 5.354514976578249
17 5.547666725684599
18 5.958934046811249
19 6.128840848361123
20 5.800698157533096
21 6.249993442476937
22 6.05347088137556
23 5.823303055855506
24 5.99171055176361
25 5.498275718890952
26 6.557870014957243
27 7.090715895570365
28 5.935770217261492
29 5.945527927409356
30 6.122371594099668
31 6.766937697781146
32 6.533898197617954
33 5.90895765420098
34 5.3743993857292365
35 6.941698157631372
36 5.304964465638258
37 5.9264348384869265
38 5.994620344043961
39 6.4307394706447525
40 6.870334798808483
41 5.922721429332115
42 6.499570673332322
43 6.25923258708911
44 6.391706325495382
45 6.640714310456154
46 6.283740096988101
47 7.1390913842742885
48 6.908111975816907
49 6.660876168094324
50 6.830538059815731
51 7.190695953058236
52 6.103765983349876
53 7.661969190544778
54 7.753747376528191
55 6.464029090232506
56 6.540327750336877
57 6.344839704513614
58 6.412614116026197
59 6.304678642497921
60 6.726796562529059
61 5.773076796397887
62 6.406210074510074
63 6.353167799125585
64 6.764604466219698
65 7.288863596287584
66 7.700333950876128
67 7.237042592344991
68 7.9342099169445826
69 7.532074884855292
70 8.656584152673028
71 7.613947045202281
72 7.714851365338883
73 8.617228653982725
74 6.486661064334661
75 6.100937485035379
76 6.5042672758715065
77 5.759420076079825
78 6.580633163753141
79 7.6703069132383375
80 5.807921536571088
81 6.807301178021424
82 7.583304491984353
83 5.489504193216363
84 8.37111097870586
85 6.23962276892156
86 9.181855204017994
87 8.331240600793858
88 8.116388689767392
89 9.015559596532007
90 9.630004675026326
91 9.372542012965422
92 9.177770518966533
93 8.052237894974288
94 9.449701583479005
95 7.9926692740363245
96 8.853745485205412
97 8.849577488426103
98 8.369903049279959
99 8.540966326963654
100 8.915171542939836
101 9.039948767086639
102 8.374548743180515
103 8.010460640085244
104 7.699454866924832
105 7.1614770096272595
106 5.784493044318882
107 6.499911044484496
108 7.222163805820734
109 7.618418855220067
110 8.351861583692948
111 6.564939284455815
112 6.486771139256256
113 6.521559025204546
114 7.496451861779265
115 6.533792449316333
116 6.847931346337496
117 6.341070196532755
118 6.734601987761455
119 6.427468932294318
120 6.298963288674134
121 7.864783573377544
122 6.817501327533317
123 6.651696783052655
124 6.924417975446093
125 6.748393601536931
126 6.901491321141126
127 6.85822814541904
128 8.818880176895625
129 8.13120631046318
130 5.488646668921839
131 6.438980087016292
132 9.162005573293335
133 7.6683545276119505
134 8.621491597761608
135 7.7785207320485785
136 8.491606765390406
137 8.411434632364143
138 5.942429373787973
139 6.0403149385343164
140 6.424023048587933
141 8.225013482971056
142 5.9179017996657555
143 7.614960724799822
144 9.726860617350612
145 8.290154165415242
146 8.374133710822676
147 8.485492214269549
148 9.129630342494245
149 7.781964772036993
150 8.006095275989054
151 9.974369203596165
152 8.461466024403812
153 8.05096959437048
154 8.323140198181951
155 6.972733023560385
156 8.020289913764017
157 8.05144155160356
158 8.425803645900901
159 8.921463933160048
160 7.841235398482015
161 6.365921550393287
162 4.928617004408295
163 6.617967902311435
164 7.324751079878595
165 6.259428352792444
166 5.709140642592873
167 9.066575264321392
168 7.525205320937673
169 6.0788934234945184
170 5.789510239940796
171 6.697965343736158
172 6.792719480786543
173 6.614626776936316
174 6.679283470161758
175 5.922178886423944
176 7.786358592277757
177 8.216168848928426
178 5.926407511285035
179 6.710448697227097
180 9.104385470242182
181 6.963184361743269
182 8.4770674940658
183 9.91975089029351
184 8.569473108928324
185 9.855073662541828
186 8.953288094009615
187 6.899689149044418
188 6.440569616297554
189 7.170642924506412
190 7.493518438012052
191 6.734058766932844
192 6.037976709886258
193 6.252317345079032
194 6.401489947802282
195 6.580453411764122
196 7.427980250835302
197 5.872204971075497
198 7.1464017354935505
199 7.522314683884218
200 7.325778785196708
201 6.575092697964906
202 6.66081643925036
203 6.861794777970223
204 6.2192460296449905
205 6.0055143963525035
206 6.078099720872087
207 6.191078916365088
208 6.684619057122719
209 7.8844855718067945
210 8.339501942480569
211 7.702319313672492
212 8.335343191151372
213 7.029257067335772
214 9.029494825363026
215 8.682572078939112
216 8.781011588595334
217 8.577571106454158
218 7.816128107110185
219 6.4204381735225375
220 7.837453171067609
221 9.00191396135234
222 8.787739129146491
223 8.851443802447168
224 10.115113459804796
225 10.330447998945335
226 9.217704260468789
227 8.928644552207397
228 9.91940714511204
229 8.939041314303372
230 9.080482592817505
231 8.654400556192925
232 8.136831367849858
233 8.613226850484107
234 8.864419780151595
235 9.395498406688692
236 8.875657260338619
237 8.76234740889475
238 8.992026588900476
239 8.17470407911447
240 9.550121768496325
241 8.581118589743417
242 7.936189703681389
243 8.245525036405978
244 9.387861523334466
245 9.036751518310416
246 9.179045148198114
247 9.984608786916306
248 9.778549924607349
249 8.996199887219564
250 8.790915442386137
251 8.119533333632182
252 8.486893250220442
253 9.159047295252932
254 8.501917383992547
255 10.374502496612473
256 10.53887457796361
257 10.440145273080908
258 8.871027975154238
259 8.611602252390318
260 9.73421500245379
261 9.220226069016723
262 9.285785750455732
263 8.138090740400463
264 8.663811218472343
265 9.188119838217354
266 8.566555130647732
267 9.004919930310026
268 8.796226697916131
269 8.620007305903389
270 8.244555589147483
271 10.186680363581752
272 9.147199709008468
273 9.46028752005911
274 9.408607424040284
275 8.449291547724865
276 9.752520005655674
277 9.025626789778084
278 8.809929937970757
279 10.3946067305051
280 9.84966611937275
281 9.035043051013439
282 9.918819197610734
283 7.328791340607336
284 8.22359150770796
285 9.49598258874322
286 10.183900485168612
287 9.064770523695659
288 9.465334614152258
289 10.105391835957343
290 10.52586950078206
291 11.387357055035746
292 11.295359202485203
293 10.250148760835147
294 11.448984258437509
295 10.707601478243781
296 9.443398177821313
297 11.1844069524408
298 11.127700003164145
299 10.513117443589744
300 8.520100297375077
301 9.481012518273813
302 9.482656064353463
303 9.71651895909581
304 9.091874745339958
305 10.200482758566151
306 9.17109669806823
307 7.753050614716314
308 9.006440990808386
309 9.671439747659088
310 9.289153628177415
311 9.903428294073942
312 9.979595070556767
313 9.157241459183183
314 9.629900356599114
315 10.130475929380497
316 9.769761804714753
317 8.240634390715812
318 10.61874138515791
319 11.743957377729378
320 11.353608462407543
321 12.46265754154715
322 11.674262737983405
323 11.196820987021258
324 12.238618724355732
325 11.792992066510257
326 11.137651824484731
327 11.401217895817549
328 10.997125158677711
329 10.553469268717084
330 12.116251210667576
331 11.568540369429034
332 11.795788662196037
333 11.903193082750358
334 12.597001954611537
335 11.165689341682281
336 11.438862292343279
337 12.33932264389899
338 12.006454280471472
339 11.618116747351928
340 12.176173325227632
341 11.743328459826882
342 12.17105277211481
343 11.844262686127554
344 11.83028781711396
345 12.06689037212234
346 12.69801373462539
347 12.271047428169258
348 12.211943309644273
349 12.402915021192905
350 11.406161327891004
351 12.978577409284885
352 12.87610301990479
353 12.205384311383131
354 11.611011339196054
355 11.650754116211216
356 11.942404544114204
357 12.416578801189262
358 11.995462767917527
359 12.329982995086617
360 11.278720139996143
361 12.663895410193284
362 11.915953287168
363 11.994297318845767
364 11.966117181766661
365 11.686724173205857
366 11.84653514421909
367 10.872142085921825
368 10.365084916547826
369 11.204961804803586
370 10.754525121552275
371 10.905534786504402
372 12.876245833106337
373 11.563493215980685
374 11.576720972057705
375 12.172099015938178
376 12.485206755024063
377 11.519149312833243
378 11.05524402571304
379 10.491339623151083
380 11.454206558271713
381 11.066232980823765
382 10.211420556331381
383 10.582365422366143
384 8.47126691221765
385 9.659725557626258
386 8.864239769360093
387 9.606554179114458
388 8.666384599546461
389 9.584085904891333
390 9.799650929152351
391 9.191602178331424
392 9.412849565097233
393 9.871585049851374
394 9.152303206264456
395 10.354158961930834
396 10.971163063737015
397 9.532121334761898
398 9.214292182614308
399 9.7465637263105
400 9.971527261346033
401 10.639264567897362
402 10.536199098376594
403 10.399293307884564
404 10.842022491169109
405 11.580855437449028
406 10.604376057398307
407 9.483357399871766
408 10.054879617067707
409 10.894412215878097
410 9.778691913286357
411 10.07563773168707
412 10.864771390170814
413 10.528268912110326
414 10.651116198367603
415 8.88495222817629
416 9.911308391719626
417 11.181731705007959
418 10.592653926866463
419 11.700345580748289
420 11.610608365337226
421 10.683221409537087
422 10.595846824802239
423 10.2639296969575
424 10.75473036567842
425 10.090847951488453
426 10.309931780849613
427 10.875141079107477
428 11.068425152562378
429 11.521103641923927
430 10.994615985112102
431 11.011505076030904
432 11.44925984339336
433 11.865545573700203
434 12.464667018756213
435 11.347220052066604
436 11.906373306063081
437 12.297477054105524
438 11.079364275438888
439 11.586397529392878
440 11.921579186900358
441 12.129803556835896
442 10.177000636610927
443 8.972984635790288
444 10.065496232450343
445 10.509523773866231
446 9.800183431523132
447 11.030670468440505
448 12.100341479414334
449 11.464494029465063
450 11.134494887119441
451 11.362173281515037
452 12.326512808971033
453 12.01636169866451
454 11.091490923627976
455 11.201902447805976
456 12.380697574432235
457 12.538749568446176
458 10.239045186853167
459 12.362015435372387
460 12.163886893138889
461 11.8380732914781
462 12.130759825340165
463 12.148629047627159
464 11.982843703629243
465 11.214189348962492
466 12.035411625774858
467 11.936076537119401
468 10.756561849414423
469 10.686452259914192
470 10.216103395169826
471 11.43021493817639
472 12.359038813747834
473 9.98085715924037
474 10.739631295545491
475 9.16340808940987
476 9.724616293625898
477 11.14064334139687
478 11.182024837212104
479 10.384546415670918
480 9.887510879920816
481 10.043087044956293
482 12.268239100338368
483 11.364852339985886
484 11.099762646592703
485 11.60167271619062
486 11.048253097602922
487 9.521330377907491
488 10.451838151767687
489 11.37658600964384
490 10.548863391835114
491 11.548367241137399
492 10.571420564654387
493 10.796630209208454
494 10.290665165941002
495 10.709940924264469
496 11.262897625621312
497 11.547187277238965
498 11.291640066321248
499 11.614324926647658
500 11.847762207364841
501 7.6827360118488786
502 7.188846800440852
503 7.515939576126492
504 8.817647146304612
505 10.324957677726246
506 11.418725697696157
507 9.93944447060699
508 11.08121248652214
509 10.17871713936665
510 8.96321598708566
511 10.714891544976643
512 9.255294468846055
513 8.839177965167009
514 7.625753014430745
515 9.03632644131525
516 8.786920953947925
517 9.191116239007297
518 8.54530634843102
519 5.775765751762336
520 7.191438374884208
521 7.262823137235153
522 7.05722113389448
523 6.869254781874941
524 5.557942106678409
525 7.048174079411639
526 8.265485853728753
527 6.972816516997647
528 7.223893643861239
529 10.24522167551732
530 6.94431385018953
531 7.872073306245552
532 6.828559900295771
533 7.820459083032646
534 6.487547217424155
535 6.810590343261246
536 7.2895714924287
537 6.503210184645092
538 6.25174877313165
539 6.597393789752725
540 9.742406578384143
541 9.18775518708204
542 10.783912736813216
543 7.32195502086595
544 6.488838664419868
545 6.319284911132431
546 7.5613951914573
547 10.840781102136601
548 9.770534024862371
549 12.238554446659283
550 11.364847151123886
551 11.029899669563337
552 11.647449643777444
553 12.750270955740334
554 12.652011127436339
555 12.812248662728901
556 13.19804734873909
557 12.26508120744856
558 12.717739093714291
559 12.88493658806498
560 12.867071343198788
561 12.518316916143561
562 11.949591409512601
563 11.88329405626031
564 12.612204077532237
565 11.910571917460855
566 12.15698637079205
567 11.952220053102133
568 12.395872405550648
569 12.19714733597847
570 12.772977803993623
571 12.264944220364047
572 12.022484303648618
573 11.4233400487049
574 13.276251807599593
575 13.372788351013654
576 13.132357609845144
577 12.995644994917786
578 13.405598879024781
579 12.955931726080212
580 13.380182684949894
581 13.011356808541061
582 13.434408455568342
583 13.529371678425335
584 11.607826873359219
585 11.65874173566653
586 11.360699516061723
587 11.352873491008058
588 12.31264411279309
589 13.082990276821258
590 13.678891544562704
591 13.16025174300525
592 13.265007460652603
593 12.477936350967978
594 11.82332516181273
595 11.891412342758983
596 11.67228529858802
597 11.21295041290757
598 13.152954674632895
599 13.035509694597472
600 13.273259438632493
601 13.128911270855305
602 13.053340125134959
603 12.904611288875445
604 12.862305013064715
605 13.056962063460798
606 12.894976191975987
607 12.621132269803867
608 12.692460822311299
609 12.98905730272535
610 12.79863341846863
611 12.831034133703223
612 12.989120178438215
613 13.103556797461918
614 13.253629195751188
615 12.94294388645385
616 12.762269881396398
617 13.078457223046206
618 12.991636116004326
619 12.85863814695178
620 12.631957791109143
621 13.116993862261209
622 12.599549462865445
623 12.423710666779465
624 12.942308150923564
625 13.399018480168088
626 12.965070817220608
627 13.036476426317508
628 13.021169766622233
629 12.82833263532883
630 13.215584622139486
631 13.004233441435535
632 13.123414774961446
633 12.952585125507698
634 12.813935176377466
635 12.790105180687219
636 12.700806424480142
637 12.809130159034124
638 12.971931421353263
639 13.0303792608321
640 12.977063254459068
641 12.915529888934797
642 12.58234079608039
643 12.500792800882095
644 12.806031617025553
645 12.862846892110113
646 12.119973015904714
647 12.642821701181877
648 12.074870421252463
649 12.189119609520596
650 12.626060585338536
651 12.56859077635014
652 12.627524938140954
653 13.151109667600997
654 12.45372746804329
655 12.146093910379054
656 12.457739134929643
657 12.617755862935448
658 12.84972952618081
659 12.08266662351947
660 12.733362165871933
661 12.645790402512171
662 12.555631481562571
663 11.842408534500818
664 11.763493400846501
665 11.906386403995011
666 11.227914813474994
667 11.978709482081742
668 11.857970253732557
669 12.61628847823514
670 12.625167825929614
671 13.078788408627611
672 11.852000308027943
673 12.65372516336549
674 12.416509449360122
675 12.891597387244431
676 11.700503677943304
677 12.875656235666087
678 12.889972785813471
679 12.914132367068133
680 12.488682492916519
681 11.534571894598018
682 12.244191340169465
683 12.3654015319677
684 12.270511421677023
685 12.293672877233767
686 13.041056554905675
687 12.592031623077965
688 11.69209481001337
689 12.149705685192414
690 12.633163647978769
691 13.329656210771322
692 12.907412023056722
693 13.036992863711513
694 13.181059508745344
695 13.131295761301747
696 13.216341178465902
697 13.045752383457003
698 13.12428851763134
699 11.342383788186881
700 12.90957894488385
701 13.074470363620666
702 12.906559920763753
703 12.569001088291618
704 12.960913400359878
705 12.79056709616093
706 12.778396920845893
707 12.702018771129334
708 11.86566938384612
709 12.533017840829212
710 12.286413901614845
711 12.489520734384406
712 12.666164521795304
713 12.826780146877702
714 13.170134144462262
715 12.659893942489468
716 13.256606665678937
717 13.122219191561696
718 13.42948488236964
719 13.108053875791006
720 13.273214674821636
721 12.959121535002645
722 13.067532922434344
723 12.99337370545192
724 13.161516374411686
725 13.348758676565362
726 12.86569673724498
727 13.09640085381049
728 13.491295646042623
729 12.113677168787834
730 12.196709699786469
731 12.813154706266472
732 12.857527145203726
733 12.117263392918026
734 10.658500308356448
735 11.494895370757632
736 11.15735445822475
737 11.711641853057747
738 8.983647992533252
739 9.615457218505778
740 8.722479174452328
741 8.984324196143874
742 10.0455061605938
743 9.57733528887617
744 10.288287505015063
745 11.246162188641323
746 8.456521486172281
747 8.235761019060773
748 7.829444351908685
749 9.428669272951854
750 11.915232898151103
751 11.653033377712333
752 10.096929389239275
753 10.00326457807536
754 11.448796802788126
755 11.264378862836645
756 11.889087965391806
757 12.596947762287078
758 12.95241635997613
759 11.927652697730185
760 11.666623287165974
761 11.510560041851637
762 12.2617876266285
763 12.512233725742478
764 12.42821393179335
765 12.472347911973001
766 12.111352584734613
767 12.452484220484834
768 12.887525060811164
769 12.135859859572783
770 12.588621527390275
771 11.456611716665126
772 10.194155352522554
773 11.09142242180935
774 11.137469559709183
775 11.062490853159964
776 10.857200591684188
777 10.354763520735563
778 8.883009302983487
779 8.691425529511644
780 10.92782610066489
781 11.877826722851886
782 8.64022259853215
783 7.39056139181178
784 7.495866070130751
785 9.010331568616971
786 8.71908216921545
787 9.289043589793115
788 8.760690708115288
789 9.925484740889289
790 10.034428089006315
791 8.834586721446847
792 10.346913088916091
793 7.410529841898737
794 6.999299489837327
795 9.44263610261804
796 5.746797273781123
797 7.707847729751001
798 9.308582670550873
799 10.257089103062906
800 9.519204634514045
801 11.07011106891162
802 10.035864415284134
803 9.824180834233028
804 10.331638223130284
805 8.80337543191763
806 8.825840466861687
807 9.4916890175264
808 6.605839064781003
809 8.910030595385509
810 6.577745179500093
811 5.280309252508956
812 3.681281296061777
813 3.9543084112454068
814 3.8713836261188157
815 3.4640333046857443
816 3.4063225339000387
817 6.094019759215348
818 6.884490114238134
819 5.937407078774465
820 6.861466378965838
821 8.752430011996847
822 8.647931836632537
823 7.350386590423997
824 8.73923235457929
825 7.845396625236108
826 8.482467471780955
827 9.853636821530696
828 8.27015288627726
829 8.34490540643599
830 8.452867687556939
831 8.336706602981822
832 8.797880869424722
833 8.271381270892354
834 10.250361276589341
835 10.91785315598342
836 10.025897494927554
837 11.015357406753628
838 11.279235123629972
839 9.739383619223382
840 8.389233460181849
841 8.634976623156422
842 7.9840832212594295
843 8.900796259221801
844 9.976425169114897
845 10.680862018612801
846 10.673572848831748
847 11.593549820805578
848 10.583346528209924
849 11.539973268150963
850 7.817451460545633
851 8.485349831196038
852 8.528236319135697
853 10.44087345762099
854 8.746746038887018
855 8.826341690633859
856 7.817859193454836
857 9.82459242073349
858 10.812061036782525
859 9.148549194158345
860 7.487024533926698
861 7.72987151570404
862 7.221955421265046
863 8.78842210215185
864 9.303710156712791
865 10.54343672834437
866 9.513760865118464
867 10.183594611721146
868 9.100869858207483
869 8.077177281974091
870 9.094735020281329
871 8.788305843530207
872 7.864826211372085
873 9.153897512241116
874 6.3421064797002735
875 7.791061383343216
876 7.341815442598433
877 8.387227287216268
878 6.349262874529839
879 6.154891158325147
880 7.4037140574911
881 6.085678805061026
882 8.862265153038802
883 7.005229627402088
884 10.938465285035795
885 11.80887297001572
886 11.312031640248552
887 10.270381488807928
888 10.990860376159079
889 9.418975715115584
890 8.752392962313287
891 11.06127280429443
892 8.6682934572065
893 10.020392938667014
894 11.033944817452767
895 11.346800241317025
896 10.52206582411701
897 12.448239344859443
898 11.343719916807727
899 10.697216168897855
900 10.36335818445465
901 11.243201712464733
902 11.215692611590493
903 11.363818488467732
904 10.801108000019823
905 11.036756705026127
906 11.951626428928131
907 10.054140059793845
908 10.321201664437034
909 12.342484955917042
910 10.347841976293498
911 9.550666344536943
912 9.133298564942502
913 8.995208389377453
914 11.021074108923722
915 11.711083681384475
916 10.698451993558594
917 10.035382049719995
918 8.890302849767007
919 10.64089457992711
920 10.349896347593806
921 11.959856983186395
922 10.19336069992383
923 11.93622119225332
924 9.133490022135454
925 9.551678003746623
926 11.171672172770718
927 10.631790192501043
928 9.376253352667872
929 11.056950253494875
930 10.304139699194156
931 8.31066013700007
932 10.994688000300947
933 11.738196858424809
934 11.603841183254247
935 9.455767799291834
936 11.97724457105242
937 11.591940819367535
938 8.875535982908234
939 8.472547663891511
940 6.921823584706774
941 6.8175118391136005
942 7.553644013556103
943 9.705869940844153
944 11.67910746272102
945 11.801677561625157
946 11.334448325680123
947 11.041481558006481
948 11.783485476876091
949 11.13936145352017
950 8.461962619646382
951 10.321773943782466
952 11.836356335100419
953 10.922642087859916
954 11.91598533485403
955 12.259185567872608
956 11.75145784805124
957 11.958857941198826
958 11.01904647555073
959 11.41587251936116
960 11.738999396477698
961 11.408304825548111
962 11.739184603593337
963 12.846398803270548
964 11.661385821867169
965 11.55679517322275
966 11.422540451949564
967 10.885207027955408
968 10.416185792690428
969 11.20836186206524
970 11.974971841338368
971 11.381821741713852
972 10.795880969945115
973 11.282382782891128
974 11.041274976291554
975 10.951133642162239
976 10.626439981813888
977 10.107452140934768
978 10.529507202452281
979 11.789704274461155
980 11.40611467096189
981 10.968479592292631
982 11.139698380740384
983 11.016709249379346
984 11.475190561576701
985 11.558968109830689
986 11.676167792800676
987 11.57459187833341
988 11.780411117799076
989 11.704696448084338
990 10.969653960565541
991 11.041714368147113
992 11.12597154519204
993 10.95030104133986
994 11.061819813690322
995 11.048302834225431
996 10.048223472314213
997 10.699748965414882
998 10.577107928457016
999 10.135250349471358
1000 10.78717270955706
1001 10.133529656386607
1002 10.236125381145515
1003 9.602222253323275
1004 9.29090237218385
1005 11.494380794613155
1006 10.621544590007572
1007 12.134546410398409
1008 10.079342870287453
1009 10.879709223982953
1010 10.697358741654163
1011 10.744335695408077
1012 10.879160520328083
1013 10.88666370067794
1014 9.811933309754114
1015 11.810718521502944
1016 11.025869547522529
1017 11.28608186661833
1018 11.213941317929423
1019 11.190301135221105
1020 10.586502282963394
1021 12.429649239896834
1022 11.363523640106473
1023 11.738015720368722
1024 10.743555004216168
1025 11.816962643073998
1026 11.518593707770421
1027 9.935937921275773
1028 11.800516336095859
1029 11.677518544865125
1030 11.419864079870461
1031 9.898080354202273
1032 11.100671596839279
1033 11.1825555424184
1034 11.398271615201722
1035 11.191860004950115
1036 10.034975050216607
1037 11.78619514209538
1038 10.799297586139987
1039 11.167726573480032
1040 11.327017222269314
1041 11.194529348624368
1042 11.532446896941499
1043 11.364482558014386
1044 11.696607898871616
1045 12.078291515362903
1046 11.475226608624327
1047 11.625530349842833
1048 11.38362142136645
1049 10.939546303040467
1050 11.918628906328983
1051 11.77060921522923
1052 11.586989222344137
1053 11.263012881818296
1054 11.343101260748153
1055 11.323942023384888
1056 10.91053803802712
1057 10.702063939970033
1058 11.251958662992456
1059 10.461702213074567
1060 11.287096999937198
1061 10.63980199389993
1062 10.488132690877638
1063 11.45016141538092
1064 11.909034580782295
1065 11.953256364347995
1066 12.19943136813689
1067 11.897421786548037
1068 10.837300818058836
1069 11.07641539691002
1070 10.927497826291479
1071 11.968888670320245
1072 11.99736065438624
1073 11.628492835770896
1074 12.249444394478484
1075 11.223198773225585
1076 12.382207675426905
1077 11.364033716827644
1078 9.603058560943783
1079 11.480006324433665
1080 10.637716515723357
1081 10.865770377331163
1082 11.516748347217959
1083 10.284648621656672
1084 11.426717224841571
1085 11.393851369430934
1086 11.895215898421474
1087 11.648041814795548
1088 11.173372583844584
1089 11.357557720962896
1090 11.370603273393941
1091 11.947162277664123
1092 10.115015639529677
1093 8.715135987425107
1094 9.983727830691521
1095 10.087583715496143
1096 10.475612247423687
1097 11.418586900871
1098 11.577098808857274
1099 11.78233009479688
1100 11.769501273559392
1101 11.635362072192903
1102 12.444707711617692
1103 11.456797381829338
1104 11.919625464199248
1105 12.46730060997195
1106 11.601782880738321
1107 11.869949317929912
1108 11.731998304250784
1109 11.455337793798872
1110 12.747258617485766
1111 11.920566671356756
1112 11.896779057466206
1113 10.474487700722145
1114 10.94881874509064
1115 9.622487879131288
1116 10.424301945457168
1117 11.656204615395358
1118 12.16508452417581
1119 11.350298430306054
1120 11.936799878725436
1121 10.996159992367623
1122 10.292088819066677
1123 8.91493546110778
1124 10.427108032141476
1125 10.203702949377728
1126 12.057635393620545
1127 10.176346345865412
1128 9.710535723791654
1129 9.457295276214689
1130 12.843571599064507
1131 12.689144848761813
1132 13.056852251683193
1133 13.34182709981616
1134 11.51471877137665
1135 12.740191649413955
1136 11.550336619041687
1137 12.240052341108418
1138 12.493890139680323
1139 11.986379091409669
1140 13.117378500107401
1141 12.149842638300907
1142 11.198908105099123
1143 10.873610471878425
1144 10.095098024172977
1145 9.474301501924337
1146 10.0081928074212
1147 9.897664687426587
1148 9.477601809797994
1149 9.608401713150796
1150 11.863990916962402
1151 11.268927372628404
1152 11.348877330038272
1153 10.911023132694853
1154 10.269384295712502
1155 9.343094954089858
1156 9.438683638368811
1157 11.06377043572593
1158 10.56880894194752
1159 10.59647508688969
1160 11.802323978775272
1161 10.211999406077855
1162 11.766739553074187
1163 10.272491733676725
1164 11.198276559509916
1165 9.92933624308777
1166 10.375214806307804
1167 11.417055703785824
1168 12.485308256217042
1169 11.444251240822476
1170 11.43867639292852
1171 10.82041328235285
1172 11.565844162130567
1173 11.450956601072246
1174 10.363783527036775
1175 11.099290446175177
1176 11.090708299506886
1177 11.79094801949587
1178 11.547399357693276
1179 11.531916015094751
1180 11.434038081425898
1181 11.231741616552876
1182 10.988136052781169
1183 9.946290972974964
1184 11.243056602316628
1185 9.86338839805237
1186 10.425322852517079
1187 9.939435981345907
1188 11.28615651024706
1189 10.556939731572827
1190 7.932510154711235
1191 10.072265241204697
1192 10.871211812564587
1193 10.791409020185048
1194 11.146085332683509
1195 11.378909482426653
1196 11.345143924101556
1197 10.069406971932985
1198 12.195384263248476
1199 12.031942235046314
1200 11.966558528552802
1201 8.862440027397815
1202 11.90753008610601
1203 10.390456918984528
1204 10.379559362716888
1205 10.615047858509628
1206 9.342842719527509
1207 10.502688028710923
1208 11.259949206420965
1209 10.245775144728597
1210 10.05061517310867
1211 9.474240836661469
1212 10.932930798410496
1213 9.168913415145104
1214 7.477053578121981
1215 8.360861854710759
1216 6.994617358370014
1217 7.059546753154971
1218 8.549209331058604
1219 8.654625692041456
1220 9.307806826557048
1221 9.188195281346426
1222 7.718264367466829
1223 9.214243124015333
1224 8.29007208720234
1225 9.975547395173704
1226 9.480034432213108
1227 8.850791055128587
1228 8.694208862449338
1229 9.007959493300866
1230 8.831328803098476
1231 9.147886732295657
1232 9.645786419432197
1233 8.720684151302965
1234 9.014654880021602
1235 9.05789067761532
1236 8.9935410520781
1237 8.004007552754132
1238 7.718053062913551
1239 9.583819809486858
1240 8.748136951108158
1241 6.709115264584092
1242 8.332070522622104
1243 7.831885302216811
1244 7.539888109512314
1245 7.297486938119352
1246 7.640643190885435
1247 7.9505797550477455
1248 8.877921435038225
1249 7.883890617783763
1250 6.591772659567479
1251 7.938013879018526
1252 6.908338477625636
1253 6.681089991301475
1254 6.70360363369123
1255 6.404922947401071
1256 7.357687109643375
1257 9.019159333548275
1258 6.037200110380433
1259 9.07589538082906
1260 8.209732385505713
1261 10.249583653689871
1262 8.601490712519366
1263 7.681550761226742
1264 8.869483899479878
1265 8.236651508079497
1266 8.500860684071794
1267 7.4948602241683675
1268 7.850325745089787
1269 10.66181473264993
1270 10.869262304525101
1271 10.481045019691662
1272 9.145719393041432
1273 7.314899924813746
1274 8.13002617170194
1275 7.864832545752437
1276 8.362679658208714
1277 9.099447968621835
1278 10.311895863219338
1279 8.58984611309223
1280 9.476121618985502
1281 9.05968069185597
1282 8.035735191513918
1283 10.80616257531031
1284 7.162948589712856
1285 6.53917598656075
1286 7.454797849224999
1287 8.64425570275723
1288 6.951870289138356
1289 7.56320363677772
1290 7.923206108677733
1291 7.096803862211325
1292 6.819119364887536
1293 7.036114744292585
1294 7.3249122533866196
1295 6.7371325758399925
1296 6.742048367106019
1297 6.81052469485687
1298 7.1178544988321235
1299 6.863194828709323
1300 6.402213072399811
1301 6.789479486703227
1302 9.4193421875446
1303 9.065639256138189
1304 10.315624349167514
1305 9.986482127720722
1306 12.273920813303903
1307 11.84332396270275
1308 10.7961767396541
1309 11.335676054019993
1310 10.793024303772105
1311 10.74474343309865
1312 11.67481648275984
1313 12.056402251666533
1314 11.292809638439882
1315 11.155525900711345
1316 9.58407990560717
1317 8.544513226212782
1318 10.551323365342418
1319 10.855022842812122
1320 11.500177748765909
1321 11.31548861757653
1322 11.214722432032303
1323 11.187718069624225
1324 11.473470235991087
1325 11.826140185105436
1326 11.588445504348307
1327 12.34178283604026
1328 11.959390781596447
1329 12.026829598276699
1330 12.049679147940054
1331 11.617565428464806
1332 10.196157623472324
1333 11.218034942260099
1334 12.381526773796397
1335 12.24675160575783
1336 9.619863900819489
1337 10.934123666575578
1338 10.447966703766545
1339 10.705542472675228
1340 11.62621827358462
1341 11.10510515345222
1342 12.306098481864566
1343 11.816207408281093
1344 10.998098202708274
1345 11.58608142401187
1346 11.112554099280795
1347 10.638594459800249
1348 10.882311922112889
1349 11.621171269306602
1350 9.985213231619186
1351 9.200779317421516
1352 10.301126179341656
1353 8.329998918578028
1354 9.504691670813154
1355 6.883369478977501
1356 8.763175982685237
1357 10.61593579613824
1358 8.103299332787259
1359 9.527962044546172
1360 9.67154688581529
1361 9.840513719081052
1362 8.71861599441106
1363 10.539025418262149
1364 8.799162323946891
1365 9.664183960691847
1366 8.199748406738953
1367 8.745500221640018
1368 10.506049511047074
1369 9.106132576174886
1370 10.722922449415805
1371 9.475479832663886
1372 9.823915076575512
1373 8.685606659877404
1374 9.100837281740763
1375 8.905380250049747
1376 7.765599147157725
1377 8.471872667179463
1378 6.471672641987489
1379 7.319962561014223
1380 8.206615131940195
1381 8.481706211048513
1382 8.999862845016711
1383 9.797057101287194
1384 7.128866766052431
1385 7.857057210113284
1386 8.580722570603115
1387 6.643953616619884
1388 5.936015927723052
1389 7.898769771876191
1390 6.9692043830096795
1391 7.1154575942016
1392 6.626742302371136
1393 6.275071299259978
1394 6.508101142036797
1395 6.813492951078725
1396 7.286689240015201
1397 7.191567923392303
1398 9.594399911766812
1399 10.092186921339268
1400 9.005893935304826
1401 10.998557162893448
1402 11.35124682725633
1403 11.07481516335573
1404 11.432582694219967
1405 11.545791901217179
1406 12.674001950703568
1407 11.313443174094134
1408 10.909502783248382
1409 11.323837396087542
1410 11.554188956553151
1411 12.012255779707163
1412 11.737686563293261
1413 11.834566677473656
1414 10.757147492017646
1415 11.12249594975707
1416 10.847257691826446
1417 11.275808878375456
1418 11.315621397386693
1419 10.65250083223004
1420 10.559178677067736
1421 9.370768984487434
1422 10.438041711460468
1423 10.530862702433783
1424 9.524524451401078
1425 9.199532369100716
1426 8.825777278354556
1427 9.170517670841912
1428 10.077521934615183
1429 12.071748256559642
1430 9.707832884655794
1431 8.836802317750777
1432 11.019775661220816
1433 7.743702576249948
1434 9.143113584805162
1435 9.628172832636782
1436 11.155289041818412
1437 11.666299203701538
1438 11.2984729560477
1439 11.3520796861786
1440 10.896759270077952
1441 10.185367114561444
1442 12.443340618543207
1443 11.024319889437884
1444 12.16581401403876
1445 10.90118125951851
1446 11.11318230327951
1447 11.425413919072778
1448 12.391499402274725
1449 12.118112709160346
1450 12.281548176525147
1451 11.815492163723004
1452 12.533461401370502
1453 11.483242482187372
1454 11.73829260149921
1455 10.848614467766586
1456 9.425143690471817
1457 10.568374307647497
1458 9.677653294988747
1459 10.944470970719369
1460 11.80625935608821
1461 11.327627336869824
1462 10.299544867973882
1463 10.499317019867616
1464 10.114874427783338
1465 11.13422512930973
1466 11.15485523532908
1467 9.941590920394972
1468 10.381431272136489
1469 9.813996783787177
1470 9.276534399071647
1471 10.090854598741306
1472 9.391493661311758
1473 9.651767803456314
1474 10.948626319187783
1475 10.05170811319173
1476 10.352791493259705
1477 11.075390954553532
1478 11.12431645168081
1479 10.97452048979136
1480 10.512535775420643
1481 9.465999079914715
1482 10.336357178524915
1483 11.387304461578873
1484 10.667915861474688
1485 10.954688881789746
1486 10.186101972106789
1487 8.786944046842821
1488 8.699861408294359
1489 9.640594558869342
1490 10.552566860882008
1491 9.737197088409728
1492 10.272099332538236
1493 10.928628635329144
1494 11.30835150921889
1495 10.481915247396785
1496 10.890371921204148
1497 10.689193751137074
1498 10.738795925628654
1499 10.99755161954784
1500 10.784199881419458
1501 10.961792197024797
1502 10.889187811051148
1503 11.052230236270683
1504 8.265960154268612
1505 10.45094478147218
1506 10.916109261417269
1507 10.87533918196581
1508 10.431238812566843
1509 10.634117542606825
1510 8.889765940725454
1511 10.63631968762836
1512 10.363647956140284
1513 8.474515281926134
1514 8.767347356299416
1515 10.40987756303346
1516 11.00256501831788
1517 12.0281798217216
1518 12.352640779205222
1519 11.951067277279376
1520 11.758578906888784
1521 11.816446112526412
1522 10.249253536026973
1523 10.04885156885932
1524 11.331789243198672
1525 10.824590942423155
1526 9.926708318569048
1527 7.341525303474516
1528 9.153737052349856
1529 10.847552957285474
1530 10.79070887477095
1531 9.514593471823186
1532 9.93791210766034
1533 10.038782396008681
1534 9.807243857862625
1535 10.72687686318537
1536 10.278343922853818
1537 9.689843627109397
1538 11.116972680531068
1539 9.67188573553884
1540 8.315690815024004
1541 10.717612267525476
1542 10.62472113901656
1543 11.433085256465569
1544 10.376513447399521
1545 10.356659100328995
1546 10.788516840522322
1547 12.43263729581839
1548 11.887215931078458
1549 11.903218909369453
1550 11.996268612387265
1551 11.53072980817361
1552 9.501607617287032
1553 9.171937767503286
1554 8.760108891373372
1555 10.177760364163527
1556 12.073611961284632
1557 10.630877104763748
1558 12.062994367513513
1559 12.740701826904079
1560 11.172082082181657
1561 11.243576551393588
1562 11.335976861062385
1563 10.362836615626273
1564 10.650329186129587
1565 11.24722257943294
1566 11.179500905092732
1567 11.17376678085028
1568 7.939138198541249
1569 10.005983259217148
1570 10.93432596441244
1571 10.04403593503531
1572 11.487852930522328
1573 11.548369875723697
1574 11.088319381271189
1575 11.618959391960427
1576 11.709280256147187
1577 8.917035042343088
1578 8.768523133231104
1579 9.218584613193885
1580 11.057166193067042
1581 11.267469501475402
1582 10.879528742939815
1583 10.778526443780324
1584 10.923675555723182
1585 11.9036944755232
1586 11.591805878089854
1587 11.469347158472052
1588 11.081869244991818
1589 10.831870455094764
1590 10.79127340382759
1591 11.52291828542812
1592 11.167918661681018
1593 11.44561190167729
1594 11.881231347432786
1595 11.227584770728994
1596 11.125712866209014
1597 10.877251240027114
1598 10.723708930505227
1599 11.01801716402159
1600 11.08662872505962
1601 10.882874545582586
1602 11.721465034039877
1603 11.436874919545216
1604 11.127120844717059
1605 11.060710559300109
1606 11.727850071341177
1607 10.706798542415216
1608 10.011776597075718
1609 10.55578794507797
1610 10.95889186488649
1611 10.879438770757627
1612 11.314148885301138
1613 10.390326895498518
1614 9.992662791648472
1615 9.58259766190833
1616 8.949288381717457
1617 10.385817124243852
1618 11.29975481827853
1619 11.980320623380567
1620 12.121926548893942
1621 11.379221753850498
1622 11.796123682469132
1623 12.289979185565604
1624 10.625956416035086
1625 9.10133443900227
1626 9.917025840963472
1627 11.265170248446431
1628 10.636681918203712
1629 11.88407447063014
1630 9.51428110699935
1631 11.227949014258245
1632 11.377152058523123
1633 11.306146991580272
1634 10.899013471108244
1635 10.826476873087845
1636 9.87054511905259
1637 10.636213584060775
1638 12.314534609663337
1639 11.460071404497844
1640 11.34015797738354
1641 11.655101181981326
1642 11.575500621675843
1643 9.576383957122392
1644 9.439579332587739
1645 10.170251136922307
1646 11.141652524363531
1647 11.72220274968449
1648 11.27134108480594
1649 11.826438382567384
1650 11.959808924282097
1651 11.523617403091603
1652 11.750694128935839
1653 10.10001706588884
1654 11.765137241046173
1655 11.666305574687152
1656 11.4488628976003
1657 11.572243687541135
1658 11.465266512444044
1659 12.555824673036875
1660 9.051010386335927
1661 7.031393834277533
1662 7.311536779408494
1663 7.782838172529962
1664 7.868169271896582
1665 7.6994417411497595
1666 8.390294979755478
1667 10.229802819825528
1668 11.354191193226717
1669 9.150215912493715
1670 10.29846533898429
1671 8.632776758545896
1672 5.333310922309355
1673 7.560675709075978
1674 6.977115784182903
1675 9.270397988707877
1676 7.402803596803545
1677 7.909015353507353
1678 8.690707593273594
1679 11.101300074259107
1680 8.565285805068658
1681 3.8250089122945257
1682 9.041441663385276
1683 9.680404752777653
1684 11.459957658509172
1685 11.385051076187773
1686 9.714486205053783
1687 11.86427050565618
1688 9.990532950808447
1689 11.714654560353182
1690 12.159171018049445
1691 10.80417041295136
1692 11.3355984119541
1693 12.053868014604
1694 11.129528861308676
1695 10.873432838489755
1696 11.211752835549449
1697 10.331525763605168
1698 10.113241364902136
1699 11.263383193002317
1700 11.410225318949234
1701 8.293939847814913
1702 9.8787354098842
1703 10.40797615484469
1704 9.786130572945671
1705 11.049537353160273
1706 9.340748082399005
1707 9.303514609606722
1708 10.273194288763598
1709 10.447200500155569
1710 8.892190626893676
1711 9.386324360089146
1712 8.696996723934543
1713 9.842408370282808
1714 8.811587387508503
1715 7.170624454474528
1716 9.271056924206075
1717 8.222279784147437
1718 8.259780636545642
1719 9.079688550548864
1720 11.220168597721324
1721 10.760846793304925
1722 10.810294578266626
1723 11.60601493183797
1724 10.48084999910236
1725 7.916449070319298
1726 11.003318805846778
1727 10.673741120445007
1728 10.933462681510335
1729 10.548538246179659
1730 10.66031392092861
1731 10.588143566731063
1732 10.937123136603663
1733 10.117347812147848
1734 9.602185557570069
1735 9.58070694074277
1736 11.557687539270724
1737 9.651362677771584
1738 10.289130111612593
1739 10.438890803599485
1740 11.350681971138702
1741 10.340630887413996
1742 11.154108905695654
1743 10.261390549265391
1744 10.868138132605695
1745 10.449982982808224
1746 10.498872037059927
1747 11.089290847853754
1748 10.900634915632043
1749 9.752623718050456
1750 9.877067692100427
1751 11.236124465844343
1752 10.983622638798014
1753 11.528450307071978
1754 11.031760791802423
1755 11.982455997149655
1756 10.956490648373547
1757 10.708943804777078
1758 10.761177939713232
1759 10.44172032431442
1760 10.64365108093704
1761 9.442024591854944
1762 10.852463143430302
1763 11.349485906757936
1764 9.821475550709648
1765 10.220821541967917
1766 10.123383620225491
1767 10.963932863658568
1768 10.006998203689367
1769 11.378750581786266
1770 10.448626904435855
1771 11.590983054384745
1772 9.588977352501407
1773 10.666013959087575
1774 10.601942415624139
1775 10.919230795600365
1776 10.40407769117843
1777 10.748852126945904
1778 10.39264147118085
1779 10.782278164235212
1780 11.45900064872601
1781 11.089398089342257
1782 11.558024874896715
1783 10.227957386693781
1784 10.40098410348521
1785 10.450997998402615
1786 9.983241730946903
1787 9.532882146722901
1788 9.703662740577572
1789 9.7802417936934
1790 9.86573355023146
1791 9.840038537039234
1792 10.874262101622076
1793 11.101845536097168
1794 10.05533331310762
1795 10.718531640795472
1796 9.750733434514617
1797 9.538848469679449
1798 9.680346998415844
1799 10.916946414252045
1800 9.718706850829312
1801 9.441240030896335
1802 11.188870574808888
1803 11.310844583124899
1804 10.626232221103281
1805 10.436288536514624
1806 10.934334237525922
1807 11.126062049228768
1808 11.729847043332043
1809 12.195479274229804
1810 10.582955965428491
1811 11.529537189678576
1812 11.52134927433456
1813 9.13152458650982
1814 12.281819819661804
1815 11.419854123371211
1816 11.848523568119823
1817 9.593818343147827
1818 10.616213950409541
1819 10.986553853234083
1820 10.505067346672837
1821 11.706691390788302
1822 11.715771420782676
1823 11.598057553314579
1824 11.656384923893816
1825 9.562724734618454
1826 11.25908248638116
1827 11.304802686127283
1828 11.996929124130133
1829 11.910702833529623
1830 12.123242222129628
1831 12.069188372052665
1832 11.002771289039732
1833 11.366876326784935
1834 12.064427294696687
1835 11.729017764955438
1836 11.450043376714227
1837 9.757831778354161
1838 9.547143389481162
1839 10.778584317632342
1840 10.977639143945675
1841 11.37649283785617
1842 11.045312802089526
1843 12.150005137822754
1844 11.795914675353876
1845 11.134870897209233
1846 12.571228062108158
1847 10.719480977859506
1848 11.732717603125568
1849 11.95628024987441
1850 10.764350851079413
1851 10.06945462133492
1852 9.63914634391017
1853 8.222503400068232
1854 8.524605332624217
1855 6.580464890346636
1856 7.200469453815995
1857 7.630240456067729
1858 10.273258683218938
1859 9.590532547449438
1860 8.64404492357803
1861 6.843602916695553
1862 9.147404463374476
1863 10.024573378052501
1864 9.961887433434983
1865 10.561491906211659
1866 9.622133218682134
1867 6.900626768264948
1868 8.029992433207093
1869 8.74067944837753
1870 9.638944105210884
1871 9.92831663609656
1872 10.265445932020675
1873 8.39294755366804
1874 8.533585886346161
1875 9.699814822916196
1876 9.993313152333776
1877 10.004449712249231
1878 10.685010256259021
1879 9.478299555361446
1880 10.043017359488086
1881 9.461824537999094
1882 10.647764298521887
1883 10.660375907519438
1884 9.90592942701989
1885 10.641654779913386
1886 10.229572072447102
1887 9.46180420404592
1888 9.648650998836503
1889 9.471380250897194
1890 8.331938865089374
1891 8.23766400519733
1892 8.288635572106635
1893 9.676502633527472
1894 10.259146260571697
1895 10.77402671723883
1896 9.313138724903515
1897 11.479034665030373
1898 11.347014678650613
1899 11.481733162294999
1900 11.305822331641362
1901 11.42383517234234
1902 11.988290602579742
1903 10.880518043175693
1904 11.814802354981069
1905 10.436649370855429
1906 11.912978668744039
1907 11.811256216044764
1908 12.692896239713528
1909 11.124820957899173
1910 11.568262513930948
1911 8.61963305709617
1912 8.275504780003745
1913 11.18287524627355
1914 11.675195875595676
1915 11.326845604086756
1916 11.310447998144502
1917 11.328100020106495
1918 11.832970156029198
1919 12.247083585492112
1920 11.676740393810922
1921 11.670923667028678
1922 11.251636341838976
1923 11.68910481181471
1924 12.098927206717661
1925 11.959242372514927
1926 11.997939847625357
1927 11.768921106038416
1928 10.99540279927474
1929 11.80576111277538
1930 12.11532236909795
1931 11.562001210228242
1932 11.450831110242692
1933 10.785272676270447
1934 11.382775839344667
1935 9.658385536655754
1936 10.729339812287183
1937 10.976171708483461
1938 10.774613077043613
1939 10.345797897932528
1940 9.965058629433203
1941 10.726342943591906
1942 11.166803851439056
1943 10.27956268337036
1944 10.917154311684849
1945 10.228813985618231
1946 10.31082071287308
1947 10.754482609759632
1948 10.539291461096104
1949 11.086526808445997
1950 10.955653874048057
1951 11.011702134254413
1952 11.170250864912653
1953 11.560515918008962
1954 11.037990873132554
1955 10.562373983472053
1956 10.997469874265478
1957 10.307009501854473
1958 11.111509047162636
1959 9.250851297620425
1960 9.720886882755805
1961 9.179891804975021
1962 11.818296100167837
1963 10.971475846641614
1964 11.164331890001215
1965 9.426318997567284
1966 8.265425524006602
1967 7.982847577360821
1968 10.662115686606294
1969 11.359234397117872
1970 11.553240197769094
1971 9.180369953676285
1972 9.838693881201156
1973 11.387572245632429
1974 11.395225841761452
1975 10.34583396943136
1976 11.500157047490843
1977 10.276795556882785
1978 11.791219582627408
1979 11.970584990646108
